194501,19.93548387096775
194502,26.958928571428576
194503,46.64999999999999
194504,49.931666666666665
194505,55.838709677419374
194506,65.07166666666664
194507,73.25161290322583
194508,73.56774193548385
194509,64.11999999999999
194510,52.68387096774195
194511,38.248333333333335
194512,19.208064516129028
194601,25.101612903225806
194602,31.664285714285715
194603,49.29354838709678
194604,56.89333333333333
194605,58.83225806451613
194606,72.9533333333333
194607,77.43225806451612
194608,70.93387096774195
194609,66.68333333333337
194610,58.89677419354841
194611,40.885
194612,32.46451612903226
194701,28.09677419354839
194702,19.691071428571437
194703,33.09354838709676
194704,49.92500000000002
194705,57.62096774193547
194706,68.67166666666667
194707,76.48275862068965
194708,82.72368421052632
194709,68.7
194710,61.741935483870975
194711,33.783333333333324
194712,28.416129032258063
194801,17.217204301075263
194802,23.02241379310345
194803,32.66236559139785
194804,53.760674157303356
194805,59.64139784946237
194806,69.53960396039601
194807,75.14716981132072
194808,73.86698113207547
194809,67.71874999999997
194810,50.82811059907834
194811,39.451428571428565
194812,26.11336405529955
194901,18.334008097166
194902,20.265625000000007
194903,34.56814516129031
194904,49.744583333333296
194905,63.982661290322596
194906,73.32436974789914
194907,77.02975206611569
194908,73.62782258064517
194909,59.53166666666666
194910,55.21591836734693
194911,41.048333333333325
194912,27.75967741935484
195001,19.283870967741937
195002,22.53968253968254
195003,31.00394265232976
195004,42.47259259259259
195005,60.19247311827953
195006,69.01040892193306
195007,70.64301075268818
195008,68.17419354838712
195009,63.388104089219325
195010,57.30800000000001
195011,32.81518518518518
195012,19.17992831541219
195101,18.86276595744681
195102,23.992857142857144
195103,27.911059907834098
195104,44.242583732057426
195105,62.25622119815665
195106,65.60285714285712
195107,72.23148148148142
195108,70.42232558139534
195109,59.92476190476186
195110,51.74837209302324
195111,30.690000000000015
195112,21.335483870967735
195201,20.961751152073727
195202,30.899999999999995
195203,31.84055299539171
195204,50.44832535885167
195205,60.127649769585226
195206,74.65841584158417
195207,75.50380952380955
195208,70.6027649769585
195209,64.73476190476191
195210,47.450230414746535
195211,38.977142857142844
195212,27.161290322580633
195301,23.324884792626722
195302,28.186224489795904
195303,36.66820276497695
195304,44.29476190476192
195305,59.81078431372547
195306,73.74277777777777
195307,75.32087912087911
195308,74.14569892473118
195309,65.43722222222222
195310,58.04032258064514
195311,41.13222222222221
195312,28.241397849462363
195401,19.07634408602151
195402,36.414285714285725
195403,32.35698924731182
195404,52.235
195405,56.30752688172043
195406,73.43388888888886
195407,77.40161290322581
195408,72.20913978494623
195409,66.56666666666668
195410,51.75645161290325
195411,40.911666666666676
195412,28.03655913978494
195501,21.339743589743595
195502,21.030714285714282
195503,33.27225806451612
195504,56.60266666666664
195505,64.25741935483869
195506,67.762
195507,79.98129032258063
195508,77.67999999999999
195509,66.78266666666667
195510,52.841290322580655
195511,30.63933333333332
195512,19.933548387096774
195601,18.971612903225807
195602,23.06344827586207
195603,33.27354838709678
195604,46.32399999999999
195605,62.15870967741933
195606,75.21666666666664
195607,72.94967741935487
195608,73.37161290322581
195609,63.39466666666667
195610,59.26838709677422
195611,36.94533333333335
195612,27.88193548387096
195701,14.687741935483873
195702,29.310714285714287
195703,35.14322580645162
195704,49.30733333333331
195705,58.84774193548386
195706,69.34866666666667
195707,77.8458064516129
195708,72.82580645161293
195709,61.146
195710,49.8890322580645
195711,35.67799999999999
195712,30.791612903225804
195801,23.17161290322581
195802,16.677857142857135
195803,34.014838709677406
195804,49.501333333333314
195805,63.27290322580648
195806,65.90599999999999
195807,70.57870967741935
195808,73.17999999999999
195809,64.48533333333334
195810,54.735483870967755
195811,39.94866666666666
195812,20.40709677419356
195901,14.599354838709678
195902,20.754285714285714
195903,34.41032258064515
195904,48.91866666666666
195905,62.607096774193536
195906,72.23266666666669
195907,73.08645161290322
195908,76.07290322580647
195909,64.062
195910,48.03483870967742
195911,29.119999999999994
195912,33.08062015503876
196001,20.928387096774184
196002,20.136551724137938
196003,21.27612903225806
196004,50.63533333333334
196005,59.58193548387096
196006,67.92733333333331
196007,73.65354838709678
196008,73.53999999999999
196009,65.95
196010,52.92
196011,39.37533333333333
196012,23.66451612903226
196101,18.829032258064515
196102,27.980714285714292
196103,36.09612903225806
196104,43.575333333333326
196105,58.038709677419355
196106,70.48466666666666
196107,72.92516129032258
196108,72.72903225806452
196109,62.43933333333333
196110,53.615483870967715
196111,36.91800000000001
196112,20.12129032258064
196201,13.855483870967742
196202,21.182857142857145
196203,28.52129032258064
196204,48.19066666666665
196205,66.39806451612901
196206,69.57266666666665
196207,71.97935483870968
196208,72.5567741935484
196209,61.397333333333314
196210,55.017419354838715
196211,39.305333333333344
196212,24.059354838709666
196301,9.27548387096774
196302,18.925000000000004
196303,39.00129032258063
196304,51.657999999999994
196305,59.74645161290323
196306,73.64066666666666
196307,74.8774193548387
196308,71.15548387096773
196309,64.78133333333332
196310,62.38129032258065
196311,41.881333333333316
196312,14.054838709677416
196401,26.114193548387103
196402,26.88620689655173
196403,30.987741935483875
196404,48.930666666666646
196405,65.32000000000001
196406,70.53533333333333
196407,76.60838709677417
196408,69.58838709677421
196409,62.950666666666656
196410,50.48193548387097
196411,40.747333333333344
196412,21.839354838709685
196501,17.934193548387096
196502,19.945000000000004
196503,24.182580645161295
196504,47.84866666666666
196505,64.78129032258065
196506,70.14733333333335
196507,74.31032258064515
196508,71.35483870967742
196509,60.22000000000001
196510,54.006451612903234
196511,39.52866666666667
196512,33.498064516129034
196601,12.530967741935486
196602,22.970000000000006
196603,39.123870967741944
196604,45.954
196605,57.46516129032257
196606,70.436
196607,77.54322580645162
196608,70.4916129032258
196609,62.61066666666666
196610,51.459354838709665
196611,37.92000000000001
196612,24.59935483870968
196701,22.474193548387095
196702,20.104285714285716
196703,37.554838709677405
196704,49.264666666666656
196705,55.54451612903225
196706,68.79800000000002
196707,71.0283870967742
196708,67.98322580645161
196709,61.06933333333333
196710,50.12129032258063
196711,34.656666666666666
196712,26.701935483870976
196801,19.47225806451613
196802,22.144137931034475
196803,41.58516129032259
196804,50.68733333333333
196805,56.53870967741934
196806,71.1726666666667
196807,72.69741935483871
196808,71.88387096774191
196809,61.75200000000002
196810,52.21548387096775
196811,35.898666666666664
196812,21.928571428571434
196901,14.563225806451618
196902,24.194285714285712
196903,27.621935483870967
196904,50.89666666666667
196905,61.23612903225807
196906,65.00733333333332
196907,74.5909677419355
196908,73.20903225806452
196909,63.55266666666667
196910,48.45548387096775
196911,36.418
196912,23.345161290322586
197001,11.297419354838713
197002,23.808571428571426
197003,31.402580645161287
197004,49.79199999999998
197005,64.10387096774193
197006,71.32733333333331
197007,74.83612903225806
197008,72.47419354838709
197009,63.51466666666667
197010,51.997419354838726
197011,36.605999999999995
197012,24.813548387096787
197101,12.595698924731181
197102,21.173214285714295
197103,31.62795698924731
197104,49.76777777777776
197105,57.42096774193548
197106,74.45111111111109
197107,69.94086021505379
197108,70.34408602150536
197109,65.29777777777777
197110,57.26451612903226
197111,37.850555555555545
197112,26.55053763440859
197201,14.927956989247308
197202,17.948275862068964
197203,33.79354838709677
197204,46.07444444444445
197205,62.37258064516131
197206,68.895
197207,72.2822580645161
197208,71.85053763440862
197209,63.374444444444464
197210,47.48978494623653
197211,34.33222222222223
197212,18.15860215053763
197301,21.574193548387097
197302,26.399999999999995
197303,42.19462365591398
197304,47.839506172839506
197305,60.038666666666686
197306,73.2844155844156
197307,75.07640449438202
197308,75.36304347826083
197309,63.54545454545455
197310,57.86333333333332
197311,39.04941176470589
197312,22.03902439024391
197401,17.648051948051958
197402,25.708823529411763
197403,36.39130434782607
197404,51.62622950819674
197405,59.08787878787879
197406,69.57959183673472
197407,79.16296296296298
197408,69.52258064516128
197409,60.33666666666666
197410,53.496774193548376
197411,36.42833333333333
197412,25.106451612903225
197501,18.86
197502,21.691666666666666
197503,28.79032258064516
197504,44.625
197505,66.12022471910113
197506,71.64606741573034
197507,78.83186813186812
197508,75.08000000000001
197509,60.33103448275861
197510,54.255434782608695
197511,39.97444444444443
197512,26.98387096774194
197601,20.764516129032263
197602,32.89186046511629
197603,37.130107526881716
197604,53.7
197605,59.124731182795685
197606,69.85232558139535
197607,76.67065217391303
197608,73.07065217391305
197609,64.4139240506329
197610,47.412903225806446
197611,29.825287356321848
197612,18.803260869565225
197701,7.80752688172043
197702,28.064285714285727
197703,41.62150537634409
197704,56.37356321839079
197705,68.11521739130433
197706,72.93222222222222
197707,78.02580645161288
197708,70.28260869565216
197709,65.37111111111109
197710,50.52473118279573
197711,36.20111111111111
197712,21.65806451612904
197801,9.591304347826084
197802,14.387500000000001
197803,30.18225806451613
197804,45.49090909090909
197805,60.602150537634415
197806,70.99444444444444
197807,74.29784946236558
197808,72.80659340659341
197809,69.14666666666668
197810,50.782608695652165
197811,34.7625
197812,19.73655913978495
197901,5.580645161290323
197902,12.077380952380949
197903,31.45806451612903
197904,44.88
197905,59.10537634408603
197906,70.0943820224719
197907,73.04999999999997
197908,71.61182795698926
197909,65.52333333333334
197910,51.32903225806452
197911,34.91333333333332
197912,29.552688172043013
198001,21.40430107526882
198002,19.879310344827587
198003,32.40645161290323
198004,50.39999999999999
198005,61.821739130434814
198006,71.71666666666664
198007,78.25698924731178
198008,74.42580645161287
198009,65.08888888888887
198010,48.61935483870968
198011,39.82666666666665
198012,24.213978494623642
198101,23.913978494623656
198102,28.21309523809524
198103,40.74731182795698
198104,55.18999999999999
198105,59.077419354838696
198106,71.35111111111111
198107,74.14086021505375
198108,70.18279569892474
198109,63.93666666666667
198110,49.29247311827957
198111,40.690000000000005
198112,21.96344086021505
198201,7.90752688172043
198202,20.702380952380953
198203,33.735483870967755
198204,45.6777777777778
198205,62.44301075268818
198206,64.77307692307691
198207,75.52025316455696
198208,71.14623655913977
198209,62.70444444444444
198210,52.575268817204304
198211,35.092222222222226
198212,28.631182795698923
198301,23.601075268817194
198302,29.24761904761904
198303,35.71397849462366
198304,43.19333333333334
198305,56.551612903225816
198306,70.61333333333333
198307,79.34516129032258
198308,80.58279569892471
198309,66.05555555555557
198310,52.174193548387095
198311,38.04666666666667
198312,7.9
198401,19.287096774193554
198402,31.627586206896552
198403,28.883870967741935
198404,47.221111111111114
198405,58.78279569892473
198406,72.43666666666668
198407,74.86847826086957
198408,76.27096774193548
198409,62.31888888888888
198410,53.07956989247312
198411,38.03555555555556
198412,25.819354838709675
198501,15.201075268817203
198502,21.13095238095238
198503,40.86304347826088
198504,55.002222222222244
198505,65.1989247311828
198506,68.24222222222224
198507,74.66021505376345
198508,69.05376344086021
198509,62.74777777777777
198510,51.196739130434764
198511,28.272222222222222
198512,12.429032258064517
198601,24.73440860215052
198602,20.821428571428573
198603,40.747826086956515
198604,52.080000000000005
198605,62.05698924731182
198606,72.8211111111111
198607,76.5934065934066
198608,68.66344086021505
198609,65.67777777777778
198610,51.86666666666666
198611,32.20222222222222
198612,26.87956989247312
198701,26.0247311827957
198702,34.87976190476191
198703,40.56021505376345
198704,54.3188888888889
198705,67.70967741935485
198706,75.84130434782607
198707,78.53306451612902
198708,71.13333333333334
198709,64.90084745762711
198710,47.70887096774194
198711,41.61666666666665
198712,28.949180327868852
198801,16.548000000000002
198802,19.90413793103448
198803,38.63290322580646
198804,50.95405405405406
198805,68.80402684563758
198806,77.70753424657532
198807,78.59328859060403
198808,77.93486842105263
198809,66.62176870748299
198810,47.94078947368421
198811,37.42953020134228
198812,25.42933333333333
198901,29.66732026143791
198902,15.480882352941178
198903,33.839333333333336
198904,50.077464788732385
198905,61.62847682119205
198906,69.83673469387755
198907,76.97173913043477
198908,73.11972789115646
198909,62.5364285714286
198910,52.53636363636363
198911,34.55284552845529
198912,15.161666666666667
199001,31.161538461538456
199002,28.531858407079643
199003,40.003787878787904
199004,49.131343283582076
199005,58.66013513513514
199006,71.80571428571427
199007,73.12569444444446
199008,73.43928571428569
199009,66.32093023255813
199010,51.09844961240309
199011,41.436974789915965
199012,19.939849624060145
199101,15.622222222222218
199102,30.77404580152672
199103,39.055921052631554
199104,52.25103448275862
199105,64.34705882352942
199106,75.38115942028989
199107,75.06713286713288
199108,73.04000000000003
199109,64.17536231884057
199110,50.28194444444447
199111,29.54193548387097
199112,27.56449275362319
199201,27.733108108108095
199202,31.495000000000022
199203,38.98507462686567
199204,45.57357142857143
199205,61.7140625
199206,69.01231884057971
199207,68.18709677419355
199208,66.77161290322584
199209,61.65933333333332
199210,50.38774193548386
199211,33.146
199212,24.201948051948058
199301,18.33225806451613
199302,19.024637681159422
199303,30.97032258064516
199304,45.226000000000006
199305,59.256129032258066
199306,67.31000000000003
199307,72.32193548387096
199308,71.94645161290326
199309,57.843333333333334
199310,48.68000000000002
199311,33.75608108108108
199312,24.820000000000004
199401,9.972258064516126
199402,17.062857142857137
199403,37.6858064516129
199404,49.07933333333331
199405,62.80516129032255
199406,71.23243243243246
199407,70.76928104575164
199408,69.13870967741933
199409,64.75866666666666
199410,53.63806451612904
199411,39.7804054054054
199412,27.285064935064963
199501,19.189677419354833
199502,27.13636363636364
199503,38.40741935483874
199504,45.79625585023399
199505,58.894091903719925
199506,71.4992529348986
199507,76.21873479318737
199508,76.89529170931422
199509,61.094764957264935
199510,51.55705458290423
199511,31.609729729729743
199512,25.734635149023642
199601,17.110498960498955
199602,24.925275938189852
199603,30.768522267206468
199604,46.73362350380845
199605,57.876445846477395
199606,71.03514376996807
199607,71.1716593245227
199608,71.2707290533188
199609,61.54013157894741
199610,52.53524504692386
199611,30.851214128035274
199612,21.087222808870134
199701,18.168374164810718
199702,26.538404255319133
199703,37.57208835341364
199704,46.07706511175892
199705,56.471842843779335
199706,72.55604606525907
199707,74.93939105613698
199708,70.83230625583566
199709,65.65656154628678
199710,51.413377192982495
199711,34.281350806451634
199712,29.250618458610802
199801,24.780603842634967
199802,34.99323232323228
199803,33.75559633027527
199804,50.93659942363108
199805,66.88855032317632
199806,68.50030030030041
199807,75.45855327468246
199808,74.65501893939407
199809,70.73394055608821
199810,55.04921514312093
199811,42.21504761904769
199812,30.697942001870878
199901,20.796616915422874
199902,34.347300000000075
199903,38.18476277372265
199904,51.214814814814886
199905,62.602555066079354
199906,70.77840073529404
199907,79.05661566156608
199908,72.24245014245015
199909,63.66238044633378
199910,54.27870105062095
199911,45.875974025973996
199912,29.589991142604035
200001,24.25941278065632
200002,35.33506743737953
200003,44.355363321799345
200004,51.46592724046135
200005,65.54859154929582
200006,69.91180237877403
200007,73.6228546409808
200008,74.13583406884388
200009,66.12060390763776
200010,55.86485788113693
200011,32.890107913669134
200012,12.044705882352929
200101,23.29038128249564
200102,19.914708886619
200103,31.855496921723844
200104,54.55957066189632
200105,62.293844781445145
200106,70.86644165863072
200107,76.96146703806879
200108,74.0151433691757
200109,62.53177226813595
200110,52.235745047373015
200111,49.20903398926651
200112,32.59434290687554
200201,30.42988802756247
200202,31.846996124031033
200203,33.028609154929555
200204,51.175318761384325
200205,59.307685589519615
200206,74.79128919860631
200207,78.02807463952489
200208,72.00274678111593
200209,65.88642413487122
200210,46.72242990654197
200211,35.76414930555556
200212,30.01844827586203
200301,21.01109229466555
200302,22.281953488372096
200303,36.18122380553229
200304,51.36822107081162
200305,59.13676092544996
200306,68.23874029335641
200307,74.06389588581025
200308,74.26881998277348
200309,61.6935779816514
200310,52.94440649017944
200311,37.48571428571425
200312,29.988468013468047
200401,20.229486099410273
200402,24.874303683737683
200403,41.489813242784386
200404,52.75714285714285
200405,62.792564745196394
200406,67.66615878107459
200407,70.96393318147315
200408,66.28821705426354
200409,66.10658730158725
200410,51.98513816280794
200411,41.23915756630263
200412,28.669270449520972
200501,21.227078565980175
200502,31.883165829145693
200503,36.787911247130815
200504,53.737411207576976
200505,59.69612703330753
200506,73.65730071033943
200507,75.67614678899085
200508,72.47421815408096
200509,68.19405144694548
200510,53.2704528582034
200511,40.57421815408088
200512,22.28823529411768
200601,33.76531204644419
200602,26.568979266347704
200603,37.3232558139535
200604,54.820497362471635
200605,61.37872807017544
200606,70.97902364607167
200607,76.2618382352941
200608,72.55254360465115
200609,60.508513816280946
200610,48.55131004366813
200611,40.04093343534808
200612,32.77168141592918
200701,23.376113951789637
200702,17.979934747145204
200703,43.121033210332136
200704,47.75440613026821
200705,65.98913202042306
200706,71.58303504847139
200707,74.46262083780877
200708,74.77601377199697
200709,64.9305858585859
200710,56.62872224244633
200711,38.332826747720375
200712,23.200300751879706
200801,19.504148629148588
200802,20.750826121164458
200803,34.50571837026447
200804,47.33680659670162
200805,59.54839298758222
200806,70.8594048073254
200807,74.48166051660512
200808,71.10453382084091
200809,63.83214019388509
200810,52.10968558005064
200811,39.81518554687498
200812,18.344565217391303
200901,14.991397849462363
200902,27.626506024096386
200903,37.376136363636355
200904,47.09888888888889
200905,60.83516483516483
200906,69.55764705882352
200907,69.55833333333332
