194801,21.29081081081081
194802,19.80747126436782
194803,25.44784946236559
194804,43.00833333333334
194805,53.140860215053756
194806,60.9504166666667
194807,68.41249999999998
194808,67.94193548387099
194809,61.29416666666669
194810,45.02701612903228
194811,28.137916666666676
194812,20.02580645161291
194901,7.023502304147462
194902,18.945918367346938
194903,31.48571428571428
194904,45.56333333333335
194905,51.690322580645194
194906,59.09428571428571
194907,68.71612903225807
194908,68.16267281105995
194909,56.52619047619046
194910,40.22338709677421
194911,41.51958333333331
194912,23.37177419354839
195001,17.124014336917565
195002,28.33333333333336
195003,28.912109375
195004,39.428333333333335
195005,45.74032258064516
195006,59.153333333333315
195007,64.48427419354839
195008,64.6701612903226
195009,54.73124999999998
195010,50.374596774193584
195011,32.45875000000001
195012,29.78266129032256
195101,19.120161290322578
195102,27.05585585585585
195103,26.636405529953915
195104,38.276767676767676
195105,51.14792626728114
195106,54.01904761904762
195107,67.55437788018432
195108,65.07880184331796
195109,53.74142857142858
195110,42.47327188940092
195111,29.145238095238124
195112,19.682949308755767
195201,20.087096774193537
195202,23.0679802955665
195203,24.518894009216588
195204,44.05904761904765
195205,52.14147465437791
195206,63.93761904761902
195207,67.21243781094526
195208,66.22419354838709
195209,60.08166666666668
195210,47.936021505376345
195211,25.49111111111111
195212,24.015591397849477
195301,31.792473118279577
195302,24.597023809523815
195303,34.58010752688171
195304,36.76333333333333
195305,45.776344086021524
195306,62.05944444444445
195307,71.03172043010753
195308,66.84623655913977
195309,59.79166666666666
195310,47.49731182795702
195311,36.09777777777777
195312,24.758602150537648
195401,25.722580645161297
195402,34.339285714285715
195403,26.41397849462366
195404,44.7861111111111
195405,51.72526881720431
195406,60.19111111111108
195407,72.36075268817207
195408,66.97741935483867
195409,59.06611111111112
195410,44.761290322580656
195411,37.63388888888887
195412,24.14516129032259
195501,20.340944881889765
195502,18.844642857142848
195503,25.005645161290328
195504,40.03416666666667
195505,52.92499999999999
195506,58.926666666666684
195507,70.675
195508,70.36290322580642
195509,58.48749999999999
195510,47.87580645161291
195511,26.538333333333323
195512,24.561290322580636
195601,23.330645161290338
195602,17.280172413793107
195603,31.367741935483867
195604,40.37249999999999
195605,54.2524193548387
195606,66.61916666666664
195607,68.94032258064516
195608,65.48629032258064
195609,59.56833333333335
195610,47.1741935483871
195611,29.28416666666668
195612,26.24596774193547
195701,13.550806451612903
195702,29.522321428571438
195703,33.09677419354838
195704,37.835
195705,49.829032258064494
195706,59.595833333333346
195707,69.3483870967742
195708,67.9806451612903
195709,55.35833333333335
195710,44.316935483870985
195711,26.495833333333337
195712,28.71612903225807
195801,22.239516129032268
195802,29.16785714285714
195803,28.104032258064514
195804,39.15250000000001
195805,57.458870967741916
195806,61.209166666666654
195807,64.74112903225806
195808,69.32419354838706
195809,58.637499999999974
195810,46.770161290322584
195811,32.26583333333333
195812,27.292741935483864
195901,21.460483870967735
195902,21.325
195903,31.495161290322585
195904,41.831666666666656
195905,48.637903225806454
195906,65.19666666666664
195907,70.16612903225808
195908,69.08064516129035
195909,55.69500000000002
195910,43.11048387096775
195911,29.124166666666664
195912,26.81612903225807
196001,19.437903225806455
196002,17.43644859813085
196003,32.576612903225794
196004,44.657500000000006
196005,53.549193548387095
196006,64.16166666666668
196007,72.51451612903223
196008,67.51129032258062
196009,59.86333333333334
196010,46.220967741935496
196011,30.950833333333335
196012,21.409677419354853
196101,23.341129032258067
196102,29.271428571428576
196103,34.13870967741936
196104,40.376666666666665
196105,52.86532258064516
196106,66.29750000000003
196107,70.27580645161291
196108,69.74677419354839
196109,49.59749999999998
196110,41.97580645161292
196111,25.435833333333317
196112,19.350806451612904
196201,13.206451612903232
196202,24.857142857142843
196203,26.97983870967742
196204,45.45250000000001
196205,52.23387096774192
196206,60.04750000000001
196207,66.62016129032257
196208,66.05
196209,57.18416666666665
196210,48.69112903225806
196211,36.820833333333326
196212,27.16129032258065
196301,12.073387096774194
196302,31.68303571428572
196303,32.61935483870968
196304,39.58833333333333
196305,53.73629032258063
196306,60.74999999999999
196307,69.83145161290325
196308,67.97903225806449
196309,61.535
196310,52.23790322580647
196311,34.9675
196312,22.22983870967742
196401,20.955645161290317
196402,20.587068965517243
196403,24.95887096774194
196404,39.53666666666666
196405,52.08790322580644
196406,57.68833333333332
196407,72.5693548387097
196408,65.43870967741933
196409,55.89583333333334
196410,47.247580645161314
196411,29.545833333333334
196412,21.934677419354838
196501,28.155999999999995
196502,23.812500000000007
196503,21.441935483870967
196504,43.687500000000014
196505,48.80241935483872
196506,58.49833333333332
196507,68.61451612903225
196508,66.16451612903224
196509,47.13916666666665
196510,50.63225806451614
196511,37.24249999999999
196512,26.370161290322574
196601,20.109677419354842
196602,22.824107142857144
196603,34.59435483870969
196604,39.12916666666667
196605,55.41774193548387
196606,60.919166666666676
196607,73.68943089430896
196608,66.31693548387099
196609,60.69500000000002
196610,43.70322580645162
196611,33.50333333333332
196612,23.997580645161282
196701,26.225000000000005
196702,27.617857142857144
196703,35.22258064516129
196704,40.82083333333333
196705,48.339516129032255
196706,56.83916666666664
196707,68.53306451612906
196708,68.73629032258064
196709,59.4125
196710,47.68306451612902
196711,30.192499999999992
196712,17.520325203252035
196801,19.062903225806455
196802,27.10948275862069
196803,36.125806451612895
196804,38.03750000000001
196805,48.52096774193547
196806,60.08666666666667
196807,68.59032258064518
196808,63.57016129032259
196809,55.91249999999999
196810,47.10725806451613
196811,31.19000000000002
196812,18.76532258064516
196901,21.954838709677432
196902,25.016964285714288
196903,27.139516129032263
196904,46.30583333333335
196905,55.99596774193548
196906,56.41999999999999
196907,69.8467741935484
196908,71.97983870967745
196909,62.433333333333316
196910,37.5508064516129
196911,33.38833333333332
196912,26.534677419354836
197001,22.726612903225806
197002,31.634821428571424
197003,28.731451612903207
197004,36.790000000000006
197005,52.864516129032275
197006,62.06916666666666
197007,69.79193548387093
197008,71.95564516129029
197009,53.50333333333332
197010,40.922580645161304
197011,33.15
197012,22.338709677419356
197101,25.62516129032259
197102,25.694964028776962
197103,31.957419354838702
197104,41.07666666666668
197105,50.474838709677414
197106,63.06666666666668
197107,67.1735483870968
197108,71.56451612903228
197109,53.34533333333334
197110,42.14322580645163
197111,30.26333333333332
197112,21.490322580645174
197201,19.675483870967735
197202,28.195172413793117
197203,39.177419354838705
197204,42.76933333333333
197205,51.6064935064935
197206,63.48733333333331
197207,65.64480519480517
197208,66.57677419354837
197209,55.86133333333336
197210,44.083870967741916
197211,29.319999999999993
197212,17.101290322580645
197301,16.471153846153847
197302,24.10053475935829
197303,33.64567307692307
197304,38.29646464646464
197305,53.1843137254902
197306,64.06345177664974
197307,69.08221153846154
197308,69.40700934579438
197309,54.21479591836735
197310,47.54830917874396
197311,31.18333333333333
197312,26.182038834951456
197401,18.06244131455399
197402,28.39889502762431
197403,34.66323529411766
197404,44.80505050505051
197405,51.67475728155338
197406,67.21413612565443
197407,72.69615384615385
197408,64.63192488262911
197409,54.901980198019814
197410,46.67079207920792
197411,33.79481865284974
197412,22.35927835051546
197501,19.366500000000002
197502,19.03202247191011
197503,30.97357512953368
197504,38.10628272251309
197505,49.6548717948718
197506,59.54845360824743
197507,72.92786069651741
197508,66.72893401015227
197509,56.80815217391303
197510,46.328217821782175
197511,30.497435897435896
197512,25.727227722772277
197601,19.612121212121217
197602,26.46822916666667
197603,28.424418604651162
197604,43.24450549450552
197605,55.459893048128365
197606,59.26553672316384
197607,70.75806451612905
197608,64.42010869565215
197609,56.9747191011236
197610,43.618390804597716
197611,32.56994535519126
197612,20.42265193370166
197701,14.986206896551732
197702,27.397023809523812
197703,31.002702702702692
197704,48.05344827586207
197705,51.965934065934064
197706,66.9898936170213
197707,68.87606382978721
197708,63.238888888888894
197709,55.57754010695187
197710,46.074501992031905
197711,31.299193548387084
197712,21.686008230452668
197801,15.690557939914164
197802,19.104310344827585
197803,33.05979020979021
197804,43.17412587412588
197805,48.77801418439717
197806,59.537226277372255
197807,66.57083333333334
197808,63.38550724637679
197809,55.69459459459459
197810,45.210884353741484
197811,23.25547445255475
197812,9.375974025974024
197901,1.6688405797101447
197902,18.876800000000003
197903,31.264189189189185
197904,40.76499999999993
197905,50.87304964539009
197906,61.10298507462682
197907,68.67553956834533
197908,64.5279411764706
197909,60.404316546762594
197910,47.12152777777779
197911,25.168461538461536
197912,25.851369863013705
198001,14.042968749999998
198002,22.659259259259265
198003,28.679720279720264
198004,43.02173913043481
198005,51.46551724137932
198006,61.19275362318841
198007,68.78169014084503
198008,62.48428571428568
198009,55.841007194244625
198010,43.77183098591548
198011,31.740410958904125
198012,27.74206896551723
198101,26.120529801324494
198102,26.37840000000002
198103,35.9027210884354
198104,45.71619718309857
198105,49.33517241379313
198106,59.1030303030303
198107,67.5158273381295
198108,67.63722627737226
198109,59.20227272727277
198110,42.206474820143875
198111,35.23511450381678
198112,23.795833333333338
198201,14.222580645161282
198202,19.90252100840337
198203,31.983687943262403
198204,39.10875912408759
198205,49.189726027397256
198206,57.02877697841729
198207,65.84513888888893
198208,67.72605633802822
198209,53.48137931034481
198210,41.53809523809523
198211,27.67234042553192
198212,19.139583333333334
198301,23.26506849315069
198302,26.145864661654144
198303,33.77569444444444
198304,37.40209790209787
198305,47.25136986301368
198306,58.81654676258996
198307,66.37007299270071
198308,69.23515625000002
198309,55.02704918032788
198310,45.47763157894733
198311,29.714000000000002
198312,7.446451612903222
198401,16.32193548387097
198402,21.249655172413803
198403,30.859354838709677
198404,38.25799999999997
198405,51.025806451612894
198406,58.771333333333324
198407,69.25935483870968
198408,68.33032258064513
198409,51.66733333333333
198410,39.41806451612899
198411,30.25100671140937
198412,14.727741935483872
198501,12.894594594594588
198502,16.965185185185188
198503,28.990967741935474
198504,45.48466666666662
198505,55.2549668874172
198506,61.14266666666666
198507,69.80516129032253
198508,64.00457516339864
198509,50.44600000000003
198510,42.225161290322596
198511,17.262328767123293
198512,15.887096774193543
198601,22.02645161290321
198602,23.300000000000015
198603,39.12679738562093
198604,42.19194630872484
198605,50.77483870967742
198606,66.13892617449663
198607,65.0658064516129
198608,66.75649350649351
198609,50.66599999999998
198610,43.599354838709665
198611,28.596000000000004
198612,18.94967741935484
198701,16.145161290322573
198702,24.12214285714284
198703,31.00000000000001
198704,47.94933333333332
198705,55.56339869281044
198706,63.14933333333333
198707,65.91292517006802
198708,62.49290322580644
198709,57.03200000000003
198710,44.956129032258055
198711,32.48
198712,21.00580645161291
198801,16.71999999999999
198802,23.679999999999996
198803,31.38967741935483
198804,44.57866666666668
198805,54.22
198806,70.53466666666671
198807,72.66818181818182
198808,67.53935483870974
198809,55.17400000000004
198810,49.68104575163401
198811,29.76000000000002
198812,19.105806451612914
198901,17.56322580645162
198902,11.040714285714289
198903,31.13612903225805
198904,43.09066666666664
198905,51.44451612903226
198906,59.96799999999999
198907,71.6683870967742
198908,65.10645161290326
198909,55.98866666666666
198910,43.41741935483868
198911,32.237333333333325
198912,18.28903225806451
199001,22.375483870967752
199002,21.551428571428573
199003,33.17354838709679
199004,43.52818791946306
199005,49.01354838709676
199006,61.75599999999997
199007,68.38709677419352
199008,67.10160256410254
199009,61.753333333333345
199010,43.288387096774194
199011,33.28133333333334
199012,10.462416107382557
199101,13.736619718309859
199102,30.61382113821139
199103,33.281944444444456
199104,39.57446808510638
199105,50.03422818791943
199106,61.42348484848484
199107,68.89999999999999
199108,68.69612403100773
199109,55.55714285714283
199110,41.17968750000003
199111,26.506993006993014
199112,18.354198473282427
199201,19.69212598425198
199202,30.08416666666667
199203,39.21642857142856
199204,45.09457364341084
199205,55.36811594202894
199206,61.39720279720278
199207,61.925806451612914
199208,64.00903225806451
199209,55.63355704697985
199210,45.66339869281042
199211,26.759999999999994
199212,13.624025974025974
199301,12.127096774193541
199302,13.000714285714286
199303,32.27402597402598
199304,40.57066666666666
199305,52.224516129032274
199306,55.532885906040306
199307,59.09225806451618
199308,61.40596026490064
199309,52.8013333333333
199310,41.72064516129034
199311,24.449333333333318
199312,23.310322580645163
199401,24.483870967741947
199402,19.63785714285714
199403,35.2077922077922
199404,42.55200000000001
199405,56.01225806451615
199406,62.40533333333333
199407,67.71612903225808
199408,68.14545454545448
199409,58.10402684563762
199410,42.43267973856209
199411,26.85800000000002
199412,24.473548387096766
199501,20.298709677419364
199502,27.625000000000007
199503,31.975483870967764
199504,38.74630872483222
199505,47.082781456953626
199506,57.52465753424653
199507,65.07935483870968
199508,67.52866666666665
199509,55.04066666666663
199510,41.56064516129032
199511,33.76733333333335
199512,23.167096774193535
199601,15.777419354838718
199602,21.233793103448267
199603,26.627096774193564
199604,41.77266666666663
199605,47.95490196078429
199606,62.67655172413792
199607,71.07843137254903
199608,69.35726495726496
199609,55.53303571428571
199610,43.33706896551724
199611,27.927731092436957
199612,20.427272727272722
199701,17.383471074380157
199702,23.937614678899077
199703,35.26386554621848
199704,37.55333333333333
199705,53.67310924369748
199706,64.11610169491523
199707,67.63577235772358
199708,67.79917355371902
199709,59.751401869158876
199710,45.45614035087722
199711,30.928448275862085
199712,21.043442622950828
199801,22.458536585365852
199802,27.960176991150444
199803,28.595364238410593
199804,41.95850340136058
199805,53.029801324503346
199806,54.311724137931044
199807,71.00326797385624
199808,67.46387096774193
199809,61.18533333333337
199810,44.27354838709675
199811,33.27933333333334
199812,22.016883116883115
199901,25.23555555555555
199902,31.553658536585377
199903,37.37987804878048
199904,40.42972972972973
199905,50.45560747663556
199906,61.024757281553406
199907,70.53674418604649
199908,70.3345971563981
199909,54.94042553191489
199910,48.47336683417082
199911,41.33014354066983
199912,27.251152073732715
200001,24.711020408163275
200002,30.39608695652175
200003,35.13975409836064
200004,44.556250000000006
200005,53.54204081632654
200006,61.620346320346314
200007,72.00564516129033
200008,70.90604838709676
200009,56.55404255319149
200010,44.59676113360326
200011,20.342796610169493
200012,18.827419354838707
200101,20.380645161290328
200102,18.86741071428571
200103,33.76106557377048
200104,43.458158995815886
200105,55.52510288065842
200106,62.97379912663755
200107,71.97950819672134
200108,72.18517110266157
200109,61.27629629629625
200110,45.44029304029304
200111,36.192936802973996
200112,23.341935483870973
200201,23.26897810218979
200202,25.027235772357724
200203,25.608243727598555
200204,42.308888888888895
200205,50.85615942028985
200206,65.28703703703707
200207,73.88888888888893
200208,65.9381294964029
200209,58.50449438202245
200210,39.24801444043323
200211,32.08666666666666
200212,25.82401433691755
200301,28.294464944649445
200302,21.804471544715433
200303,33.60390070921987
200304,46.19592592592593
200305,52.95340501792115
200306,59.804891304347834
200307,74.66272401433694
200308,72.28297101449274
200309,56.10631970260223
200310,49.65089605734768
200311,26.92118959107807
200312,26.681138790035586
200401,21.343010752688187
200402,25.97371428571428
200403,39.302545454545445
200404,45.1951851851852
200405,52.772302158273384
200406,60.099629629629604
200407,68.5442028985507
200408,64.99530685920577
200409,57.49851851851849
200410,45.88637992831545
200411,32.683505154639185
200412,27.864516129032257
200501,24.243096234309622
200502,27.091071428571418
200503,35.39717741935484
200504,43.75991561181431
200505,50.42964426877469
200506,60.43458333333333
200507,71.94757281553397
200508,65.37782258064513
200509,58.48313008130082
200510,46.472945891783574
200511,35.19624999999998
200512,22.19753593429156
200601,29.92163187855789
200602,22.880462184873945
200603,31.490515463917536
200604,46.13333333333333
200605,54.0609756097561
200606,66.28208333333335
200607,74.18769841269842
200608,67.94747081712063
200609,54.70334645669288
200610,42.84606525911709
200611,33.54294117647059
200612,25.238330170777985
200701,17.725911708253367
200702,25.42626050420168
200703,39.80057581573894
200704,42.82104166666666
200705,54.850870406189564
200706,64.75940000000003
200707,75.61746641074855
200708,70.81391304347832
200709,58.49505928853755
200710,46.28164435946464
200711,34.935098039215674
200712,20.611809523809526
200801,17.807961165048546
200802,25.30486257928117
200803,31.696339113680143
200804,39.02392156862745
200805,49.91726755218215
200806,59.93063241106717
200807,70.7671844660194
200808,68.4965451055662
200809,54.8435294117647
200810,44.03430799220273
200811,38.75816831683168
200812,19.99032258064516
200901,25.635483870967747
200902,29.939285714285717
200903,32.664516129032265
200904,41.71999999999999
200905,55.16451612903226
200906,58.713333333333345
200907,67.075
