194201,57.46470588235293
194202,53.800000000000004
194203,59.683333333333344
194204,67.49
194205,78.49677419354839
194206,88.35000000000001
194207,95.41935483870967
194208,87.72258064516129
194209,84.21020408163264
194210,70.759375
194211,61.9
194212,53.596774193548384
194301,52.36612903225806
194302,58.185714285714276
194303,63.44117647058823
194304,67.71249999999999
194305,75.72258064516129
194306,80.98833333333333
194307,88.19838709677418
194308,84.01451612903229
194309,81.80083333333336
194310,68.65403225806453
194311,55.95333333333335
194312,47.68306451612904
194401,44.8524193548387
194402,46.71206896551725
194403,53.13709677419353
194404,60.80583333333334
194405,72.28145161290323
194406,78.55416666666666
194407,88.09642857142856
194408,88.4193548387097
194409,81.08333333333334
194410,70.9948387096774
194411,53.005999999999986
194412,48.57290322580645
194501,46.89096774193548
194502,51.73142857142856
194503,52.52451612903225
194504,63.23466666666667
194505,74.36064516129032
194506,80.81866666666667
194507,90.34526315789473
194508,88.30537634408604
194509,86.08684210526316
194510,74.42903225806452
194511,58.79032258064517
194512,50.21612903225807
194601,49.925000000000004
194606,78.7
194607,77.55
194608,78.42
194609,75.35
194610,64.17692307692309
194611,54.556666666666665
194612,58.6
194707,95.19166666666666
194708,92.52857142857142
194801,42.7991935483871
194802,43.975862068965505
194803,47.229838709677416
194804,64.21333333333334
194805,72.23161290322578
194806,80.25466666666665
194807,84.91881720430108
194808,82.03064516129034
194809,78.70649999999998
194810,67.75927419354838
194811,49.41327800829876
194812,45.7
194901,36.76572580645161
194902,44.16294642857142
194903,53.622177419354855
194904,64.7375
194905,70.48744939271258
194906,79.55333333333334
194907,83.0290322580645
194908,81.88749999999999
194909,79.1
194910,62.56975806451615
194911,58.20624999999998
194912,44.47298387096775
195001,44.13548387096772
195002,52.107589285714276
195003,56.52177419354838
195004,66.39124999999999
195005,70.21411290322582
195006,79.65250000000006
195007,81.33225806451615
195008,82.06411290322583
195009,74.73166666666665
195010,71.76491935483872
195011,57.35541666666667
195012,51.10080645161289
195101,43.32150537634409
195102,46.65912698412698
195103,51.75340501792116
195104,59.26629629629628
195105,68.98136200716844
195106,76.42814814814814
195107,83.68924731182798
195108,79.22318840579712
195109,76.2203703703704
195110,64.32508960573476
195111,50.571851851851854
195112,43.57849462365591
195201,43.74982078853047
195202,46.288888888888884
195203,47.25555555555555
195204,60.361481481481476
195205,72.88534798534798
195206,79.015
195207,82.53870967741935
195208,82.0266129032258
195209,78.15333333333334
195210,69.63145161290319
195211,48.67791666666667
195212,43.13669354838707
195301,48.290322580645174
195302,46.66919642857143
195303,54.87983870967741
195304,61.02000000000001
195305,64.99717741935486
195306,79.9525
195307,82.65201612903222
195308,81.30322580645164
195309,77.2958333333333
195310,64.60040322580643
195311,54.15958333333333
195312,41.67258064516129
195401,44.672177419354846
195402,52.88839285714287
195403,51.919758064516124
195404,66.08125000000003
195405,71.91370967741935
195406,78.16458333333331
195407,82.82177419354836
195408,79.48185483870971
195409,77.13500000000003
195410,67.02096774193545
195411,55.97249999999999
195412,45.15282258064515
195501,41.824904214559396
195502,44.756485355648536
195503,55.770566037735854
195504,61.32047244094488
195505,69.99806949806948
195506,79.70905511811024
195507,81.76129032258065
195508,81.04395161290319
195509,78.31083333333335
195510,69.76895161290322
195511,53.65708333333334
195512,49.42701612903224
195601,49.395161290322584
195602,44.014224137931045
195603,56.151612903225825
195604,60.92166666666667
195605,72.65120967741936
195606,83.03958333333334
195607,83.27419354838712
195608,81.48185483870967
195609,81.31499999999997
195610,65.14637096774194
195611,51.36083333333332
195612,46.0826612903226
195701,47.06693548387098
195702,54.80937499999998
195703,56.02419354838711
195704,61.60083333333332
195705,67.20685483870966
195706,81.92625000000001
195707,85.21129032258064
195708,81.37701612903226
195709,77.64583333333331
195710,63.7701612903226
195711,49.88041666666665
195712,48.45685483870969
195801,46.162499999999994
195802,51.62589285714285
195803,50.436290322580646
195804,61.32125
195805,75.87620967741935
195806,81.84124999999999
195807,85.68024193548386
195808,83.96088709677417
195809,77.58250000000001
195810,68.43669354838708
195811,53.19083333333333
195812,49.912499999999994
195901,47.60403225806452
195902,46.99464285714286
195903,56.4399193548387
195904,66.46541666666667
195905,69.87580645161289
195906,83.27125
195907,86.51048387096776
195908,80.84354838709676
195909,76.58333333333333
195910,66.24516129032256
195911,54.256249999999994
195912,46.807258064516155
196001,40.115322580645156
196002,45.27370689655173
196003,58.42983870967742
196004,63.87583333333334
196005,70.9641129032258
196006,83.79249999999999
196007,86.10120967741935
196008,83.76935483870967
196009,78.82000000000001
196010,64.00322580645164
196011,53.69208333333333
196012,43.06895161290322
196101,46.38629032258065
196102,50.46250000000001
196103,54.15080645161291
196104,63.52916666666666
196105,70.17903225806452
196106,82.93749999999999
196107,84.81088709677422
196108,81.50443548387098
196109,73.94083333333334
196110,64.19153225806451
196111,50.67208333333335
196112,43.15967741935483
196201,43.329032258064515
196202,48.633928571428555
196203,49.57580645161291
196204,67.26708333333332
196205,68.30362903225804
196206,78.39083333333335
196207,84.16330645161288
196208,85.25846774193549
196209,77.88958333333333
196210,66.0858870967742
196211,56.57874999999999
196212,47.683467741935516
196301,40.33348623853211
196302,52.526020408163276
196303,52.72718894009216
196304,58.27476190476191
196305,72.68156682027649
196306,75.93523809523812
196307,85.09677419354838
196308,79.1193548387097
196309,77.12095238095237
196310,67.85483870967744
196311,53.49857142857144
196312,43.763594470046094
196401,40.31474654377879
196402,42.62019704433497
196403,49.120737327188934
196404,58.28904761904759
196405,68.35161290322583
196406,77.09428571428575
196407,83.59585253456224
196408,79.17142857142856
196409,73.71428571428568
196410,67.76635944700459
196411,48.09666666666668
196412,44.923963133640555
196501,45.75990783410136
196502,46.10051020408163
196503,49.74976958525346
196504,58.48523809523811
196505,65.60048309178742
196506,72.31980198019801
196507,81.60913461538462
196508,80.76730769230768
196509,71.63514851485148
196510,65.86038647342993
196511,54.85693069306931
196512,44.45789473684213
196601,38.98550724637682
196602,41.819148936170215
196603,53.980382775119615
196604,62.75373134328358
196605,72.39519230769234
196606,78.41485148514852
196607,83.10193236714977
196608,81.5
196609,74.73249999999999
196610,61.57688172043015
196611,52.337777777777774
196612,43.236021505376335
196701,41.445161290322574
196702,47.805952380952384
196703,54.656989247311834
196704,54.61999999999999
196705,66.4069892473118
196706,73.41777777777779
196707,81.1693548387097
196708,79.43602150537633
196709,73.81722222222217
196710,64.54193548387094
196711,54.33
196712,37.227419354838716
196801,37.8440860215054
196802,50.223563218390794
196803,52.33279569892472
196804,57.40333333333331
196805,67.99837837837835
196806,77.98277777777781
196807,80.16827956989249
196808,75.9768817204301
196809,73.92320441988952
196810,64.40956937799041
196811,51.725
196812,40.53872549019608
196901,47.839423076923076
196902,45.33404255319147
196903,48.85242718446603
196904,61.731683168316835
196905,71.09565217391308
196906,76.70447761194029
196907,83.37729468599034
196908,83.3359223300971
196909,76.65841584158414
196910,60.607655502392326
196911,51.51573604060913
196912,46.00926829268294
197001,43.47632850241546
197002,51.05265957446808
197003,51.308133971291866
197004,56.18762376237625
197005,71.37621359223299
197006,79.65148514851487
197007,84.58550724637679
197008,82.14637681159415
197009,73.28905472636816
197010,60.78125
197011,53.416161616161595
197012,43.51019417475727
197101,42.69816513761468
197102,46.24132653061225
197103,53.773732718893996
197104,57.6985714285714
197105,64.34101382488481
197106,76.70476190476194
197107,83.00230414746544
197108,78.20588235294117
197109,73.42500000000004
197110,57.79462365591395
197111,48.97111111111108
197112,39.23817204301076
197201,41.69892473118279
197202,48.07126436781611
197203,59.07903225806452
197204,60.510555555555555
197205,67.8209677419355
197206,76.1888888888889
197207,83.65430107526885
197208,79.41935483870965
197209,73.85277777777773
197210,61.75913978494623
197211,46.79555555555556
197212,40.49677419354838
197301,30.369047619047624
197302,37.193630573248406
197303,37.336309523809526
197304,49.15246913580248
197305,62.51699346405229
197306,67.41367521367522
197307,69.02924528301887
197308,67.15607476635513
197309,62.212149532710285
197310,54.008547008547
197311,41.3061403508772
197312,35.087500000000006
197401,31.37672413793104
197402,33.421782178217825
197403,43.94545454545455
197404,46.67599999999999
197405,61.30265486725664
197406,73.32522522522522
197407,69.7686440677966
197408,68.52347826086955
197409,63.31355932203389
197410,52.12500000000001
197411,40.66293103448275
197412,30.364347826086963
197501,32.09224137931035
197502,32.95
197503,37.09912280701755
197504,41.14017857142858
197505,50.943518518518516
197506,62.8965811965812
197507,69.47903225806449
197508,67.8991935483871
197509,61.13666666666667
197510,49.34645669291338
197511,38.41583333333333
197512,32.43194444444444
197601,31.68057553956835
197602,39.429861111111116
197603,42.81339285714286
197604,50.291588785046734
197605,62.332499999999996
197606,69.64999999999999
197607,73.02235294117646
197608,72.24835164835166
197609,65.71596638655463
197610,55.616101694915244
197611,45.83333333333334
197612,36.739669421487605
197701,35.76195652173912
197702,44.55731707317074
197703,44.38505747126437
197704,60.30454545454547
197705,61.0967741935484
197706,79.27764705882352
197707,81.49534883720932
197708,76.53090909090909
197709,72.72769230769232
197710,60.90064516129033
197711,49.159722222222236
197712,44.095172413793094
197801,38.65033557046979
197802,41.26742424242424
197803,50.10198675496689
197804,53.17733333333334
197805,62.5909677419355
197806,76.9162162162162
197807,81.09419354838714
197808,78.97284768211917
197809,70.18205128205128
197810,63.499354838709664
197811,45.230434782608725
197812,33.26127167630057
197901,30.905555555555573
197902,36.87279411764707
197903,45.31744966442953
197904,55.893243243243234
197905,64.13483870967741
197906,75.78356164383561
197907,82.46688741721857
197908,77.23137254901957
197909,75.90333333333331
197910,62.94258064516129
197911,42.64782608695655
197912,40.01935483870968
198001,40.83725490196076
198002,45.95538461538459
198003,45.4767123287671
198004,55.413475177304946
198005,61.15526315789474
198006,77.27123287671229
198007,82.10058479532171
198008,79.90943396226416
198009,72.62533333333336
198010,59.730573248407616
198011,49.874096385542195
198012,45.58774193548384
198101,42.67741935483873
198102,44.70000000000001
198103,47.888321167883184
198104,61.26666666666669
198105,65.12480000000002
198106,81.44714285714282
198107,82.6119205298013
198108,79.4204545454546
198109,71.62866666666663
198110,56.77024793388433
198111,49.595205479452055
198112,41.40636942675163
198201,36.61419354838713
198202,40.93571428571429
198203,47.046451612903226
198204,55.752258064516134
198205,65.08343949044587
198206,74.86333333333329
198207,79.86838709677414
198208,77.97142857142858
198209,70.53266666666664
198210,55.48000000000001
198211,45.2551948051948
198212,37.81949685534592
198301,39.45098039215683
198302,43.49285714285716
198303,48.07931034482755
198304,51.01736111111114
198305,65.90124223602488
198306,75.88289473684213
198307,80.81137724550892
198308,77.09745222929938
198309,72.7909722222222
198310,61.213215859030846
198311,47.61121076233184
198312,41.749339207048465
198401,40.41719457013576
198402,42.552293577981644
198403,51.222317596566526
198404,56.69857142857143
198405,75.48434782608696
198406,78.01048034934502
198407,79.6679824561404
198408,77.6864485981308
198409,74.00990990990995
198410,55.9095238095238
198411,47.871914893617024
198412,39.99570815450645
198501,37.74885496183206
198502,41.74074074074074
198503,49.80784313725488
198504,61.630575539568326
198505,69.61090909090906
198506,80.11428571428574
198507,82.42987551867222
198508,80.53977695167285
198509,68.3171641791045
198510,60.28168498168499
198511,46.52105263157894
198512,40.54794007490636
198601,45.36679841897234
198602,46.560593220338994
198603,55.14668989547035
198604,60.506993006993035
198605,69.91170212765962
198606,80.29541984732822
198607,74.59925373134332
198608,78.75917431192659
198609,69.41971830985912
198610,59.10604026845641
198611,49.162116040955645
198612,41.01480263157897
198701,40.4706896551724
198702,44.169548872180464
198703,47.863815789473705
198704,62.54760273972606
198705,67.38401360544219
198706,81.21677018633542
198707,83.38538461538462
198708,82.12621359223304
198709,76.56447688564471
198710,68.52659574468085
198711,53.091304347826075
198712,43.694230769230764
198801,46.66343434343436
198802,53.03276231263384
198803,57.44207317073171
198804,64.1025
198805,73.77056451612903
198806,84.03410041841009
198807,86.77096774193548
198808,82.72209821428574
198809,76.72294685990337
198810,72.35816993464054
198811,54.951345291479846
198812,47.041596638655456
198901,45.522030237580964
198902,52.387323943661954
198903,62.99479166666668
198904,72.01710213776725
198905,77.22565656565656
198906,84.71457905544143
198907,89.18448979591835
198908,84.41302605210423
198909,79.95645833333334
198910,67.53361344537814
198911,55.25144927536233
198912,47.73318777292575
199001,45.125732217573216
199002,46.98448275862069
199003,56.45125725338493
199004,65.69839999999995
199005,72.08201160541586
199006,85.7181274900399
199007,84.2041420118343
199008,80.70436432637572
199009,76.91785714285714
199010,67.11878557874763
199011,54.01124497991969
199012,40.08566108007448
199101,43.39512670565301
199102,53.74957983193277
199103,49.788235294117634
199104,62.62895752895754
199105,71.38778761061948
199106,78.98423913043486
199107,85.49046793760829
199108,83.22199630314233
199109,76.39477911646587
199110,68.2547572815534
199111,51.80189075630251
199112,44.54785992217901
199201,41.919083969465625
199202,50.36721991701245
199203,53.67305502846302
199204,67.02929687499997
199205,72.07441441441439
199206,81.15696202531646
199207,84.24959612277867
199208,82.08902439024386
199209,78.21378737541525
199210,68.6330645161291
199211,49.71816638370122
199212,41.90455311973017
199301,46.51531690140846
199302,48.172242647058845
199303,56.84536741214062
199304,64.70992907801417
199305,74.5281739130435
199306,81.79242957746479
199307,85.85753968253974
199308,82.89857651245552
199309,78.37862068965518
199310,65.80239316239316
199311,51.48031914893613
199312,44.52346089850248
199401,45.66181172291299
199402,46.71620111731843
199403,58.54960998439937
199404,64.55457746478875
199405,72.84022988505743
199406,86.87891156462582
199407,86.39456310679618
199408,86.45451127819554
199409,78.25035211267608
199410,64.14170940170932
199411,49.00670289855075
199412,46.057245080500905
199501,42.693487394958
199502,50.89117647058827
199503,54.86346153846155
199504,59.30378486055778
199505,67.3418426103647
199506,77.75254901960783
199507,84.92409177820268
199508,82.80460921843692
199509,75.90172413793103
199510,63.77815126050419
199511,55.0344761904762
199512,44.97830882352941
199601,44.918579234972654
199602,50.89360465116281
199603,54.15597826086956
199604,62.81889312977096
199605,74.00831826401443
199606,81.76954732510285
199607,85.83282674772035
199608,84.68791208791214
199609,74.35698324022346
199610,63.767796610169476
199611,54.484357541899435
199612,47.71384615384614
199701,47.43691588785043
199702,50.15794871794872
199703,62.50042918454934
199704,62.67977099236638
199705,78.95144927536231
199706,82.44082397003744
199707,87.60179211469534
199708,85.5996336996337
199709,80.60185873605946
199710,65.16961538461541
199711,55.682575757575776
199712,44.085251798561146
199801,48.12454873646209
199802,46.55519713261648
199803,54.057741935483875
199804,59.43120805369127
199805,70.84903225806455
199806,79.88566552901023
199807,88.22796052631577
199808,87.52540716612378
199809,79.78310810810807
199810,65.60320512820516
199811,54.10894308943088
199812,46.02949308755759
199901,50.33154574132496
199902,52.458712121212116
199903,59.22312599681023
199904,59.59482993197278
199905,73.16223958333335
199906,82.52123655913982
199907,83.76843434343435
199908,83.15927710843373
199909,78.1237113402062
199910,69.14522613065326
199911,58.041779975278104
199912,45.332086851628475
200001,51.46989708404795
200002,54.89642184557435
200003,57.518891687657415
200004,70.00574204946994
200005,79.96973572037504
200006,85.77834782608697
200007,89.38655319148936
200008,85.68444639718804
200009,82.16188257222738
200010,65.5635869565218
200011,49.295566037735846
200012,49.17716894977167
200101,45.43869526362828
200102,49.66629999999995
200103,58.51791443850265
200104,64.91914098972919
200105,79.12073170731708
200106,85.95462107208876
200107,86.60507065669158
200108,85.61639477977158
200109,82.95280898876403
200110,70.95435139573074
200111,58.827397260273955
200112,45.105646481178404
200201,47.466937449228304
200202,52.31928251121076
200203,56.98419773095626
200204,69.70624999999998
200205,75.29550748752081
200206,87.14737295434959
200207,88.24869067103108
200208,86.119066773934
200209,80.48433024431341
200210,66.33917609046843
200211,57.29460370994938
200212,46.26839967506095
200301,53.829983388704335
200302,51.56567567567573
200303,57.52670454545447
200304,63.95113160100601
200305,76.5729707792208
200306,85.32006688963212
200307,90.46587366694014
200308,86.38736842105266
200309,81.93930684699926
200310,73.3641461342395
200311,54.95735042735045
200312,48.899835390946514
200401,49.37358790771674
200402,48.24495798319322
200403,65.51238461538466
200404,66.02428687856562
200405,77.71217183770882
200406,85.30715460526318
200407,88.04750402576504
200408,85.08198473282461
200409,80.01019762845861
200410,66.77870229007632
200411,52.78666666666664
200412,47.50612094395278
200501,50.820336134453804
200502,51.901077199281815
200503,56.520443740095104
200504,65.60531561461794
200505,75.89764227642272
200506,83.47444444444446
200507,90.08731466227349
200508,83.95277337559432
200509,81.15878489326775
200510,69.04845024469823
200511,58.30348258706464
200512,48.67250608272503
200601,48.424111282843896
200602,52.46099830795257
200603,54.2235339506173
200604,64.91814641744551
200605,76.88384379785597
200606,86.76922480620144
200607,88.40395799676895
200608,84.27428343949042
200609,76.91732673267327
200610,66.6955716586151
200611,58.269767441860495
200612,46.17527426160338
200701,43.69999999999999
200702,51.157250470809785
200703,60.29640167364014
200704,65.36033568904598
200705,76.00244313395126
200706,85.10664335664336
200707,87.07603375527431
200708,85.82538994800689
200709,79.73767857142853
200710,68.51042535446197
200711,60.08637532133681
200712,44.249917355371934
200801,44.89344262295078
200802,49.156
200803,57.879886914377934
200804,65.69915682967962
200805,70.98011456628487
200806,85.39881656804727
200807,85.94013104013099
200808,84.34835076427994
200809,79.34271922767492
200810,68.17881889763778
200811,58.627227722772346
200812,50.40347222222222
200901,52.09498327759197
200902,55.71806020066889
200903,61.91219512195121
200904,66.03085714285713
200905,79.42588555858309
200906,80.69422572178479
200907,86.67578947368422
