194210,60.0909090909091
194211,53.665
194212,41.900000000000006
194301,40.643010752688156
194302,46.56309523809525
194303,46.53118279569892
194304,62.11444444444444
194305,71.43870967741935
194306,80.85666666666667
194307,83.74301075268816
194308,84.01935483870969
194309,70.42555555555556
194310,60.79677419354837
194311,48.76999999999999
194312,39.50430107526882
194401,41.74408602150537
194402,47.31609195402299
194403,50.339784946236556
194404,59.51444444444446
194405,71.28387096774193
194406,80.93333333333334
194407,81.9568181818182
194408,80.2225806451613
194409,75.05483870967743
194410,72.0
194411,53.44666666666668
194412,38.56129032258065
194501,40.951612903225815
194502,48.604651162790695
194503,60.58522727272726
194504,63.4925925925926
194505,67.87613636363638
194506,76.89499999999998
194507,79.66351351351348
194508,80.00724637681161
194509,73.80701754385964
194510,60.127868852459024
194511,52.944067796610184
194512,40.61176470588236
194807,80.70322580645161
194808,78.78387096774195
194809,73.10333333333334
194810,60.66129032258065
194811,52.45
194812,46.58548387096774
194901,44.65645161290323
194902,48.0625
194903,52.54032258064515
194904,60.603333333333325
194905,72.25376344086023
194906,78.06555555555556
194907,80.49635036496349
194908,77.07290322580647
194909,68.87933333333335
194910,62.96645161290321
194911,52.331333333333305
194912,45.2793548387097
195001,48.28064516129032
195002,46.737142857142835
195003,49.18064516129031
195004,58.66266666666667
195005,69.97612903225806
195006,76.64933333333332
195007,77.04000000000003
195008,75.45870967741936
195009,69.73466666666664
195010,65.42258064516126
195011,46.931333333333335
195012,38.34129032258064
195101,41.91354838709679
195102,44.33714285714287
195103,51.55806451612902
195104,58.257333333333314
195105,69.74516129032261
195106,76.03
195107,79.84247311827959
195108,80.80967741935483
195109,70.89444444444446
195110,62.09623655913979
195111,44.23833333333332
195112,43.96129032258066
195201,46.74946236559141
195202,47.677011494252866
195203,49.44623655913976
195204,57.68555555555557
195205,68.61236559139786
195206,82.27833333333331
195207,81.95161290322582
195208,80.31451612903227
195209,70.68722222222223
195210,54.79032258064516
195211,49.03166666666667
195212,42.36612903225805
195301,44.6236559139785
195302,45.16190476190476
195303,55.702150537634424
195304,57.345555555555556
195305,69.84677419354837
195306,83.46999999999997
195307,79.89623655913977
195308,79.02043010752689
195309,74.29
195310,63.41612903225807
195311,48.984444444444435
195312,40.80913978494625
195401,41.080107526881726
195402,50.193452380952394
195403,50.20591397849463
195404,66.43333333333334
195405,64.80430107526881
195406,79.78611111111111
195407,85.1268817204301
195408,84.53602150537633
195409,76.13666666666667
195410,63.04408602150536
195411,49.498888888888885
195412,42.64032258064514
195501,43.24999999999999
195502,44.77500000000001
195503,54.18387096774194
195504,66.64000000000001
195505,72.70967741935483
195506,74.2
195507,82.30967741935484
195508,80.51612903225806
195509,76.96666666666665
195510,63.35161290322581
195511,51.17
195512,42.35483870967741
195601,39.938709677419354
195602,46.87586206896552
195603,52.95483870967742
195604,61.25333333333333
195605,73.70645161290322
195606,77.78
195607,81.70967741935483
195608,82.7774193548387
195609,73.94999999999999
195610,66.42258064516129
195611,50.52333333333334
195612,49.29999999999998
195701,40.07419354838709
195702,49.91428571428572
195703,50.829032258064515
195704,62.15999999999999
195705,72.1032258064516
195706,78.40333333333335
195707,82.21290322580641
195708,79.85483870967742
195709,71.85666666666665
195710,60.50967741935484
195711,51.97999999999999
195712,49.21935483870969
195801,39.86774193548387
195802,38.5142857142857
195803,46.27096774193548
195804,61.49333333333334
195805,71.34193548387097
195806,77.72000000000001
195807,81.1774193548387
195808,80.66129032258063
195809,74.41000000000003
195810,62.93870967741937
195811,54.71333333333333
195812,39.86774193548387
195901,39.422580645161304
195902,44.86428571428572
195903,52.71612903225806
195904,62.4
195905,74.25806451612905
195906,77.11333333333332
195907,78.77741935483871
195908,80.93225806451612
195909,74.55333333333334
195910,63.39677419354839
195911,47.43333333333332
195912,46.49677419354839
196001,40.0516129032258
196002,38.21206896551725
196003,38.7241935483871
196004,63.66833333333332
196005,67.42903225806452
196006,77.35833333333333
196007,79.1435483870968
196008,79.65322580645162
196009,74.53833333333334
196010,62.21290322580644
196011,49.85
196012,36.65806451612904
196101,34.45
196102,45.5642857142857
196103,53.95000000000001
196104,58.208333333333336
196105,66.60967741935485
196106,74.94833333333334
196107,79.15322580645163
196108,76.86612903225804
196109,72.555
196110,61.82258064516129
196111,49.46000000000001
196112,39.73548387096775
196201,36.57096774193548
196202,48.917857142857144
196203,48.67741935483871
196204,59.649999999999984
196205,75.10322580645159
196206,76.36333333333333
196207,81.25483870967743
196208,81.4193548387097
196209,72.36333333333333
196210,65.62580645161292
196211,50.37666666666666
196212,41.50645161290323
196301,33.57096774193548
196302,38.89285714285715
196303,57.72258064516129
196304,64.81000000000002
196305,71.02580645161291
196306,79.79
196307,80.38064516129035
196308,80.55483870967743
196309,73.77999999999999
196310,68.80645161290323
196311,53.730000000000004
196312,33.97096774193548
196401,41.03548387096773
196402,41.55862068965518
196403,52.65161290322581
196404,64.67333333333333
196405,72.18387096774194
196406,79.89999999999999
196407,81.9
196408,78.54838709677422
196409,73.18666666666667
196410,59.806451612903224
196411,54.25666666666667
196412,43.60322580645161
196501,41.940322580645166
196502,41.205357142857146
196503,43.038709677419355
196504,64.65000000000002
196505,72.3451612903226
196506,77.34166666666667
196507,80.81129032258063
196508,78.96935483870968
196509,72.79666666666667
196510,59.78870967741935
196511,55.34000000000001
196512,45.645161290322584
196601,35.87096774193548
196602,42.81428571428571
196603,54.7290322580645
196604,62.72
196605,68.79032258064517
196606,77.88666666666668
196607,83.51612903225806
196608,77.10322580645162
196609,71.47333333333333
196610,58.84193548387096
196611,54.126666666666665
196612,42.70000000000001
196701,40.01827956989247
196702,37.9547619047619
196703,56.31505376344085
196704,64.00222222222224
196705,65.20000000000002
196706,75.14666666666668
196707,75.10215053763442
196708,72.9483870967742
196709,65.95555555555555
196710,59.14838709677419
196711,46.87555555555555
196712,40.40215053763441
196801,35.520634920634926
196802,35.95
196803,49.185483870967744
196804,59.70166666666666
196805,65.41935483870967
196806,75.69833333333334
196807,76.56290322580645
196808,78.06612903225803
196809,68.68666666666667
196810,60.487096774193574
196811,48.05833333333332
196812,39.370967741935466
196901,43.39677419354838
196902,42.57142857142858
196903,45.887096774193544
196904,62.12666666666665
196905,69.68387096774194
196906,77.15333333333334
196907,83.64193548387095
196908,78.13225806451612
196909,72.33666666666667
196910,62.022580645161305
196911,49.54333333333334
196912,41.24838709677419
197001,35.44516129032258
197002,42.51428571428572
197003,47.806451612903224
197004,63.50666666666668
197005,71.68064516129033
197006,78.28000000000002
197007,79.49032258064514
197008,79.66774193548386
197009,77.21666666666668
197010,60.86451612903225
197011,50.42
197012,47.40000000000002
197101,40.36774193548386
197102,44.039285714285725
197103,49.94838709677419
197104,59.79999999999998
197105,65.78709677419354
197106,78.24
197107,79.32258064516128
197108,76.89999999999999
197109,75.21999999999998
197110,68.21612903225807
197111,50.849999999999994
197112,49.41612903225806
197201,43.28709677419354
197202,46.05517241379311
197203,54.01935483870968
197204,63.186666666666696
197205,69.96774193548389
197206,79.1
197207,79.26451612903227
197208,79.62580645161289
197209,74.91333333333333
197210,61.719354838709684
197211,48.01
197212,40.516129032258064
197301,39.421198156682046
197302,42.41122448979597
197303,57.301843317972384
197304,59.16904761904764
197305,69.0317972350231
197306,78.3476190476191
197307,81.22488479262671
197308,79.61152073732715
197309,74.75190476190481
197310,66.39308755760372
197311,56.9186274509804
197312,42.965898617511584
197401,42.073271889400914
197402,45.859693877551024
197403,57.50046082949303
197404,61.75666666666665
197405,71.53594470046086
197406,74.03095238095233
197407,82.38202764976954
197408,77.85944700460826
197409,67.58761904761901
197410,61.81244239631337
197411,51.742857142857176
197412,43.32764976958526
197501,44.9021505376344
197502,43.842857142857106
197503,48.41075268817198
197504,61.38444444444447
197505,72.38666666666668
197506,78.14111111111107
197507,80.66344086021512
197508,79.2344086021505
197509,69.52222222222225
197510,63.749462365591434
197511,51.31529411764705
197512,43.168181818181864
197601,40.34615384615383
197602,52.77261904761907
197603,56.85652173913049
197604,63.12247191011232
197605,65.31910112359549
197606,74.81882352941182
197607,81.10344827586206
197608,78.89101123595506
197609,71.59166666666667
197610,57.48636363636363
197611,44.824999999999974
197612,40.998876404494375
197701,29.00444444444446
197702,44.853246753246765
197703,56.817857142857164
197704,65.81481481481481
197705,74.72643678160922
197706,80.39761904761902
197707,82.72857142857137
197708,81.07647058823534
197709,76.92317073170733
197710,62.31839080459772
197711,52.86144578313251
197712,41.70333333333334
197801,31.24999999999998
197802,32.69518072289155
197803,49.40434782608691
197804,66.49770114942521
197805,70.82999999999997
197806,79.75058823529416
197807,84.21777777777778
197808,80.81318681318679
197809,75.27931034482764
197810,61.2266666666666
197811,53.89550561797753
197812,42.10113636363639
197901,28.920224719101114
197902,36.74756097560973
197903,54.078409090909105
197904,61.83181818181822
197905,68.03222222222225
197906,76.51818181818177
197907,80.21162790697667
197908,78.50222222222227
197909,71.64235294117651
197910,64.35604395604398
197911,49.22195121951217
197912,43.86853932584271
198001,41.647252747252736
198002,39.621176470588246
198003,48.457777777777764
198004,60.92758620689657
198005,70.19069767441864
198006,79.6730337078652
198007,88.9534090909091
198008,86.1448275862069
198009,78.25000000000003
198010,61.31555555555556
198011,51.04367816091952
198012,43.1288888888889
198101,38.95604395604393
198102,45.038554216867496
198103,52.035164835164814
198104,68.08333333333334
198105,66.30549450549451
198106,79.35909090909095
198107,82.3623529411765
198108,78.85444444444451
198109,72.36853932584262
198110,60.637777777777764
198111,53.525882352941196
198112,41.00340909090908
198201,34.83048780487805
198202,40.384615384615394
198203,55.70674157303373
198204,58.00348837209307
198205,73.17023809523802
198206,76.4253164556962
198207,82.93521126760561
198208,80.50759493670888
198209,72.71494252873562
198210,63.239325842696644
198211,51.69655172413793
198212,48.06741573033709
198301,38.826086956521706
198302,44.544444444444444
198303,50.90112359550564
198304,55.24482758620692
198305,67.45494505494501
198306,76.47857142857146
198307,82.86304347826093
198308,84.61827956989241
198309,75.4258823529412
198310,64.91
198311,52.328571428571436
198312,30.410344827586236
198401,35.56250000000002
198402,46.49634146341462
198403,49.9788659793814
198404,61.467647058823474
198405,69.56161137440758
198406,80.7634615384615
198407,80.97136150234742
198408,79.04326923076923
198409,72.34830917874395
198410,63.9051136363636
198411,49.738202247191
198412,52.70468750000001
198501,33.61747572815533
198502,38.59101796407188
198503,56.675555555555555
198504,64.16179775280898
198505,70.46373626373625
198506,78.21976744186041
198507,80.92788461538458
198508,79.52376237623761
198509,71.78532110091749
198510,64.74188034188036
198511,55.064044943820235
198512,37.93796296296294
198601,42.833653846153844
198602,46.22428571428571
198603,53.81724137931035
198604,63.24590163934427
198605,70.46296296296298
198606,79.30727272727272
198607,85.93839285714282
198608,78.1666666666667
198609,76.48909090909092
198610,62.56727272727274
198611,48.61962616822427
198612,41.561403508771924
198701,39.81531531531534
198702,45.94158415841586
198703,53.10176991150443
198704,62.77981651376148
198705,75.08990825688068
198706,79.23564356435641
198707,81.43428571428575
198708,83.09203539823008
198709,73.06822429906543
198710,58.88684210526316
198711,53.431481481481484
198712,44.369642857142836
198801,35.66283185840708
198802,42.72666666666667
198803,52.72272727272725
198804,62.999056603773596
198805,72.39999999999998
198806,80.9339449541284
198807,81.47387387387391
198808,82.91403508771927
198809,75.50943396226411
198810,59.78198198198201
198811,54.37699115044247
198812,45.10901639344263
198901,46.52991803278692
198902,37.908755760368656
198903,53.8150406504065
198904,63.732327586206914
198905,70.12550607287446
198906,76.6850622406639
198907,79.50572687224674
198908,81.08728813559318
198909,71.64297872340421
198910,65.18205128205128
198911,55.00294117647053
198912,35.88803418803419
199001,48.61457489878545
199002,51.610900473933654
199003,55.063596491228104
199004,61.46233183856507
199005,68.21125541125541
199006,82.35327102803733
199007,83.4020661157025
199008,82.97368421052636
199009,78.21371681415927
199010,62.64070796460175
199011,57.80986547085201
199012,43.823931623931635
199101,38.8732456140351
199102,49.638164251207705
199103,57.33391304347828
199104,65.76588785046727
199105,74.84120171673818
199106,81.06484018264842
199107,84.42217741935485
199108,81.78640000000004
199109,73.72762645914398
199110,65.9344202898551
199111,49.253260869565224
199112,47.334343434343396
199201,42.96983606557376
199202,51.118149466192136
199203,54.63047619047615
199204,63.73514150943397
199205,67.8484
199206,73.63500866551125
199207,79.21772575250839
199208,73.39594594594594
199209,70.18489583333333
199210,61.83356890459367
199211,47.491119691119664
199212,41.34496644295302
199301,37.873232323232294
199302,39.37118644067797
199303,47.95866666666669
199304,55.945517241379335
199305,66.396127946128
199306,75.71363636363635
199307,83.5965397923875
199308,80.98823529411762
199309,69.16111111111115
199310,57.32871972318339
199311,45.76654929577466
199312,42.10050505050502
199401,34.67627986348125
199402,42.21688804554076
199403,52.09030612244897
199404,62.823539518900375
199405,66.67067796610166
199406,79.21792114695334
199407,77.72147651006712
199408,76.68650000000001
199409,69.95154109589043
199410,62.08377926421408
199411,53.520629370629365
199412,43.885248713550595
199501,39.79113712374583
199502,43.64333333333332
199503,52.76825938566554
199504,60.00512367491169
199505,67.10844594594596
199506,74.61275862068968
199507,80.20084175084176
199508,83.28996598639453
199509,69.02820069204145
199510,61.592777777777734
199511,47.36049618320608
199512,39.914259259259254
199601,36.045571955719566
199602,43.49623015873017
199603,45.01132075471698
199604,58.170229007633594
199605,72.23904958677686
199606,76.57890624999999
199607,78.23318777292577
199608,77.59197761194037
199609,69.47624521072804
199610,60.81199261992616
199611,45.62490421455941
199612,43.453932584269666
199701,36.6924214417745
199702,44.63703703703703
199703,54.26326530612244
199704,55.972111553784856
199705,65.5166666666667
199706,73.88927203065131
199707,81.04594095940959
199708,77.05870445344127
199709,72.03724696356278
199710,60.194324853229
199711,46.44510204081632
199712,39.16051080550097
199801,42.6088408644401
199802,45.27415966386559
199803,47.615370370370364
199804,58.82538759689921
199805,72.64516728624538
199806,79.9717557251908
199807,83.39686346863469
199808,80.04048507462689
199809,77.78352490421456
199810,62.872523364486
199811,52.84540229885054
199812,42.223048327137555
199901,40.795402298850554
199902,49.040310077519415
199903,48.203463855421695
199904,62.566718995290444
199905,67.59970544919001
199906,75.60850746268655
199907,81.84382352941174
199908,80.9412698412698
199909,71.24767255216692
199910,62.22876712328771
199911,55.88686567164181
199912,43.91280575539566
200001,40.84226125137215
200002,49.011606096131274
200003,54.630115424973766
200004,59.95906183368867
200005,71.25835030549894
200006,74.8345238095238
200007,80.40103305785128
200008,84.31441441441437
200009,73.19621052631572
200010,63.86326326326327
200011,45.96893305439327
200012,30.51735620585265
200101,36.33066132264526
200102,44.27031602708806
200103,47.05336008024075
200104,65.36281250000002
200105,69.27374872318693
200106,75.54142259414222
200107,81.73286147623857
200108,80.29875359539801
200109,70.2686238532111
200110,59.39503161698286
200111,54.12608286252357
200112,44.53775784753364
200201,42.35504915102769
200202,41.36162570888471
200203,47.47694278394537
200204,63.29362880886424
200205,66.53894823336077
200206,76.50353448275862
200207,79.89893004115227
200208,79.34742436631234
200209,74.2790459965928
200210,59.2986938775511
200211,47.71632996632997
200212,42.161143330571676
200301,35.72636734693877
200302,38.97875226039784
200303,50.66236820762366
200304,61.60301003344477
200305,69.35677419354847
200306,73.23186356073212
200307,80.18082987551865
200308,80.30040192926049
200309,69.22466887417225
200310,62.38506860371264
200311,53.94212730318257
200312,42.135523114355216
200401,40.07607461476075
200402,40.490869939707146
200403,55.24147501982561
200404,60.51252019386106
200405,70.82529644268769
200406,75.15519429024584
200407,77.32056514913661
200408,74.88685800604227
200409,72.49468412942988
200410,65.4597382602001
200411,53.4174924924925
200412,41.19701166180758
200501,42.97797202797204
200502,46.19334637964777
200503,49.81641921397383
200504,60.324887285843104
200505,67.80582608695653
200506,77.98282647584972
200507,79.82879200726622
200508,81.68583765112254
200509,76.31632841328407
200510,61.41746031746026
200511,53.413731060606054
200512,39.159943714821765
200601,47.600707964601774
200602,41.1999019607843
200603,54.070499108734374
200604,66.93068833652002
200605,70.21690647482012
200606,77.20624426078972
200607,81.70700934579438
200608,81.33022598870058
200609,69.13365019011407
200610,59.13149381541388
200611,50.6514285714286
200612,44.19080118694363
200701,38.26537369914856
200702,39.68535564853556
200703,59.431668237511765
200704,57.307407407407396
200705,70.8070772058823
200706,76.72608695652173
200707,77.64706927175848
200708,84.14442462087425
200709,73.50921052631578
200710,63.293646864686465
200711,51.50121633362294
200712,42.39874895746453
200801,37.9322131147541
200802,41.853901996370226
200803,51.20508044030483
200804,58.2004336513443
200805,68.25057471264378
200806,77.74567266495283
200807,80.50756578947367
200808,77.37493734335844
200809,70.47668659265594
200810,59.48805237315879
200811,48.66533742331286
200812,40.71776504297995
200901,37.64035608308604
200902,47.1599358974359
200903,53.24857954545453
200904,60.145987654321
200905,68.70924855491327
200906,80.02732558139535
200907,79.00999999999999
