194303,24.815789473684216
194304,44.190000000000005
194305,44.31935483870967
194306,52.559999999999974
194307,67.06451612903226
194308,64.43870967741933
194309,55.669999999999995
194310,41.42258064516129
194311,26.79
194312,18.109677419354842
194401,11.458064516129033
194402,16.63939393939394
194403,21.13870967741936
194404,40.413333333333334
194405,51.54838709677419
194406,53.383333333333326
194407,63.52405063291141
194408,60.92795698924732
194409,54.33444444444445
194410,48.41720430107526
194411,26.64111111111111
194412,21.112903225806452
194501,22.368817204301077
194502,21.388095238095236
194503,30.398924731182788
194504,34.28333333333333
194505,46.93763440860215
194506,52.13555555555554
194507,66.21290322580644
194508,64.67311827956989
194509,49.98777777777777
194510,45.95591397849462
194511,40.43333333333333
194801,24.369120287253143
194802,20.132950191570874
194803,26.02060931899641
194804,42.67370370370373
194805,52.846594982078855
194806,60.6514814814815
194807,64.70250896057348
194808,65.91756272401433
194809,57.90907407407406
194810,45.2989247311828
194811,32.5575925925926
194812,14.902867383512554
194901,4.583681214421254
194902,15.551050420168059
194903,28.699620493358633
194904,48.20000000000002
194905,55.44531548757171
194906,59.84509803921567
194907,66.72865275142316
194908,68.70834914611002
194909,55.63705882352941
194910,39.95445920303605
194911,40.88330058939096
194912,20.65532319391633
195001,3.747248576850096
195002,27.076470588235296
195003,27.977419354838702
195004,39.65343811394893
195005,48.55274102079394
195006,57.4130081300813
195007,64.7990099009901
195008,63.75326732673265
195009,54.65071574642126
195010,47.140513833992095
195011,29.382688391038688
195012,28.040079365079375
195101,16.734468937875754
195102,24.204194260485654
195103,21.758283433133727
195104,40.66216216216216
195105,52.66573146292585
195106,54.20186721991703
195107,67.64012096774194
195108,62.975806451612904
195109,51.84261954261953
195110,41.46127744510978
195111,30.77983367983368
195112,16.23512974051896
195201,15.606199999999998
195202,23.736752136752127
195203,25.546076458752502
195204,47.03020833333334
195205,53.298189134808865
195206,60.26777546777547
195207,65.62144288577156
195208,66.06438631790749
195209,58.886099585062254
195210,46.7933734939759
195211,28.917489711934152
195212,25.787799999999997
195301,32.13870967741935
195302,29.27831858407081
195303,34.78795180722892
195304,38.32979166666668
195305,47.82494969818914
195306,57.834375
195307,69.8804828973843
195308,66.98346774193548
195309,59.27525987525988
195310,49.486693548387116
195311,38.81609442060085
195312,30.09699570815451
195401,16.239232409381664
195402,34.71741071428573
195403,26.274596774193544
195404,40.58208333333335
195405,52.66512096774191
195406,56.98979166666665
195407,70.93447580645164
195408,64.83185483870967
195409,55.96437499999999
195410,43.61915322580645
195411,40.613958333333336
195412,27.388104838709676
195501,21.04388297872341
195502,18.724107142857147
195503,23.083606557377045
195504,40.267222222222216
195505,50.26182795698923
195506,60.23833333333332
195507,66.97688172043009
195508,70.16854838709676
195509,55.67388888888888
195510,48.09874055415617
195511,20.054722222222228
195512,18.15591397849462
195601,17.21666666666667
195602,18.263218390804596
195603,31.120161290322578
195604,41.017222222222216
195605,53.951612903225794
195606,63.77472222222221
195607,68.37956989247314
195608,64.70913978494623
195609,57.44138888888888
195610,46.26236559139785
195611,32.870833333333344
195612,27.08252688172044
195701,7.0935483870967735
195702,21.36785714285714
195703,31.475537634408596
195704,41.05249999999999
195705,55.53145161290322
195706,60.45638888888887
195707,70.39112903225806
195708,66.59946236559138
195709,56.483333333333356
195710,40.998118279569894
195711,31.910555555555543
195712,32.22150537634408
195801,28.65994623655914
195802,23.96726190476191
195803,28.114784946236565
195804,42.43555555555556
195805,60.85672043010753
195806,59.1738888888889
195807,64.23306451612906
195808,70.20940860215053
195809,57.00305555555555
195810,46.84337662337663
195811,30.93605263157896
195812,25.302290076335876
195901,18.36505102040817
195902,14.472752808988767
195903,34.68324873096447
195904,42.10423280423281
195905,48.23596938775511
195906,62.95287958115183
195907,69.57132169576057
195908,65.8831265508685
195909,54.06769230769231
195910,42.02213740458014
195911,25.99384615384615
195912,28.796277915632768
196001,16.61166253101737
196002,19.897347480106102
196003,28.139454094292805
196004,41.92487179487179
196005,51.775682382134
196006,61.64948717948716
196007,74.01414392059552
196008,64.75111662531019
196009,58.02743589743593
196010,46.75558312655086
196011,31.6323076923077
196012,23.205459057071966
196101,25.715281501340474
196102,32.05624999999999
196103,36.656720430107505
196104,39.96222222222221
196105,53.905645161290316
196106,69.48055555555554
196107,71.3983870967742
196108,73.09784946236559
196109,49.99499999999999
196110,43.42580645161291
196111,28.477777777777774
196112,18.467204301075267
196201,16.516666666666662
196202,20.41607142857142
196203,25.040053763440856
196204,46.91333333333334
196205,51.840053763440864
196206,62.334166666666675
196207,65.74623655913979
196208,66.15860215053762
196209,55.55416666666666
196210,47.76747311827958
196211,37.1738888888889
196212,28.686290322580632
196301,9.46908602150538
196302,30.6610119047619
196303,37.27096774193549
196304,42.23194444444444
196305,53.155107526881714
196306,60.968611111111116
196307,68.79489247311828
196308,69.02822580645162
196309,61.960833333333326
196310,51.4505376344086
196311,34.51888888888889
196312,19.49301075268817
196401,24.212938005390836
196402,27.646839080459767
196403,26.531978319783196
196404,42.22694444444442
196405,53.56129032258063
196406,60.436388888888885
196407,70.80645161290319
196408,63.98172043010753
196409,52.3138888888889
196410,47.189784946236564
196411,29.181666666666672
196412,12.157258064516126
196501,20.85513196480938
196502,22.42402597402598
196503,19.22287390029325
196504,42.2630303030303
196505,50.55909090909091
196506,59.26242424242425
196507,67.7741935483871
196508,66.1800586510264
196509,45.37515151515151
196510,50.19882697947214
196511,32.72424242424242
196512,26.160117302052786
196601,13.744574780058652
196602,21.128571428571437
196603,33.90205278592376
196604,39.751975683890585
196605,55.373900293255154
196606,59.4118181818182
196607,70.51420118343198
196608,65.24564564564564
196609,62.02030303030304
196610,45.57888563049855
196611,28.79833333333334
196612,24.23333333333333
196701,24.178763440860216
196702,27.207012195121955
196703,27.526075268817195
196704,36.2725
196705,50.234139784946244
196706,58.92000000000002
196707,70.30376344086022
196708,70.52876344086022
196709,61.84305555555556
196710,46.629301075268806
196711,32.54555555555556
196712,19.98279569892473
196801,17.067473118279572
196802,27.079310344827576
196803,38.53306451612902
196804,40.65333333333332
196805,50.47123655913978
196806,59.33828571428572
196807,68.3741935483871
196808,63.51202346041058
196809,55.760303030303035
196810,45.232844574780046
196811,33.35727272727273
196812,15.638123167155431
196901,3.7331378299120215
196902,16.619805194805195
196903,24.403519061583573
196904,47.29696969696968
196905,54.750439882697954
196906,57.91272727272727
196907,66.56598240469208
196908,70.63313782991202
196909,59.60757575757576
196910,38.117302052785924
196911,35.50363636363635
196912,26.473607038123166
197001,15.885923753665685
197002,28.437012987012995
197003,28.347800586510264
197004,37.72878787878789
197005,52.76539589442816
197006,64.63363636363637
197007,69.4809384164223
197008,69.76275659824049
197009,52.503939393939405
197010,41.87155425219942
197011,29.38121212121213
197012,20.191495601173017
197101,16.47800586510264
197102,25.503896103896107
197103,30.516129032258053
197104,42.81606060606062
197105,53.82785923753664
197106,60.24303030303032
197107,66.9442815249267
197108,73.50117302052784
197109,52.79090909090909
197110,42.36862170087976
197111,33.495454545454535
197112,15.966275659824047
197201,12.116422287390026
197202,21.867398119122253
197203,36.07331378299121
197204,41.856666666666655
197205,52.613823529411754
197206,63.617575757575786
197207,63.890909090909076
197208,68.15835777126102
197209,52.0221212121212
197210,41.197360703812315
197211,32.491515151515145
197212,16.21173020527859
197301,23.371428571428567
197302,30.553225806451614
197303,39.01666666666666
197304,46.044067796610165
197305,56.91129032258065
197306,60.76235294117646
197307,70.42635658914729
197308,69.97625899280574
197309,56.09915966386555
197310,47.899122807017534
197311,28.72654867256637
197312,28.244354838709675
197401,19.62704918032787
197402,30.751754385964908
197403,33.30243902439023
197404,46.035537190082636
197405,50.852941176470594
197406,66.48723404255317
197407,71.1109090909091
197408,62.98076923076923
197409,55.19840000000001
197410,47.20263157894737
197411,33.98166666666667
197412,26.37560975609756
197501,20.82032520325203
197502,18.31964285714286
197503,27.584000000000003
197504,34.92413793103449
197505,48.58378378378378
197506,58.05254237288136
197507,70.37310344827587
197508,61.08292682926828
197509,54.3502994011976
197510,41.364583333333336
197511,26.09069767441861
197512,23.876315789473683
197601,20.69470198675497
197602,25.0986013986014
197603,25.82937062937062
197604,40.69440559440559
197605,52.45434782608696
197606,56.529457364341084
197607,67.69784172661872
197608,61.65878378378377
197609,55.28823529411765
197610,41.526271186440674
197611,30.81063829787235
197612,22.430630630630624
197701,15.243220338983061
197702,27.63396226415095
197703,28.56363636363636
197704,45.558181818181836
197705,49.063709677419354
197706,62.74733333333332
197707,65.49276315789471
197708,62.06772151898733
197709,53.77116564417178
197710,44.121126760563385
197711,28.624242424242436
197712,21.836231884057973
197801,18.94071428571429
197802,22.112878787878792
197803,34.19722222222222
197804,42.87153846153846
197805,48.87054263565892
197806,59.51192052980132
197807,65.26904761904761
197808,61.73819444444442
197809,53.059285714285714
197810,43.86785714285715
197811,24.588571428571434
197812,14.613793103448275
197901,7.905309734513272
197902,21.345161290322576
197903,33.52523364485982
197904,41.30810810810811
197905,50.29624060150376
197906,60.83836477987421
197907,68.35917159763312
197908,64.3724358974359
197909,59.68873239436619
197910,45.75522388059701
197911,25.618604651162798
197912,26.823357664233573
198001,15.756000000000004
198002,27.37876106194691
198003,29.940350877192973
198004,46.527678571428574
198005,52.12352941176468
198006,57.785384615384615
198007,66.05083798882683
198008,59.31176470588234
198009,53.5
198010,43.896376811594195
198011,32.28507462686568
198012,25.599285714285717
198101,26.96878306878306
198102,26.886904761904763
198103,35.532500000000006
198104,44.03515151515152
198105,49.493288590604024
198106,56.42562499999999
198107,65.57254901960783
198108,66.47284768211918
198109,57.103973509933766
198110,40.47094594594594
198111,32.828148148148145
198112,21.384431137724544
198201,12.041221374045799
198202,19.316666666666663
198203,29.794074074074075
198204,36.69060402684564
198205,48.82248520710059
198206,57.721088435374135
198207,64.21862068965518
198208,66.4472972972973
198209,52.99319727891155
198210,40.869064748201424
198211,25.69191176470589
198212,21.216083916083917
198301,25.946308724832203
198302,28.796842105263156
198303,34.16420454545454
198304,38.28828124999999
198305,48.40000000000001
198306,57.144444444444446
198307,62.94240506329116
198308,67.69216867469878
198309,51.46300578034681
198310,44.355050505050485
198311,31.727040816326536
198312,6.763184079601987
198401,22.79009433962264
198402,28.894086021505373
198403,31.782790697674425
198404,41.345
198405,51.01219512195121
198406,58.67806122448979
198407,69.54279661016948
198408,68.32067510548524
198409,51.08772727272727
198410,39.424644549763045
198411,30.59803921568627
198412,12.003813559322033
198501,15.608433734939764
198502,18.43669724770642
198503,30.405150214592283
198504,45.90966183574877
198505,57.07623318385648
198506,60.53291666666669
198507,71.39554655870445
198508,63.017424242424234
198509,49.816723549488074
198510,42.03221757322174
198511,15.107600000000009
198512,17.518631178707228
198601,26.576335877862597
198602,20.056800000000003
198603,40.370270270270275
198604,42.46757990867582
198605,51.997641509433954
198606,65.92060301507536
198607,65.65714285714286
198608,67.62292682926831
198609,49.67386934673369
198610,43.809271523178786
198611,28.39076923076924
198612,22.567938931297707
198701,20.6796992481203
198702,28.184426229508198
198703,32.796236559139786
198704,49.18848167539267
198705,56.152229299363064
198706,63.554430379746826
198707,65.8289340101523
198708,63.53755868544603
198709,58.21637168141593
198710,45.367372881355934
198711,34.924074074074085
198712,23.781067961165046
198801,14.853061224489796
198802,22.75125448028674
198803,34.6393442622951
198804,46.28278388278389
198805,58.84344569288388
198806,73.16175438596491
198807,72.47330508474573
198808,69.21468531468533
198809,55.92404580152669
198810,47.16405693950179
198811,30.40412371134021
198812,22.267010309278348
198901,19.05250836120401
198902,9.644522968197881
198903,27.2925
198904,43.4254125412541
198905,53.743046357615924
198906,62.034482758620726
198907,72.92064056939505
198908,67.0206779661017
198909,56.791199999999996
198910,44.55115384615384
198911,32.30719696969697
198912,16.94784172661871
199001,25.90517799352751
199002,23.361276595744673
199003,34.28776371308018
199004,43.78416666666664
199005,51.74586776859504
199006,61.656734693877524
199007,69.53173913043476
199008,69.28060344827584
199009,62.26244725738394
199010,43.27344398340251
199011,32.75984251968505
199012,12.0822463768116
199101,14.319465648854967
199102,33.784651162790695
199103,33.86974789915968
199104,43.82384937238493
199105,53.594979079497925
199106,61.81118881118881
199107,69.2085501858736
199108,70.87041666666667
199109,55.85158730158731
199110,39.74944237918215
199111,27.28333333333334
199112,23.832786885245905
199201,24.71277372262774
199202,28.106985294117642
199203,38.14065934065936
199204,43.96678571428571
199205,56.03409090909091
199206,62.61055718475071
199207,62.49353233830846
199208,63.7667539267016
199209,55.688135593220316
199210,46.120520231213874
199211,30.52654320987654
199212,16.120261437908507
199301,10.603367003367003
199302,12.727586206896556
199303,34.357187499999995
199304,44.027597402597394
199305,57.05384615384614
199306,57.72872628726286
199307,59.215844155844096
199308,61.60706806282724
199309,52.962797619047585
199310,43.16513157894736
199311,26.175675675675667
199312,26.748
199401,14.47915309446254
199402,13.329520295202958
199403,36.9391459074733
199404,44.77065217391305
199405,57.04468864468862
199406,61.85670731707314
199407,67.62426035502955
199408,67.65406162464988
199409,59.3431610942249
199410,44.479384615384625
199411,29.787337662337663
199412,22.761056105610567
199501,19.416088328075716
199502,26.606159420289856
199503,30.047781569965856
199504,39.14863013698627
199505,51.24651898734176
199506,60.208287292817694
199507,65.90028985507246
199508,67.80361010830325
199509,54.6818770226537
199510,43.26267605633801
199511,30.252739726027407
199512,18.351315789473677
199601,9.01503496503497
199602,22.208791208791222
199603,22.03992805755397
199604,42.48296296296295
199605,48.6663333333333
199606,64.41561461794018
199607,69.52427745664743
199608,69.80276243093921
199609,54.949999999999974
199610,42.85945945945947
199611,22.97721518987342
199612,14.982272727272726
199701,12.512121212121212
199702,25.049779735682815
199703,31.9808163265306
199704,39.56150442477877
199705,54.158431372549046
199706,63.49600000000001
199707,66.47591463414636
199708,67.12594936708858
199709,59.329411764705846
199710,44.79063670411985
199711,30.154356846473025
199712,26.380078125000004
199801,19.457142857142852
199802,31.389516129032245
199803,27.489259259259253
199804,45.670428015564184
199805,55.492434210526305
199806,55.6588068181818
199807,71.9219948849105
199808,69.7906593406593
199809,61.96098765432098
199810,44.965608465608476
199811,33.649570200573066
199812,20.788586956521748
199901,18.344235924932974
199902,28.76685714285715
199903,35.60812182741116
199904,42.27368421052631
199905,51.97670157068062
199906,59.75352798053529
199907,68.0315165876777
199908,68.03100233100233
199909,53.29820051413882
199910,46.345558739255004
199911,38.321220159151196
199912,28.199452054794527
200001,20.55406698564594
200002,25.59924050632911
200003,36.4864864864865
200004,44.54054726368161
200005,54.60456730769234
200006,60.33470715835142
200007,70.77580299785868
200008,69.05339366515834
200009,54.94920273348519
200010,44.4645
200011,20.061878453038663
200012,12.7305
200101,21.6117936117936
200102,13.872876712328758
200103,33.70076335877861
200104,43.14438502673798
200105,56.346386946386914
200106,60.55569358178053
200107,69.59563492063491
200108,71.32101167315174
200109,59.591038696537694
200110,43.95227765726683
200111,36.590804597701165
200112,23.285576923076924
200201,24.088221709006937
200202,28.34191176470589
200203,19.918320610687022
200204,40.01719457013574
200205,50.2165948275862
200206,62.98650442477877
200207,73.57757936507937
200208,64.28720720720719
200209,57.85646630236797
200210,38.58483685220728
200211,35.346835443037946
200212,28.534623217922608
200301,22.617659137577004
200302,20.74509803921569
200303,29.915074309978774
200304,47.17899543378994
200305,53.161627906976726
200306,60.598881431767346
200307,74.00733752620545
200308,73.59392033542974
200309,56.52969072164947
200310,48.75920502092048
200311,23.90374707259954
200312,25.02932790224032
200401,13.978202676864248
200402,21.9459405940594
200403,38.55810564663026
200404,46.148301886792446
200405,50.63515482695809
200406,58.833840947546534
200407,68.77522441651705
200408,64.40000000000002
200409,56.989708737864035
200410,44.17784431137724
200411,33.53291404612158
200412,27.767213114754103
200501,14.80708502024293
200502,28.620919540229874
200503,35.707789473684215
200504,45.85437881873728
200505,51.379009900990084
200506,61.836986301369855
200507,71.1946768060836
200508,66.78233151183971
200509,58.10738636363633
200510,46.120264317180634
200511,34.078518518518514
200512,18.94269662921349
200601,31.517056074766355
200602,23.79536082474228
200603,31.248965517241402
200604,47.456043956043956
200605,55.964644351464415
200606,65.03073684210526
200607,74.76907894736841
200608,69.02603036876357
200609,55.40647181628396
200610,41.03263157894737
200611,31.23237250554323
200612,25.52483940042827
200701,22.348960739030012
200702,20.09754299754302
200703,39.408114035087706
200704,43.385779816513754
200705,55.47302325581394
200706,64.72077922077918
200707,77.65183673469382
200708,69.42243589743592
200709,57.847933884297504
200710,47.01839826839828
200711,33.08668171557562
200712,22.20175054704596
200801,16.914902807775384
200802,21.909046454767733
200803,33.276637554585186
200804,40.748484848484885
200805,53.602921348314645
200806,61.1604210526316
200807,71.53634577603144
200808,69.70530451866408
200809,55.81038696537684
200810,45.363265306122486
200811,36.30492307692308
200812,20.023178807947023
200901,27.918750000000014
200902,30.591851851851864
200903,33.32119205298012
200904,43.64013605442178
200905,53.690410958904124
200906,60.86326530612246
200907,67.05384615384614
