194101,30.916129032258063
194102,30.40357142857143
194103,35.509677419354844
194104,57.02666666666667
194105,65.1774193548387
194106,71.17
194107,75.22580645161291
194108,73.47096774193548
194109,69.55666666666666
194110,59.895238095238106
194111,47.525454545454544
194112,39.61034482758622
194201,30.463157894736838
194202,30.100000000000005
194203,44.63061224489796
194204,53.43877551020409
194205,67.56521739130434
194206,72.89347826086956
194207,76.57758620689656
194208,73.14210526315789
194209,67.95178571428572
194210,58.77586206896551
194211,46.989090909090905
194212,31.643103448275866
194301,31.299999999999997
194302,34.745098039215684
194303,43.40727272727272
194304,47.248214285714276
194305,64.9795918367347
194306,77.09464285714286
194307,77.99166666666666
194308,77.01704545454545
194309,66.15324675324676
194310,53.64772727272727
194311,41.36860465116279
194312,31.183146067415738
194401,32.49431818181819
194402,31.72289156626506
194403,36.15955056179775
194404,47.50117647058825
194405,67.89550561797752
194406,72.4390243902439
194407,76.25632183908046
194408,74.56410256410257
194409,67.39411764705883
194410,55.23333333333333
194411,43.216666666666676
194412,29.797777777777775
194501,26.012096774193548
194502,33.235119047619044
194503,50.888172043010755
194504,54.76892655367231
194505,59.143258426966305
194506,69.96783625730994
194507,74.5561797752809
194508,72.99488636363635
194509,68.34457142857144
194510,54.86685082872928
194511,45.42400000000001
194512,28.07705882352941
194601,33.935833333333335
194602,33.841666666666676
194603,50.147311827957
194604,51.51444444444446
194605,62.231182795698935
194606,69.54
194607,74.75913978494626
194608,70.42150537634407
194609,69.36111111111111
194610,59.80430107526883
194611,49.2188888888889
194612,37.63010752688172
194701,38.200826446280985
194702,27.655357142857138
194703,37.03629032258065
194704,52.94749999999999
194705,61.65887096774194
194706,70.16416666666665
194707,74.75887096774196
194708,76.19435483870967
194709,68.26
194710,63.30325203252032
194711,43.10333333333333
194712,33.664516129032265
194801,20.672058823529408
194802,27.4257053291536
194803,39.07096774193546
194804,49.499088145896664
194805,57.22111436950146
194806,66.82492401215805
194807,71.81236559139788
194808,69.7489247311828
194809,64.64937500000002
194810,51.1683870967742
194811,47.531333333333315
194812,33.57119741100323
194901,34.80174563591024
194902,35.085714285714275
194903,38.88857758620689
194904,48.55600000000002
194905,60.60453563714901
194906,71.5708240534521
194907,75.33796095444683
194908,71.80669546436285
194909,60.241555555555564
194910,57.39110629067246
194911,40.65777777777776
194912,33.65538793103447
195001,38.02413793103446
195002,28.945952380952374
195003,32.45591397849462
195004,43.96
195005,58.51569892473119
195006,67.37399999999995
195007,69.71247311827959
195008,69.17247311827957
195009,60.37111111111112
195010,54.94774193548386
195011,40.62271714922049
195012,27.293333333333337
195101,30.72435344827587
195102,30.969999999999995
195103,37.663655913978495
195104,48.47022222222222
195105,60.10301724137933
195106,67.44777777777779
195107,72.1149769585254
195108,69.76705069124422
195109,63.272857142857134
195110,54.879032258064505
195111,36.43119047619048
195112,32.165740740740745
195201,31.857603686635954
195202,32.457881773399016
195203,36.31359447004607
195204,50.684197530864175
195205,57.34962779156327
195206,71.27153846153847
195207,75.59454094292803
195208,70.83895781637719
195209,64.25679999999998
195210,49.07392473118281
195211,43.31055555555557
195212,33.76612903225807
195301,33.83225806451612
195302,34.251488095238095
195303,39.812634408602136
195304,47.9025
195305,61.596774193548384
195306,69.64832402234639
195307,73.5201612903226
195308,71.08897849462367
195309,64.61472222222223
195310,54.9690860215054
195311,43.11055555555555
195312,35.73145161290323
195401,27.372311827956988
195402,36.288690476190474
195403,37.50053763440862
195404,52.534375
195405,56.92576177285318
195406,69.33081570996977
195407,72.28277945619335
195408,69.07891566265059
195409,64.68380062305297
195410,56.60117302052787
195411,41.3230303030303
195412,31.714662756598234
195501,27.555160142348758
195502,31.29047619047619
195503,39.86200716845879
195504,53.58481481481482
195505,63.322939068100354
195506,67.06333333333335
195507,78.19211469534052
195508,74.99604316546761
195509,64.63592592592593
195510,55.56379928315413
195511,40.033703703703715
195512,27.73992805755396
195601,28.682310469314075
195602,33.07739463601533
195603,35.053405017921136
195604,47.17777777777778
195605,57.93261648745518
195606,69.65148148148148
195607,70.4327338129496
195608,70.51328413284132
195609,61.04131274131276
195610,54.87896678966789
195611,43.20231660231661
195612,37.809022556390964
195701,25.285925925925937
195702,33.8917695473251
195703,38.57434944237917
195704,51.332876712328776
195705,60.75200000000001
195706,71.7906896551724
195707,72.48187311178246
195708,69.11536144578314
195709,64.49406250000001
195710,51.05855855855856
195711,43.45377358490566
195712,35.74772036474164
195801,27.621084337349387
195802,23.58866666666667
195803,35.87432024169185
195804,50.82111801242235
195805,57.93141993957705
195806,64.32897196261683
195807,73.20120481927711
195808,69.98036253776434
195809,63.26978193146417
195810,52.19879879879878
195811,43.38481012658229
195812,24.340606060606063
195901,27.211666666666666
195902,29.29116279069767
195903,37.273221757322176
195904,51.81724137931035
195905,64.27058823529411
195906,70.42887931034481
195907,74.04686192468618
195908,74.64915966386555
195909,68.58051948051947
195910,55.94041666666667
195911,41.545652173913034
195912,34.55546218487395
196001,31.24430379746836
196002,32.15201793721973
196003,28.712083333333332
196004,54.12164502164503
196005,59.34873949579833
196006,69.00172413793102
196007,71.00759493670887
196008,72.11999999999999
196009,65.32251082251082
196010,52.78067226890757
196011,44.506550218340614
196012,25.076271186440675
196101,22.85780590717299
196102,31.52976744186047
196103,39.020833333333336
196104,45.69913043478261
196105,57.3715481171548
196106,68.50560344827588
196107,73.06239316239315
196108,72.12499999999999
196109,69.87347826086958
196110,54.72165898617513
196111,43.419047619047625
196112,30.595852534562216
196201,26.182949308755763
196202,26.924489795918362
196203,36.871428571428574
196204,49.367619047619044
196205,62.94147465437787
196206,69.2004761904762
196207,70.46682027649771
196208,70.01336405529953
196209,60.49714285714285
196210,53.55852534562213
196211,39.35952380952381
196212,26.559447004608298
196301,23.666359447004613
196302,21.479081632653056
196303,39.19953917050692
196304,49.7347619047619
196305,57.754377880184336
196306,68.40238095238095
196307,72.53502304147467
196308,68.65714285714287
196309,60.190000000000005
196310,56.86221198156683
196311,45.89619047619049
196312,25.37649769585254
196401,29.532718894009218
196402,26.94187192118227
196403,38.57327188940093
196404,47.56571428571428
196405,62.62534562211981
196406,68.37714285714286
196407,73.36912442396314
196408,68.41244239631337
196409,64.04190476190476
196410,50.35852534562212
196411,44.99714285714286
196412,33.144239631336404
196501,25.27862903225806
196502,28.696428571428573
196503,34.30524193548387
196504,45.505833333333335
196505,63.55443548387097
196506,67.50541666666668
196507,71.10322580645162
196508,70.0246963562753
196509,65.67625000000001
196510,50.792741935483875
196511,42.016666666666666
196512,34.78508064516129
196601,25.52459677419355
196602,28.78125
196603,39.38508064516128
196604,45.734166666666674
196605,56.662903225806446
196606,69.83916666666666
196607,75.03548387096774
196608,72.25040322580648
196609,61.635833333333316
196610,50.745967741935466
196611,43.594583333333325
196612,31.45766129032258
196701,32.65241935483871
196702,25.367410714285718
196703,35.5241935483871
196704,49.30416666666666
196705,52.8641129032258
196706,71.1
196707,71.20604838709679
196708,69.31048387096776
196709,62.14791666666666
196710,52.29354838709677
196711,37.94708333333333
196712,33.83467741935484
196801,23.35107913669065
196802,24.82200772200773
196803,40.41927272727273
196804,52.139629629629624
196805,55.40645161290323
196806,67.35576208178439
196807,73.37813620071685
196808,72.10179211469534
196809,65.0714814814815
196810,54.35755395683455
196811,42.28571428571428
196812,29.17992700729926
196901,26.883453237410073
196902,28.637848605577688
196903,35.00575539568345
196904,51.48246268656716
196905,61.052158273381295
196906,68.39591078066915
196907,71.31330935251796
196908,71.31775362318842
196909,63.33308550185873
196910,51.898924731182795
196911,40.738888888888894
196912,28.46594982078853
197001,20.05627240143369
197002,27.843253968253972
197003,33.027272727272724
197004,48.49444444444445
197005,61.58853046594982
197006,67.24333333333333
197007,72.04874551971325
197008,71.60107526881723
197009,66.4548148148148
197010,55.06344086021506
197011,43.37666666666667
197012,31.628417266187046
197101,23.189568345323735
197102,29.92222222222223
197103,34.4258064516129
197104,46.49703703703703
197105,57.2347670250896
197106,69.95962962962962
197107,71.57526881720432
197108,70.08100358422938
197109,67.00777777777778
197110,58.55197132616487
197111,40.92527881040892
197112,36.576258992805755
197201,29.69928057553956
197202,25.937931034482755
197203,34.946953405017915
197204,45.5337037037037
197205,60.55053763440861
197206,64.06629213483147
197207,72.02996389891698
197208,70.16989247311825
197209,64.32037037037037
197210,48.26425992779783
197211,39.030075187969935
197212,34.20647773279352
197301,26.52978723404256
197302,27.869999999999997
197303,45.01612903225805
197304,46.593333333333334
197305,53.4258064516129
197306,69.01666666666667
197307,70.61612903225804
197308,70.6516129032258
197309,63.949999999999996
197310,54.31612903225806
197311,42.406896551724145
197312,30.587096774193547
197401,33.8505376344086
197402,30.365476190476187
197403,41.32842105263156
197404,54.21521739130436
197405,61.420430107526876
197406,68.47765957446808
197407,74.50720000000001
197408,74.26967741935484
197409,63.88333333333333
197410,51.308387096774204
197411,44.18799999999997
197412,35.09806451612904
197501,32.86000000000001
197502,32.663043478260875
197503,38.49419354838711
197504,46.771333333333324
197505,64.43223684210523
197506,70.19133333333332
197507,74.5206451612903
197508,74.41290322580646
197509,62.806666666666715
197510,57.760645161290334
197511,49.22399999999999
197512,34.07011494252873
197601,27.403723404255324
197602,38.45706214689265
197603,44.4433155080214
197604,55.62780748663102
197605,60.6020725388601
197606,74.16666666666667
197607,73.66236559139786
197608,72.02795698924733
197609,65.1188888888889
197610,50.43118279569891
197611,37.60222222222222
197612,28.754838709677408
197701,17.828723404255328
197702,30.25765306122451
197703,45.56912442396315
197704,54.88682926829268
197705,66.6939814814815
197706,69.24428571428571
197707,76.00046948356808
197708,73.80150000000003
197709,68.0623595505618
197710,52.726851851851855
197711,45.81683673469389
197712,31.834101382488484
197801,24.021198156682022
197802,21.579591836734693
197803,36.19032258064516
197804,50.696666666666665
197805,61.09861751152074
197806,71.01619047619049
197807,73.67235023041474
197808,75.24444444444441
197809,67.76908396946564
197810,54.05202952029519
197811,46.05348837209303
197812,35.70973782771535
197901,27.64727272727274
197902,22.305199999999996
197903,45.00716845878135
197904,51.37368421052631
197905,63.005882352941185
197906,70.13932584269664
197907,74.35940959409596
197908,72.87400722021661
197909,66.68939393939392
197910,54.2043956043956
197911,47.98625954198472
197912,37.03558052434457
198001,30.777238805970132
198002,28.711904761904762
198003,39.09743589743588
198004,52.92330827067671
198005,64.83284132841327
198006,69.2873015873016
198007,76.65140562248997
198008,77.33424657534249
198009,69.90000000000002
198010,53.065734265734285
198011,41.497785977859785
198012,31.8581227436823
198101,24.92230483271376
198102,35.94453781512604
198103,39.8
198104,56.252509652509644
198105,62.97790262172281
198106,72.75877862595422
198107,76.16764705882358
198108,72.9588235294118
198109,64.65930232558138
198110,52.75582329317268
198111,44.53251028806583
198112,31.92548262548263
198201,22.782352941176473
198202,30.88863636363634
198203,39.950390625000004
198204,49.902766798418966
198205,65.62938931297711
198206,67.1280632411067
198207,76.25873015873015
198208,71.31111111111119
198209,65.73833992094859
198210,56.2169884169884
198211,48.717063492063495
198212,42.127203065134125
198301,32.42702702702705
198302,34.59506726457399
198303,43.46591760299626
198304,50.34795539033458
198305,60.65373665480425
198306,72.87761194029852
198307,78.56868327402137
198308,77.07007299270077
198309,68.81323529411766
198310,56.04832826747717
198311,45.261320754717
198312,29.782882882882884
198401,26.04093749999999
198402,38.07213114754099
198403,34.887164179104474
198404,51.39211956521739
198405,58.83846153846152
198406,73.9313993174062
198407,74.64123989218328
198408,74.98844221105533
198409,64.94070080862535
198410,60.73696808510637
198411,42.78381502890173
198412,40.42386363636364
198501,24.79210526315788
198502,31.811764705882364
198503,44.0875816993464
198504,58.26802721088436
198505,65.2966887417218
198506,68.48178694158076
198507,75.04887459807075
198508,73.07184750733138
198509,68.55504587155964
198510,57.375449101796434
198511,47.64158415841583
198512,29.843934426229502
198601,29.836842105263152
198602,31.01448763250882
198603,43.18291925465838
198604,53.9609090909091
198605,64.82138554216866
198606,71.00030303030299
198607,75.59053627760255
198608,70.92049689440996
198609,66.52423312883434
198610,55.30359281437127
198611,41.40061919504644
198612,34.638198757763966
198701,28.68523076923076
198702,32.60555555555556
198703,44.11347305389222
198704,52.210559006211156
198705,65.2429003021148
198706,73.96790123456789
198707,78.7286585365854
198708,74.12208955223879
198709,66.32852564102562
198710,50.86729559748427
198711,46.35633333333334
198712,36.47679738562091
198801,26.295033112582782
198802,30.881758957654707
198803,42.236129032258056
198804,51.11041666666664
198805,64.43800000000003
198806,73.0426666666667
198807,80.16776315789475
198808,77.82662337662333
198809,65.15782312925172
198810,49.78104575163399
198811,46.03355704697988
198812,32.96891891891893
198901,35.35430463576158
198902,30.954347826086988
198903,41.86585365853659
198904,50.41975308641974
198905,60.15757575757575
198906,71.77261146496811
198907,75.26858974358977
198908,73.08205128205131
198909,66.28552631578945
198910,56.33267973856209
198911,42.82333333333333
198912,22.365540540540543
199001,38.371895424836616
199002,38.75928571428571
199003,45.84740259740261
199004,54.124137931034504
199005,60.13333333333332
199006,71.60202702702702
199007,74.7401315789474
199008,73.17532467532465
199009,65.10671140939597
199010,58.08571428571428
199011,47.62364864864864
199012,38.866442953020155
199101,31.832026143790834
199102,37.48285714285714
199103,44.63248407643313
199104,55.8503355704698
199105,70.866
199106,75.2231707317073
199107,77.25266272189351
199108,75.5466666666667
199109,65.26890243902439
199110,55.994767441860475
199111,43.21569767441858
199112,36.189570552147245
199201,31.804046242774564
199202,34.70486111111111
199203,38.42812499999999
199204,50.96515151515151
199205,59.72835820895518
199206,67.41909547738695
199207,72.64635416666668
199208,68.72971698113209
199209,64.17549019607841
199210,50.209952606635085
199211,43.0941463414634
199212,33.55192307692311
199301,33.454326923076934
199302,27.53105263157896
199303,37.46857142857143
199304,51.15784313725487
199305,63.50952380952382
199306,70.31019417475727
199307,76.02938388625591
199308,74.44460093896713
199309,63.74439024390242
199310,51.90047169811318
199311,43.188500000000005
199312,32.444927536231894
199401,21.476328502415466
199402,28.477659574468092
199403,37.47688679245284
199404,55.7295566502463
199405,57.86523809523806
199406,73.4033816425121
199407,75.0666666666667
199408,70.01261682242998
199409,63.52634146341456
199410,52.606132075471706
199411,47.99458128078817
199412,37.40145631067963
199501,31.619138755980842
199502,27.628272251308886
199503,43.42757009345796
199504,48.843414634146306
199505,60.678199052132726
199506,71.21560975609758
199507,75.56445497630327
199508,76.32206572769955
199509,64.27951219512188
199510,56.898104265402864
199511,37.882233502538064
199512,28.16666666666667
199601,27.18260869565216
199602,30.2704081632653
199603,35.291549295774644
199604,51.12087378640778
199605,59.593838862559245
199606,71.77577319587634
199607,72.280412371134
199608,72.5609523809524
199609,64.46059113300493
199610,53.74198113207549
199611,37.67389162561578
199612,37.302898550724606
199701,28.50673076923075
199702,36.539790575916214
199703,41.19234449760765
199704,48.973170731707334
199705,56.65476190476192
199706,70.42647058823528
199707,74.25893719806766
199708,70.50746268656717
199709,63.605940594059476
199710,54.585365853658516
199711,40.32463054187192
199712,34.90485436893206
199801,38.30097560975607
199802,39.050261780104684
199803,43.74905660377359
199804,53.26243654822342
199805,65.88310502283115
199806,68.67654867256633
199807,72.89243697478996
199808,73.4383333333333
199809,67.953125
199810,54.097510373444024
199811,44.856277056277044
199812,39.47446808510636
199901,31.268421052631577
199902,35.50286885245901
199903,37.82939068100362
199904,51.94570446735393
199905,62.552649006622495
199906,70.74545454545459
199907,77.10033112582781
199908,70.94304635761594
199909,65.16831683168316
199910,52.74691358024696
199911,47.291390728476806
199912,35.22774390243899
200001,28.27574171029668
200002,34.59322033898307
200003,45.30069930069928
200004,50.02170818505336
200005,63.13114186851213
200006,69.95596330275227
200007,69.31049913941486
200008,69.54383561643837
200009,62.318378378378384
200010,54.110843373493985
200011,40.584392014519025
200012,24.626124567474058
200101,28.389703315881306
200102,33.74197292069635
200103,35.71655172413792
200104,52.32966252220237
200105,60.87716262975783
200106,69.47666068222622
200107,70.41064572425833
200108,73.3712439418417
200109,62.112264150943425
200110,53.44770206022189
200111,48.015880503144615
200112,38.313394216133965
200201,35.31498470948011
200202,35.45034364261168
200203,40.40983606557379
200204,52.48213740458019
200205,57.914692653673164
200206,69.74782608695656
200207,74.83843797856049
200208,73.46738131699844
200209,66.65743348982781
200210,51.29672131147533
200211,40.841717791411
200212,30.1890060240964
200301,22.837784522003023
200302,26.029021558872333
200303,39.819402985074575
200304,50.51318327974267
200305,57.42241112828443
200306,66.11993865030672
200307,71.62380952380957
200308,72.63542600896862
200309,63.58104265402849
200310,50.73664688427303
200311,46.673651771956855
200312,32.665250379362675
200401,21.867814371257477
200402,29.970972886762375
200403,41.156325301204774
200404,50.52515432098764
200405,64.9802037845706
200406,66.79370629370625
200407,70.90611413043476
200408,69.28401084010846
200409,65.31193820224713
200410,52.106630581867414
200411,44.803978052126205
200412,33.13548830811557
200501,28.864070612668737
200502,32.12350230414745
200503,35.28625363020329
200504,52.42962962962961
200505,56.176320754717004
200506,71.50068627450986
200507,74.36272640610106
200508,73.95639810426546
200509,67.84521224086875
200510,54.05775862068963
200511,45.11157998037294
200512,28.921718602455137
200601,37.21357210179076
200602,31.417355371900822
200603,39.81383177570094
200604,52.93842364532023
200605,59.467041198501875
200606,67.93473282442748
200607,74.85984848484844
200608,73.11010830324909
200609,61.94102079395084
200610,51.400000000000006
200611,46.344587155963296
200612,39.54373309287647
200701,33.93156881616938
200702,22.51777301927193
200703,41.03202676864242
200704,47.25992544268403
200705,63.408371665133416
200706,69.63395176252318
200707,71.45825067628495
200708,72.48073122529644
200709,66.40980198019793
200710,59.95663881151343
200711,41.880872794800375
200712,33.738630377524146
200801,31.764604810996563
200802,30.75267527675277
200803,38.60094420600858
200804,53.34014084507045
200805,56.937611408199736
200806,70.87269439421335
200807,73.17121609798777
200808,69.03365724381625
200809,64.98336314847946
200810,50.390901360544255
200811,42.60590277777777
200812,34.852991452991446
200901,25.274999999999995
200902,33.71785714285714
200903,41.24705882352941
200904,53.25866666666667
200905,62.33550724637681
200906,67.89795918367345
200907,70.095
