194211,25.088888888888892
194212,29.81290322580647
194301,24.12043010752688
194302,34.48442622950819
194303,32.625
194304,54.06722689075629
194305,56.86532258064514
194306,69.8833333333333
194307,77.49170506912445
194308,77.58125000000001
194309,62.487037037037034
194310,51.65698924731184
194311,35.928888888888885
194312,28.133691756272412
194401,28.016117216117223
194402,26.47777777777779
194403,28.8663082437276
194404,42.57962962962963
194405,62.40322580645157
194406,68.66555555555554
194407,73.69605734767023
194408,73.91505376344087
194409,63.38074074074074
194410,53.22186379928315
194411,37.30111111111111
194412,25.51469534050179
194501,27.198795180722897
194502,28.965625
194503,43.15053191489361
194504,45.791666666666664
194505,55.21182795698925
194506,62.39222222222224
194507,74.41666666666667
194508,73.71370967741933
194509,62.12666666666669
194510,52.65685483870966
194511,38.395
194512,20.687786259541994
194601,29.907594936708854
194602,28.845454545454547
194605,66.66363636363636
194606,78.16
194607,82.8225806451613
194608,78.3064516129032
194609,67.56000000000002
194610,55.261290322580635
194611,38.19333333333332
194703,33.51666666666669
194704,43.633333333333326
194705,54.82903225806448
194706,63.87000000000001
194707,73.92258064516129
194708,78.40322580645166
194709,64.08
194710,57.95161290322579
194711,29.683333333333323
194712,28.56774193548386
194801,23.811290322580643
194802,25.40232558139535
194803,31.35322580645162
194804,55.04933333333333
194805,60.81967741935483
194806,68.05666666666667
194807,75.2117302052786
194808,74.20058651026393
194809,67.84515151515151
194810,50.57360703812317
194811,35.64
194812,25.402346041055722
194901,12.296774193548384
194902,21.93149350649351
194903,34.95542521994133
194904,49.675
194905,61.23942652329749
194906,69.01370370370373
194907,75.95125448028678
194908,73.09247311827956
194909,60.749259259259254
194910,51.070609318996404
194911,44.08629629629628
194912,27.434306569343065
195001,18.02293906810037
195002,28.95873015873016
195003,32.191397849462355
195004,43.538148148148146
195005,55.62616487455195
195006,69.20444444444443
195007,69.8333333333333
195008,68.98243727598565
195009,61.79037037037036
195010,55.37634408602149
195011,34.52821576763486
195012,28.029749103942656
195101,22.740000000000002
195102,29.550714285714296
195103,30.077096774193542
195104,43.434
195105,59.121612903225795
195106,62.065540540540546
195107,72.0448051948052
195108,71.60032362459546
195109,58.83066666666666
195110,48.87580645161288
195111,33.21766666666665
195112,21.94967741935485
195201,25.1583870967742
195202,31.52034482758621
195203,30.776774193548384
195204,48.608666666666664
195205,58.934193548387114
195206,75.2540816326531
195207,75.58178807947016
195208,73.10588235294121
195209,66.38300000000002
195210,49.414193548387104
195211,34.04566666666667
195212,25.736451612903217
195301,29.723225806451616
195302,30.207857142857133
195303,40.530967741935484
195304,43.34066666666667
195305,57.11870967741937
195306,73.271768707483
195307,75.78543046357618
195308,74.1373595505618
195309,66.30857142857141
195310,56.12394822006475
195311,39.37633333333333
195312,29.077096774193553
195401,23.26881720430107
195402,39.97579365079364
195403,32.259856630824366
195404,51.49888888888889
195405,55.683154121863794
195406,70.62633587786259
195407,80.16348122866893
195408,73.88019480519482
195409,67.5501672240803
195410,49.86096774193548
195411,41.94200000000003
195412,31.100322580645155
195501,23.23650793650794
195502,21.098809523809525
195503,34.80268817204301
195504,56.330555555555556
195505,64.87849462365593
195506,66.66499999999999
195507,81.40430107526882
195508,79.4725806451613
195509,67.41666666666664
195510,53.39623655913981
195511,31.30888888888889
195512,22.12688172043011
195601,21.51881720430107
195602,24.76666666666667
195603,36.879032258064505
195604,45.19166666666667
195605,62.75268817204303
195606,76.36944444444443
195607,75.1032258064516
195608,74.63172043010755
195609,66.19555555555554
195610,58.77795698924731
195611,36.996111111111105
195612,31.20591397849463
195701,17.046774193548387
195702,31.83333333333334
195703,36.36612903225808
195704,46.96222222222222
195705,58.078494623655914
195706,68.90166666666669
195707,79.18548387096772
195708,75.03387096774193
195709,61.09777777777776
195710,50.62956989247313
195711,35.981666666666676
195712,33.91505376344086
195801,26.108064516129033
195802,22.98511904761905
195803,30.505376344086017
195804,47.991666666666674
195805,64.28064516129031
195806,68.48500000000001
195807,71.69569892473118
195808,75.19569892473118
195809,66.53444444444446
195810,54.63763440860215
195811,39.30833333333332
195812,25.961290322580645
195901,20.196774193548386
195902,24.18154761904762
195903,37.68118279569893
195904,48.774444444444455
195905,60.34999999999997
195906,73.61444444444443
195907,74.047311827957
195908,77.6032258064516
195909,63.26166666666668
195910,48.23817204301073
195911,31.646111111111107
195912,33.09462365591398
196001,20.04354838709677
196002,20.113793103448266
196003,26.001075268817214
196004,51.66444444444445
196005,60.489784946236554
196006,69.00388888888887
196007,75.23225806451613
196008,74.39408602150542
196009,66.21722222222223
196010,54.156989247311834
196011,38.77833333333334
196012,26.8505376344086
196101,24.194623655913986
196102,31.297619047619047
196103,38.732258064516124
196104,45.608333333333356
196105,57.83924731182796
196106,70.8916666666667
196107,75.68333333333332
196108,74.94516129032262
196109,60.351111111111116
196110,52.71774193548387
196111,35.56611111111112
196112,21.771505376344077
196201,19.340322580645168
196202,25.945833333333336
196203,30.584946236559144
196204,50.74500000000001
196205,66.49032258064514
196206,69.1433333333333
196207,73.47096774193548
196208,73.68817204301075
196209,61.895555555555546
196210,54.391935483870974
196211,40.15555555555557
196212,27.832258064516136
196301,12.181182795698923
196302,29.53333333333333
196303,41.0725806451613
196304,52.257222222222225
196305,61.4483870967742
196306,74.31666666666669
196307,77.8618279569892
196308,73.7666666666667
196309,66.16333333333333
196310,60.798387096774206
196311,41.27611111111111
196312,20.356451612903232
196401,28.43333333333333
196402,27.64310344827587
196403,32.83387096774194
196404,49.996111111111105
196405,65.27096774193548
196406,69.77575757575757
196407,78.99419354838709
196408,69.85419354838709
196409,62.59333333333332
196410,51.594193548387096
196411,37.91066666666666
196412,23.43096774193548
196501,24.50645161290323
196502,22.791428571428575
196503,25.36451612903225
196504,51.024
196505,62.96709677419356
196506,68.59799999999998
196507,74.28129032258062
196508,72.09354838709675
196509,55.59266666666665
196510,54.84387096774193
196511,40.13666666666668
196512,31.98258064516128
196601,16.356774193548386
196602,23.852142857142866
196603,40.646451612903235
196604,45.434666666666665
196605,61.05483870967742
196606,70.04799999999999
196607,78.63032258064517
196608,69.79483870967742
196609,62.644000000000005
196610,51.68064516129033
196611,37.13333333333333
196612,25.610967741935482
196701,25.822580645161292
196702,28.172857142857136
196703,41.60645161290322
196704,51.596666666666664
196705,55.33161290322582
196706,66.47600000000003
196707,73.10838709677421
196708,71.28129032258063
196709,62.044000000000004
196710,51.30709677419355
196711,36.00466666666667
196712,25.20451612903225
196801,21.914838709677422
196802,27.24137931034483
196803,42.88322580645162
196804,48.698666666666675
196805,55.96193548387096
196806,71.64133333333331
196807,74.39032258064516
196808,72.39741935483872
196809,62.428000000000004
196810,52.78516129032258
196811,36.06666666666667
196812,20.969032258064516
196901,17.96838709677419
196902,26.469285714285718
196903,28.99935483870968
196904,52.13800000000002
196905,61.721935483870965
196906,65.08800000000001
196907,75.75870967741935
196908,74.6567741935484
196909,66.20400000000001
196910,45.30129032258065
196911,38.081333333333326
196912,26.643870967741936
197001,18.434193548387093
197002,31.221428571428557
197003,32.2341935483871
197004,48.056
197005,63.91096774193548
197006,70.98333333333333
197007,76.0367741935484
197008,75.23548387096776
197009,62.365333333333325
197010,47.45935483870967
197011,35.41
197012,26.8541935483871
197101,20.840645161290322
197102,25.569285714285712
197103,34.936129032258066
197104,50.904
197105,57.59870967741935
197106,73.66666666666667
197107,71.71483870967741
197108,73.6
197109,62.98733333333334
197110,53.509032258064515
197111,38.643333333333345
197112,27.386451612903237
197201,20.974193548387095
197202,27.180000000000003
197203,40.346451612903216
197204,48.108666666666686
197205,59.738064516129015
197206,70.46866666666666
197207,72.42
197208,72.18709677419355
197209,63.13222222222222
197210,48.33602150537634
197211,33.76055555555555
197212,19.94623655913979
197301,25.643486238532084
197302,31.884033613445368
197303,42.94531548757171
197304,50.39529411764706
197305,61.11650853889939
197306,75.02086466165412
197307,77.07632027257239
197308,79.14244482173176
197309,62.30631578947364
197310,56.91765704584042
197311,39.095825771324854
197312,26.89282051282052
197401,21.430287648054158
197402,34.93176691729324
197403,43.38393162393163
197404,53.45193661971827
197405,65.23174872665535
197406,73.47543859649123
197407,84.50630323679727
197408,72.32478632478643
197409,64.47869718309857
197410,58.03937823834196
197411,40.73701754385963
197412,30.946337308347513
197501,28.635314091680804
197502,25.713396226415092
197503,34.191511035653654
197504,49.059498207885284
197505,64.7491197183099
197506,71.737676056338
197507,80.60034305317322
197508,78.83463497453307
197509,64.11508771929822
197510,58.645315161839896
197511,38.18780918727918
197512,31.2151103565365
197601,26.980375426621183
197602,39.628233151183935
197603,40.850933786078116
197604,54.94684210526313
197605,61.931569965870274
197606,74.35228873239437
197607,79.3376910016978
197608,78.26315789473686
197609,67.63035087719297
197610,50.492426850258134
197611,36.900701754385956
197612,31.85382003395586
197701,20.42901023890783
197702,38.09530075187968
197703,42.48675721561968
197704,57.77280701754381
197705,67.86081771720612
197706,76.55070175438593
197707,80.72965517241384
197708,73.05772495755515
197709,69.04728546409808
197710,55.10221088435374
197711,40.047491039426525
197712,28.130136986301384
197801,15.52659932659932
197802,18.538202247191027
197803,39.319798657718145
197804,52.59151943462897
197805,61.54670050761425
197806,74.47996485061518
197807,78.81008403361345
197808,76.19642248722312
197809,71.33303886925795
197810,55.18128161888704
197811,37.28918439716314
197812,21.959482758620695
197901,11.613475177304972
197902,21.143320610687013
197903,38.79906191369602
197904,51.15375000000001
197905,59.84512820512817
197906,72.10858676207515
197907,75.83407917383828
197908,75.17332185886403
197909,71.18342440801457
197910,55.62278260869562
197911,35.226401446654634
197912,35.13074265975816
198001,25.170357751277677
198002,27.078252788104074
198003,35.78079584775085
198004,53.73321616871708
198005,63.18003327787021
198006,75.5180300500834
198007,82.69435483870966
198008,77.3576354679803
198009,68.99680134680133
198010,53.851559934318566
198011,44.233873873873875
198012,33.799479166666686
198101,32.44664246823956
198102,33.83789682539683
198103,45.240322580645156
198104,60.766419294990676
198105,59.99638095238096
198106,75.43254901960783
198107,77.7759013282732
198108,74.1592013888889
198109,68.26522435897434
198110,52.95294117647063
198111,44.179841269841226
198112,28.71228878648232
198201,17.55483870967741
198202,28.638737201365192
198203,39.47311827956992
198204,50.617474048442936
198205,62.54565916398714
198206,67.99949409780776
198207,79.81154499151106
198208,75.66541095890412
198209,65.97867528271406
198210,54.4449074074074
198211,37.578821656050934
198212,31.935637480798736
198301,29.57803379416282
198302,34.929914529914505
198303,39.842153846153806
198304,45.69411764705881
198305,59.16630769230769
198306,71.18238095238101
198307,81.67881619937695
198308,83.76113671274958
198309,70.44052631578946
198310,55.17196850393702
198311,39.925079872204456
198312,11.547812499999996
198401,25.834307692307704
198402,36.0897271268058
198403,35.158615819209004
198404,47.6473913043478
198405,61.62499999999996
198406,74.04905660377365
198407,78.28085106382983
198408,80.14431977559609
198409,64.05668604651164
198410,52.558202567760304
198411,41.457101449275335
198412,28.784045584045565
198501,21.98194640338505
198502,27.13380281690139
198503,45.51107994389904
198504,58.73090379008743
198505,67.38676056338029
198506,70.88202898550728
198507,79.12244039270696
198508,73.16694796061884
198509,62.512903225806426
198510,53.62741477272728
198511,27.91184767277858
198512,23.085210312075993
198601,35.586565096952924
198602,29.454396423248873
198603,48.14189189189191
198604,54.610784313725546
198605,63.58675675675672
198606,76.67548746518106
198607,80.1543360433604
198608,73.08921832884101
198609,66.48575418994406
198610,53.89317871759897
198611,37.44847222222222
198612,32.92759084791386
198701,32.315053763440865
198702,38.15357142857141
198703,40.59225543478261
198704,57.4497206703911
198705,67.93689189189188
198706,76.76386554621848
198707,80.96911564625853
198708,73.35336927223723
198709,66.72027777777777
198710,51.76707317073168
198711,43.20305980528518
198712,31.838191632928464
198801,21.500405405405402
198802,28.947270114942544
198803,43.335887096774144
198804,53.370833333333344
198805,67.49703504043129
198806,80.55453277545331
198807,79.14721845318861
198808,79.21129032258064
198809,67.5901388888889
198810,53.09048913043473
198811,42.47944444444443
198812,34.62479784366575
198901,34.86096904441453
198902,20.135267857142853
198903,39.32728494623653
198904,56.59554937413071
198905,64.44731182795705
198906,71.14659248956889
198907,79.8061307901907
198908,76.10067842605153
198909,65.30666666666667
198910,55.83125845737484
198911,41.70500000000003
198912,22.597708894878735
199001,35.65228494623657
199002,33.447767857142914
199003,43.36567967698519
199004,52.10166666666666
199005,60.43776881720433
199006,76.66218130311613
199007,76.94248985115021
199008,77.51155913978494
199009,72.2
199010,55.096332863187584
199011,44.048644578313294
199012,24.10042857142857
199101,23.131721194879102
199102,39.925042589437815
199103,44.09224137931033
199104,53.881166666666665
199105,65.03354531001594
199106,76.06280276816607
199107,79.3258064516129
199108,77.46889279437607
199109,68.50691699604741
199110,52.47387914230017
199111,33.52735849056606
199112,34.73560311284048
199201,34.54226415094341
199202,38.77940000000001
199203,45.13594890510947
199204,52.500373134328406
199205,63.808163265306106
199206,68.90904159132005
199207,71.03938356164382
199208,70.0333904109589
199209,66.5026929982046
199210,53.85646258503398
199211,34.58091872791521
199212,25.777001703577497
199301,21.24880952380953
199302,21.526915520628677
199303,38.63378607809846
199304,48.37526315789475
199305,61.80783645655878
199306,69.56980461811723
199307,74.22542955326462
199308,73.95400340715506
199309,61.182384341637025
199310,51.80833333333335
199311,35.40750000000001
199312,32.81039182282793
199401,23.497260273972586
199402,23.989849624060135
199403,44.769949066213925
199404,51.581687612208285
199405,66.85445205479455
199406,75.24559859154927
199407,74.60495726495728
199408,74.87269624573378
199409,68.56588868940756
199410,55.17159863945579
199411,40.76719576719574
199412,30.945547945205476
199501,27.52903225806455
199502,36.22761904761905
199503,40.337716262975746
199504,46.72202166064982
199505,55.5768707482993
199506,70.00073664825045
199507,78.65673758865248
199508,79.11760797342195
199509,64.05182724252495
199510,52.66656804733724
199511,37.48805970149253
199512,28.332914572864293
199601,19.487365591397836
199602,30.731318681318683
199603,32.62546296296291
199604,49.34000000000004
199605,58.24328703703705
199606,71.93211678832124
199607,72.98805970149253
199608,71.62037037037041
199609,61.83870192307698
199610,52.41566820276495
199611,31.41057692307694
199612,22.740697674418627
199701,21.604055619930488
199702,29.68613744075829
199703,41.15964546402506
199704,44.29295010845988
199705,57.65151199165792
199706,72.28806941431668
199707,76.27061909758662
199708,72.305445026178
199709,66.24697624190063
199710,52.97323498419388
199711,35.306630434782605
199712,30.03798126951093
199801,26.465264293419636
199802,35.48074245939678
199803,32.176899063475524
199804,49.027971311475426
199805,64.39970501474922
199806,67.69640591966169
199807,76.14514170040482
199808,74.61257606490872
199809,70.63319838056677
199810,53.66712463199216
199811,41.93505050505045
199812,29.94295566502463
199901,26.09262626262627
199902,37.44404761904768
199903,39.80568070519097
199904,48.89380081300816
199905,60.62769535113745
199906,68.58016194331984
199907,78.04891089108915
199908,72.50241850683503
199909,62.60489432703007
199910,53.06712328767117
199911,44.83502024291497
199912,32.00235063663073
200001,28.498915763135933
200002,35.1973190348526
200003,42.596893366918586
200004,49.90147569444443
200005,63.02124265323259
200006,69.56465517241371
200007,75.63664700926705
200008,76.60306122448974
200009,65.49948497854079
200010,53.08519437551695
200011,28.846444249341534
200012,18.654903604358775
200101,27.278863826232197
200102,21.968324125230218
200103,35.06975973487983
200104,51.088685813751106
200105,60.30777292576431
200106,69.59672977624791
200107,77.44782244556113
200108,74.22466329966329
200109,63.54826989619371
200110,50.96393713813066
200111,43.18344768439104
200112,30.082616033755283
200201,28.945726141078854
200202,31.189719626168216
200203,30.195698924731175
200204,50.583704974270965
200205,57.26550868486343
200206,75.09379310344822
200207,79.2330543933054
200208,73.19171699741149
200209,65.02007042253524
200210,44.635338345864696
200211,36.96896853146851
200212,30.57095435684651
200301,26.25920066611157
200302,24.932380073800726
200303,38.87356223175962
200304,50.78743589743588
200305,58.15628502802251
200306,66.32135842880525
200307,77.25790715971671
200308,75.37560975609753
200309,61.23218954248366
200310,53.68454183266935
200311,35.128022875817024
200312,30.454445318646727
200401,23.712470214455948
200402,26.428006728343146
200403,42.89024390243901
200404,50.76097560975609
200405,61.39370932754876
200406,66.38922237380626
200407,71.85644415069405
200408,68.8326986211425
200409,66.90348542458806
200410,52.45481890730509
200411,38.98902900378305
200412,30.864612568639437
200501,22.976880607315383
200502,33.614817629179356
200503,39.83678792038435
200504,50.935085227272765
200505,59.55554789800144
200506,71.42237215909094
200507,76.70511945392498
200508,72.53058668424516
200509,68.24801641586866
200510,52.19611586570113
200511,40.89781121751027
200512,25.452867501647983
200601,36.25805168986084
200602,28.26231778425655
200603,37.347194719471936
200604,54.22860082304528
200605,62.50576540755466
200606,73.03189300411523
200607,77.98201199200527
200608,72.90066006600662
200609,59.87731034482755
200610,48.41918259723139
200611,38.06864864864865
200612,31.658031088082893
200701,22.82709163346612
200702,23.582142857142863
200703,45.629392764857876
200704,47.836599999999976
200705,63.599483870967724
200706,70.39913333333335
200707,76.40362225097024
200708,75.56053333333332
200709,65.18733333333336
200710,54.87445161290319
200711,39.23133333333329
200712,23.564119170984476
200801,21.88900190718371
200802,26.257916666666663
200803,36.83244781783682
200804,45.502091503268
200805,57.96823081800885
200806,69.3103538663172
200807,75.3196078431372
200808,71.90397690827457
200809,62.774967320261474
200810,50.58969006957621
200811,39.59147350993379
200812,22.91032258064516
200901,22.792903225806455
200902,31.075714285714287
200903,38.8858064516129
200904,49.367999999999995
200905,62.85032258064518
200906,70.83691275167787
200907,71.7375
