194902,23.48928571428572
194903,29.4
194904,42.67666666666666
194905,54.30645161290323
194906,67.85333333333334
194907,69.99354838709677
194908,66.73548387096773
194909,55.473333333333336
194910,50.816129032258054
194911,31.599999999999998
194912,25.270967741935486
195001,24.093548387096774
195002,15.899999999999997
195003,22.32903225806451
195004,37.893333333333324
195005,53.625806451612895
195006,63.66
195007,66.10967741935482
195008,63.67741935483872
195009,51.85
195010,47.99677419354839
195011,38.17333333333334
195012,23.709677419354843
195101,21.129032258064512
195102,22.62142857142857
195103,29.154838709677417
195104,41.94000000000001
195105,53.77419354838709
195106,61.21666666666666
195107,66.65161290322578
195108,62.9
195109,56.87666666666667
195110,47.145161290322584
195111,29.973333333333333
195112,22.954838709677418
195201,19.483870967741936
195202,21.827586206896555
195203,28.254838709677415
195204,43.25333333333333
195205,49.42903225806452
195206,63.50333333333333
195207,70.20967741935485
195208,65.18064516129033
195209,58.01
195210,42.925806451612914
195211,36.343333333333334
195212,24.267741935483865
195301,23.222580645161294
195302,22.653571428571432
195303,30.93870967741936
195304,41.279999999999994
195305,55.32903225806452
195306,64.38000000000001
195307,68.22258064516129
195308,64.02903225806452
195309,57.37666666666667
195310,47.74838709677419
195311,39.500000000000014
195312,29.441935483870953
195401,12.254838709677419
195402,24.635714285714283
195403,27.254838709677422
195404,41.21333333333334
195405,51.612903225806456
195406,62.25666666666667
195407,64.1
195408,61.745161290322585
195409,54.873333333333335
195410,50.68709677419354
195411,35.419999999999995
195412,21.893548387096775
195501,16.8
196501,15.206451612903225
196502,20.324999999999996
196503,27.822580645161292
196504,39.38666666666666
196505,57.86451612903225
196506,63.26999999999998
196507,65.79354838709678
196508,66.35161290322581
196509,59.05666666666668
196510,46.66129032258065
196511,33.67333333333333
196512,28.799999999999997
196601,16.264516129032256
196602,18.814285714285713
196603,30.89354838709678
196604,41.07333333333333
196605,51.667741935483875
196606,65.27666666666667
196607,69.95806451612903
196608,67.50322580645161
196609,56.21999999999999
196610,47.58387096774194
196611,40.82333333333334
196612,24.83870967741935
196701,24.854838709677413
196702,13.364285714285712
196703,25.616129032258065
196704,40.84
196705,47.87096774193547
196706,67.32333333333332
196707,69.41290322580646
196708,67.16451612903226
196709,58.05666666666665
196710,49.33225806451612
196711,33.52
196712,26.132258064516137
196801,9.393548387096773
196802,11.90689655172414
196803,30.01612903225807
196804,46.33333333333334
196805,51.770967741935486
196806,60.479999999999976
196807,69.28064516129032
196808,64.02580645161291
196809,60.903333333333336
196810,50.65806451612904
196811,32.300000000000004
196812,18.325806451612905
196901,17.861290322580643
196902,18.989285714285717
196903,25.19032258064517
196904,41.44333333333334
196905,51.46451612903225
196906,64.23666666666668
196907,67.64516129032258
196908,67.90967741935484
196909,57.87666666666667
196910,46.64193548387096
196911,37.07666666666667
196912,19.8
197001,4.935483870967741
197002,18.107142857142858
197003,26.522580645161295
197004,42.423333333333325
197005,54.648387096774194
197006,64.24999999999999
197007,70.43548387096774
197008,68.40322580645159
197009,59.94333333333335
197010,50.49354838709677
197011,39.523333333333326
197012,15.787096774193547
197101,11.483870967741934
197102,20.971428571428568
197103,25.858064516129037
197104,37.20666666666667
197105,55.04193548387096
197106,65.19000000000001
197107,69.55161290322582
197108,67.21290322580644
197109,63.47666666666668
197110,53.8
197111,34.336666666666666
197112,24.483870967741936
197201,21.512903225806447
197202,17.417241379310347
197203,25.203225806451613
197204,35.83666666666667
197205,56.56129032258063
197206,63.04666666666665
197207,68.74838709677421
197208,65.29354838709678
197209,59.78999999999999
197210,42.72580645161291
197211,32.51666666666667
197212,22.67096774193549
197301,21.257142857142856
197302,16.708333333333336
197303,37.916000000000004
197304,43.681481481481484
197305,51.82500000000001
197306,63.09411764705883
197307,70.16666666666669
197308,68.695
197309,54.8764705882353
197310,47.559259259259264
197311,37.335
197312,32.25294117647059
197401,23.638709677419353
197402,19.03793103448276
197403,26.816000000000003
197404,48.796969696969704
197405,54.04186046511629
197406,65.5375
197407,69.51176470588234
197408,67.71714285714286
197409,57.38787878787878
197410,45.869230769230775
197411,37.291111111111114
197412,28.50238095238095
197501,25.21509433962264
197502,23.471186440677968
197503,26.482142857142854
197504,40.094915254237286
197505,62.79607843137255
197506,67.60166666666667
197507,74.7425925925926
197508,68.2375
197509,58.46363636363636
197510,50.23673469387755
197511,41.19259259259258
197512,21.752307692307692
197601,12.384482758620686
197602,27.389830508474585
197603,34.31267605633803
197604,48.80779220779221
197605,57.30923076923076
197606,69.69583333333333
197607,68.2918918918919
197608,66.53582089552238
197609,58.30000000000001
197610,45.74285714285714
197611,33.17666666666666
197612,19.391525423728815
197701,14.25333333333333
197702,20.846938775510203
197703,36.970000000000006
197704,45.12641509433962
197705,60.43272727272728
197706,64.15409836065574
197707,70.44999999999999
197708,69.12923076923076
197709,58.46851851851851
197710,48.52333333333334
197711,42.17666666666666
197712,22.150819672131146
197801,17.08181818181818
197802,14.549056603773591
197803,28.955223880597007
197804,43.379310344827594
197805,59.625
197806,67.55178571428571
197807,70.78620689655173
197808,69.43461538461537
197809,55.10930232558139
197810,45.81904761904762
197811,29.30869565217391
197812,23.54736842105263
197901,21.913157894736845
197902,13.325000000000001
197903,37.54473684210527
197904,45.11971830985917
197905,58.132000000000005
197906,65.16393442622952
197907,72.79859154929578
197908,66.06075949367087
197909,60.23428571428571
197910,50.104761904761894
197911,43.86521739130435
197912,30.079411764705878
198001,19.15862068965517
198002,15.813043478260871
198003,30.694736842105264
198004,46.559615384615384
198005,59.40652173913043
198006,64.37887323943661
198007,69.35416666666667
198008,68.48499999999999
198009,61.77411764705882
198010,46.98217821782178
198011,34.540697674418595
198012,21.858536585365854
198101,14.660869565217393
198102,34.45675675675676
198103,34.088541666666664
198104,51.12333333333332
198105,63.68095238095239
198106,69.27142857142856
198107,70.98888888888888
198108,65.8
198109,56.73571428571428
198110,47.04615384615383
198111,36.71111111111112
198112,26.427272727272722
198201,27.428571428571427
198202,22.016666666666662
198203,36.6
198204,43.96666666666667
198205,62.425000000000004
198206,65.03999999999999
198207,64.7
198209,59.75
198210,44.6
198211,47.5
198212,49.2
198301,33.0
198302,21.55
198303,33.760000000000005
198304,42.125
198305,47.56666666666666
198307,83.25
198308,74.55
198310,45.8
198311,38.3
198312,38.0
198402,36.74285714285715
198403,18.400000000000002
198509,63.0
198711,40.25
198712,44.2
198801,24.129629629629633
198802,26.093103448275855
198803,34.72903225806452
198804,58.275862068965516
198805,60.32258064516128
198806,68.61333333333332
198807,74.5950819672131
198808,73.52542372881356
198809,63.595833333333324
198810,55.10606060606061
198811,56.23913043478261
198812,33.03962264150943
198901,32.24705882352941
198902,28.25
198903,43.37352941176472
198904,68.996
198905,77.85161290322581
198906,70.16333333333334
198907,69.10967741935484
198908,63.896774193548396
198909,57.3
198910,45.27741935483871
198911,33.61000000000001
198912,4.116129032258066
199001,28.997435897435906
199002,22.228125
199003,31.78571428571428
199004,43.49666666666666
199005,52.119354838709675
199006,61.940909090909095
199007,68.56744186046511
199008,66.8531914893617
199009,57.28000000000001
199010,50.18181818181818
199011,35.900000000000006
199012,27.772727272727273
199101,16.43225806451613
199102,23.039285714285715
199103,32.115151515151524
199104,47.40526315789475
199105,57.587323943661985
199106,63.94393939393941
199107,67.37746478873238
199108,66.72597402597401
199109,55.45882352941176
199110,49.197468354430384
199111,38.867073170731715
199112,25.42739726027398
199201,20.238961038961033
199202,23.43734939759037
199203,27.280219780219785
199204,41.63333333333332
199205,53.949333333333335
199206,62.758974358974356
199207,63.859139784946215
199208,64.56021505376346
199209,59.06714285714287
199210,44.21290322580644
199211,36.22857142857144
199212,27.799999999999997
199301,24.099999999999994
199302,13.917857142857141
199303,28.16129032258065
199304,44.473333333333336
199305,55.909677419354836
199306,62.09666666666667
199307,68.41290322580649
199308,67.1774193548387
199309,57.39333333333331
199310,45.55806451612903
199311,36.79666666666666
199312,24.47096774193549
199401,10.364516129032259
199402,17.866666666666667
199403,30.393548387096775
199404,44.92333333333335
199405,53.138709677419364
199406,65.99666666666667
199407,70.60645161290324
199408,64.21290322580643
199409,56.77000000000002
199410,47.04838709677418
199411,41.71333333333334
199412,29.4
199501,27.699999999999996
199502,20.592857142857138
199503,35.45161290322581
199504,39.693333333333314
199505,54.01290322580642
199506,65.24666666666667
199507,70.72903225806455
199508,66.64516129032258
199509,56.24999999999997
199510,51.906451612903204
199511,33.7969696969697
199512,21.962711864406774
199601,19.503278688524595
199602,22.45689655172414
199603,28.22741935483871
199604,42.79833333333334
199605,52.40333333333333
199606,64.6728813559322
199607,66.87021276595745
199608,67.16774193548387
199609,59.263333333333314
199610,46.54516129032257
199611,32.59333333333333
199612,31.620967741935477
199701,20.27619047619048
199702,27.09066666666666
199703,27.979569892473123
199704,40.312222222222225
199705,49.87096774193547
199706,65.04555555555552
199707,66.13763440860214
199708,64.32473118279573
199709,56.93111111111112
199710,44.9301075268817
199711,33.97888888888888
199712,25.37956989247312
199801,24.382795698924735
199802,27.276190476190475
199803,33.69239130434784
199804,45.284444444444446
199805,59.66881720430104
199806,63.0211111111111
199807,66.78068181818183
199808,66.1978494623656
199809,59.327777777777776
199810,48.34516129032256
199811,37.478888888888896
199812,31.216129032258067
199901,19.667777777777772
199902,23.932142857142853
199903,30.897849462365592
199904,43.74222222222222
199905,57.313978494623676
199906,67.2611111111111
199907,70.55053763440864
199908,65.08172043010754
199909,61.5851851851852
199910,44.843678160919524
199911,41.51666666666668
199912,27.65806451612904
200001,17.18494623655914
200002,23.819767441860463
200003,35.609090909090895
200004,41.51666666666666
200005,55.09032258064516
200006,62.413483146067435
200007,64.40645161290323
200008,64.12
200009,57.08666666666664
200010,46.36344086021504
200011,36.46333333333333
200012,18.977419354838716
200101,20.526881720430104
200102,22.71428571428572
200103,27.89354838709679
200104,41.80222222222222
200105,56.394565217391325
200106,65.09000000000002
200107,65.13333333333335
200108,69.76422018348624
200109,58.50666666666666
200110,49.080487804878075
200111,41.13245614035088
200112,32.51451612903225
200201,28.32268907563026
200202,27.590178571428574
200203,33.00322580645163
200204,46.18166666666668
200205,52.05483870967741
200206,62.996666666666655
200207,68.88951612903226
200208,67.82118644067796
200209,61.81083333333335
200210,45.14758064516127
200211,35.582499999999996
200212,24.473983739837397
200301,12.627272727272727
200302,18.180357142857137
200303,31.158536585365862
200304,41.44833333333333
200305,53.81612903225808
200306,63.92000000000003
200307,68.76774193548388
200308,69.16446280991737
200309,60.556666666666665
200310,46.215322580645164
200311,38.8125
200312,25.27822580645162
200401,10.998387096774195
200402,21.26315789473685
200403,34.326612903225815
200404,44.83916666666667
200405,58.05943396226416
200406,61.85583333333333
200407,67.29262295081969
200408,65.95819672131148
200409,59.60416666666669
200410,46.96693548387098
200411,37.18833333333332
200412,25.67166666666667
200501,17.427419354838708
200502,23.620535714285722
200503,28.421774193548387
200504,46.19416666666666
200505,50.882113821138205
200506,68.3225
200507,70.37096774193549
200508,69.38666666666667
200509,62.271666666666675
200510,48.79516129032258
200511,39.65666666666666
200512,24.99677419354839
200601,28.97661290322581
200602,24.209821428571438
200603,31.96129032258064
200604,46.37416666666668
200605,55.54274193548389
200606,64.33416666666669
200607,71.03145161290323
200608,65.31048387096776
200609,57.88833333333333
200610,46.18145161290326
200611,42.46833333333334
200612,33.29098360655737
200701,23.253225806451617
200702,16.9743119266055
200703,29.324999999999996
200704,41.136974789915975
200705,56.44032258064516
200706,64.58583333333334
200707,66.72016129032258
200708,66.35555555555557
200709,60.544166666666655
200710,52.991129032258044
200711,34.861666666666665
200712,24.81129032258065
200801,24.291129032258066
200802,24.00530973451328
200803,29.904065040650412
200804,47.54064748201439
200805,52.85451612903225
200806,65.42370370370374
200807,68.47632508833924
200808,64.22376237623762
200809,59.850000000000016
200810,45.41461038961038
200811,38.01275720164609
200812,22.833870967741934
200901,10.39672131147541
200902,20.84107142857143
200903,29.654098360655738
200904,43.866071428571445
200905,52.07258064516129
200906,59.79833333333336
200907,60.74666666666666
