194801,26.012903225806458
194802,31.16551724137931
194803,43.26451612903225
194804,51.22666666666668
194805,60.94516129032257
194806,69.92333333333335
194807,75.61290322580643
194808,73.46129032258067
194809,66.63333333333334
194810,54.19032258064516
194811,50.07666666666667
194812,36.77741935483871
194901,39.20967741935484
194902,38.88928571428572
194903,42.66774193548387
194904,52.00666666666666
194905,62.49354838709678
194906,72.65000000000002
194907,78.28064516129032
194908,74.93870967741935
194909,64.57
194910,60.27741935483873
194911,44.70666666666667
194912,37.867741935483885
195001,43.03870967741935
195002,34.082142857142856
195003,37.95483870967741
195004,48.38333333333333
195005,59.445161290322595
195006,70.37666666666665
195007,74.14193548387095
195008,72.38709677419355
195009,63.86999999999998
195010,57.99677419354838
195011,45.970000000000006
195012,33.00322580645161
195101,35.02258064516129
195102,35.07142857142857
195103,42.03548387096774
195104,52.32666666666666
195105,62.193548387096776
195106,70.00333333333334
195107,75.45483870967745
195108,73.32903225806452
195109,67.01333333333334
195110,58.83225806451611
195111,41.403333333333336
195112,37.741935483870975
195201,36.741935483870975
195202,37.13793103448275
195203,40.174193548387095
195204,54.70333333333334
195205,61.07096774193549
195206,73.37000000000002
195207,78.27096774193545
195208,73.94193548387098
195209,67.38666666666667
195210,52.42903225806452
195211,45.970000000000006
195212,37.406451612903226
195301,37.4483870967742
195302,38.621428571428574
195303,44.03548387096774
195304,52.44000000000001
195305,64.42258064516129
195306,71.71666666666667
195307,76.95483870967742
195308,74.26451612903226
195309,68.04
195310,57.49032258064516
195311,44.84333333333333
195312,38.754838709677415
195401,31.674193548387084
195402,40.060714285714276
195403,42.074193548387086
195404,54.776666666666664
195405,60.15161290322582
195406,71.78
195407,76.18387096774195
195408,72.6741935483871
195409,67.94666666666667
195410,59.51612903225807
195411,43.690000000000005
195412,35.0483870967742
195501,31.290322580645164
195502,33.660714285714285
195503,43.24516129032259
195504,54.500000000000014
195505,64.42580645161291
195506,68.11666666666666
195507,80.23548387096774
195508,76.92903225806452
195509,67.35000000000001
195510,58.025806451612915
195511,42.926666666666655
195512,30.116129032258065
195601,31.687096774193552
195602,37.15862068965518
195603,38.46451612903225
195604,49.41
195605,60.11290322580644
195606,71.57666666666664
195607,73.33548387096774
195608,73.39032258064515
195609,64.78999999999999
195610,57.21612903225806
195611,45.396666666666654
195612,41.37096774193548
195701,28.922580645161286
195702,37.29285714285714
195703,41.69677419354839
195704,53.55666666666666
195705,63.02580645161291
195706,73.42666666666668
195707,76.00645161290323
195708,72.93870967741934
195709,68.58333333333333
195710,53.329032258064515
195711,46.800000000000004
195712,38.119354838709675
195801,31.012903225806447
195802,27.689285714285717
195803,38.86129032258064
195804,53.139999999999986
195805,60.567741935483866
195806,67.59
195807,76.20645161290324
195808,72.72258064516127
195809,65.92333333333333
195810,55.09032258064517
195811,46.076666666666675
195812,28.85161290322581
195901,30.74516129032258
195902,33.18928571428571
195903,40.88709677419356
195904,53.92333333333333
195905,65.45483870967742
195906,71.68999999999998
195907,75.14193548387095
195908,75.55483870967743
195909,69.63666666666667
195910,59.36129032258063
195911,44.88333333333333
195912,37.987096774193546
196001,34.73548387096774
196002,35.775862068965516
196003,32.38064516129032
196004,55.943333333333335
196005,60.58387096774193
196006,70.97666666666665
196007,73.21290322580644
196008,74.4741935483871
196009,67.43333333333332
196010,55.432258064516134
196011,46.236666666666665
196012,28.390322580645165
196101,25.816129032258065
196102,34.44285714285714
196103,42.087096774193554
196104,48.769999999999996
196105,59.08709677419353
196106,70.01
196107,75.23870967741934
196108,73.5741935483871
196109,72.15333333333332
196110,56.664516129032265
196111,46.84
196112,33.6225806451613
196201,31.383870967741938
196202,30.885714285714283
196203,40.64516129032259
196204,52.236666666666665
196205,63.78709677419356
196206,71.27666666666666
196207,72.54838709677419
196208,72.55806451612902
196209,63.86
196210,56.40000000000002
196211,42.513333333333335
196212,30.796774193548387
196301,28.670967741935478
196302,27.321428571428566
196303,43.41290322580646
196304,52.773333333333326
196305,60.63548387096775
196306,70.74333333333334
196307,76.29032258064517
196308,72.28709677419354
196309,63.77333333333333
196310,58.47741935483872
196311,48.38000000000001
196312,28.993548387096777
196401,32.929032258064524
196402,31.813793103448273
196403,43.08387096774194
196404,49.64333333333333
196405,64.83870967741936
196406,72.07333333333332
196407,75.92258064516128
196408,71.39032258064518
196409,67.44999999999999
196410,52.90000000000002
196411,47.91999999999999
196412,37.603225806451604
196501,29.409677419354843
196502,32.96428571428571
196503,38.50967741935484
196504,48.74333333333333
196505,65.21290322580644
196506,70.05333333333334
196507,74.27096774193548
196508,73.14838709677419
196509,68.85666666666667
196510,53.63225806451614
196511,45.63333333333334
196512,37.65483870967743
196601,29.835483870967746
196602,32.16785714285714
196603,42.587096774193554
196604,47.79333333333333
196605,60.06774193548387
196606,72.34999999999998
196607,77.38387096774196
196608,74.4483870967742
196609,65.56666666666665
196610,53.7741935483871
196611,46.95333333333334
196612,34.835483870967735
196701,36.01935483870968
196702,29.846428571428568
196703,38.93225806451613
196704,50.866666666666674
196705,54.97419354838711
196706,70.75999999999999
196707,73.33225806451614
196708,72.14193548387098
196709,64.88333333333334
196710,54.661290322580655
196711,41.03999999999999
196712,37.00645161290322
196801,28.145161290322584
196802,30.117241379310347
196803,44.367741935483856
196804,53.92333333333333
196805,59.3967741935484
196806,71.28333333333333
196807,76.66774193548385
196808,76.74516129032257
196809,69.31666666666665
196810,58.80322580645161
196811,47.00333333333332
196812,34.28709677419355
196901,31.125806451612902
196902,33.635714285714286
196903,39.53225806451612
196904,55.290000000000006
196905,64.46129032258064
196906,73.23000000000002
196907,75.61935483870965
196908,75.30645161290323
196909,67.98333333333336
196910,56.145161290322584
196911,44.78333333333333
196912,32.86129032258064
197001,24.841935483870966
197002,34.12500000000001
197003,38.42903225806451
197004,51.03333333333332
197005,64.64838709677419
197006,71.48000000000002
197007,75.83870967741935
197008,76.78064516129031
197009,71.57000000000001
197010,60.1225806451613
197011,49.07
197012,36.31612903225807
197101,28.119354838709683
197102,34.917857142857144
197103,40.41290322580645
197104,51.36666666666667
197105,60.503225806451624
197106,72.71666666666665
197107,76.00322580645164
197108,74.19999999999997
197109,70.64000000000001
197110,62.6483870967742
197111,46.006666666666646
197112,42.55483870967742
197201,36.074193548387086
197202,32.49655172413794
197203,41.45161290322581
197204,49.90333333333333
197205,62.69677419354839
197206,68.62000000000003
197207,76.41935483870968
197208,75.14193548387095
197209,69.64000000000001
197210,54.01290322580646
197211,45.6
197212,41.77096774193548
197509,67.62307692307692
197510,63.210344827586205
197511,52.98888888888891
197512,41.22333333333334
197601,34.6
197602,42.70714285714285
197603,46.776666666666664
197604,55.173076923076934
197605,59.24761904761905
197606,70.17368421052632
197607,74.1
197608,73.60000000000001
197609,68.80000000000001
197610,54.83571428571429
197611,42.72272727272727
197612,36.7764705882353
197701,28.488888888888887
197702,34.6
197703,46.96190476190476
197704,56.21052631578946
197705,63.70625000000001
197706,66.25
197708,73.28333333333333
197709,71.66470588235295
197710,56.75333333333333
197711,50.60476190476191
197712,39.8
197801,32.05909090909091
197802,29.304000000000002
197803,40.06923076923077
197804,52.47500000000001
197805,56.90000000000001
197806,69.32400000000001
197807,73.86666666666666
197808,78.19047619047619
197809,71.55
197810,59.46153846153845
197811,51.93333333333334
197812,43.088235294117645
197901,38.644999999999996
197902,28.694117647058828
197903,42.75000000000001
197904,49.70714285714286
197905,60.150000000000006
197906,69.2
197907,74.68750000000001
197908,72.7
197909,69.92999999999999
197910,56.54
197911,50.15238095238095
197912,42.099999999999994
198001,36.99999999999999
198002,32.63333333333333
198003,41.683333333333344
198004,53.72068965517242
198005,63.0
198006,72.03333333333332
198008,78.05000000000001
198009,68.4
198010,60.6
198011,46.355555555555554
198012,40.28333333333333
198101,28.2
198102,45.55
198103,39.925
198104,54.150000000000006
198105,62.71666666666667
198106,72.65
198107,77.1857142857143
198108,73.99166666666666
198109,68.38000000000002
198110,54.824999999999996
198111,48.080000000000005
198112,35.7
198201,32.2
198202,36.61666666666667
198203,43.55625
198204,52.54210526315789
198205,61.678947368421056
198206,66.71428571428572
198207,77.48333333333333
198208,71.43636363636364
198209,67.77
198210,58.96500000000001
198211,50.07619047619047
198212,46.75769230769231
198301,38.89545454545455
198302,38.97142857142858
198303,46.02962962962964
198304,51.872
198305,59.7904761904762
198306,69.45238095238095
198307,78.18
198308,76.63333333333333
198309,69.1923076923077
198310,62.2875
198311,52.52631578947367
198312,41.67826086956522
198401,35.6625
198402,42.720833333333324
198403,39.263157894736835
198404,47.3
198509,78.63333333333334
198510,65.73333333333333
198602,42.7
198606,69.9
198607,78.025
198609,12.7
198702,41.8
198703,37.93333333333333
198704,51.0
198711,8.7
198712,45.0
198801,47.5
198802,36.38
198803,54.875
198804,56.88333333333335
198805,60.55882352941177
198806,61.61666666666667
198807,68.6
198808,77.44285714285715
198809,66.03999999999999
198811,49.6
198812,36.16842105263158
198901,44.54999999999999
198903,59.271428571428565
198904,58.075
198905,58.725
198906,75.26666666666667
198907,75.4
198908,72.57499999999999
198909,70.175
198910,62.78499999999999
198911,48.12
198912,28.968421052631577
199001,43.263157894736835
199002,45.114999999999995
199003,45.53333333333333
199004,52.89166666666667
199005,60.900000000000006
199006,69.34117647058822
199007,78.07777777777777
199008,75.52272727272727
199009,65.63529411764705
199010,64.44583333333334
199011,57.1375
199012,46.900000000000006
199101,42.518181818181816
199102,50.26666666666667
199103,51.975862068965505
199104,60.506249999999994
199105,72.66296296296296
199106,78.6952380952381
199107,80.61111111111111
199108,78.24285714285713
199109,71.83333333333333
199110,61.2625
199111,48.35454545454545
199112,41.60800000000001
199201,44.271428571428565
199202,42.466666666666654
199203,48.24285714285715
199204,56.67499999999999
199206,70.7
199207,90.69999999999999
199208,75.2
199210,55.65
199711,44.346153846153854
199712,39.06129032258066
199801,42.39032258064516
199802,42.38928571428569
199803,46.6225806451613
199804,55.39333333333333
199805,64.5838709677419
199806,71.5
199807,76.20967741935489
199808,75.0677419354839
199809,70.85666666666664
199810,57.78709677419356
199811,47.61000000000001
199812,42.861290322580665
199901,39.78000000000001
199902,39.31785714285712
199903,42.61379310344826
199904,53.43333333333333
199905,62.79354838709675
199906,70.89000000000001
199907,78.5483870967742
199908,75.758064516129
199909,68.75925925925925
199910,55.79999999999998
199911,51.313333333333354
199912,41.16774193548386
200001,33.01612903225808
200002,38.69827586206898
200003,48.81612903225806
200004,52.3
200005,64.97419354838712
200006,72.83333333333336
200007,72.52741935483867
200008,72.79516129032255
200009,66.07500000000002
200010,57.2274193548387
200011,45.020000000000046
200012,31.72580645161292
200101,33.37419354838708
200102,38.70892857142856
200103,40.92258064516132
200104,53.81833333333336
200105,62.606451612903236
200106,73.29666666666667
200107,72.5112903225806
200108,75.90161290322581
200109,65.92833333333333
200110,57.48709677419354
200111,50.869491525423726
200112,44.56071428571429
200201,40.28727272727273
200202,41.16071428571432
200203,46.22258064516132
200204,56.84333333333332
200205,62.15645161290318
200206,72.3135593220339
200207,77.78870967741938
200208,77.48709677419357
200209,69.61833333333331
200210,58.096774193548384
200211,46.39333333333331
200212,36.28709677419356
200301,29.517741935483837
200302,31.725454545454532
200303,43.672580645161325
200304,50.746666666666705
200305,58.11935483870972
200306,69.3283333333333
200307,75.79999999999994
200308,76.00483870967739
200309,69.38166666666666
200310,55.983870967741964
200311,51.966666666666704
200312,38.40967741935484
200401,29.39032258064516
200402,36.60526315789472
200403,46.81451612903228
200404,55.04333333333336
200405,69.51935483870966
200406,71.70500000000001
200407,76.35806451612905
200408,74.00322580645164
200409,70.09333333333338
200410,57.08548387096774
200411,49.90333333333334
200412,39.814516129032235
200501,35.025999999999996
200502,36.26159420289855
200503,40.31870967741938
200504,54.262162162162184
200505,57.85490196078435
200506,72.25547945205479
200507,77.48129032258066
200508,77.77973856209148
200509,72.17591240875915
200510,59.52763157894737
200511,51.475167785234895
200512,36.59999999999999
200601,43.1225806451613
200602,38.34202898550725
200603,45.16666666666666
200604,57.222916666666656
200605,63.052666666666674
200606,72.16866666666668
200607,78.26149068322982
200608,77.04676616915428
200609,67.27857142857142
200610,57.89953271028039
200611,51.90142857142858
200612,45.04232558139533
200701,41.25115207373272
200702,30.409183673469382
200703,45.20703517587938
200704,50.63028846153847
200705,63.50046082949311
200706,72.23205741626795
200707,75.63548387096772
200708,76.49326923076922
200709,70.58571428571427
200710,64.80506912442397
200711,47.84306220095696
200712,40.04836065573769
200801,37.64637096774193
200802,39.470796460177
200803,45.69502074688797
200804,54.90708333333335
200805,61.19300411522633
200806,74.97499999999998
200807,77.19836065573772
200808,73.95000000000002
200809,70.24310344827587
200810,57.415298507462694
200811,46.49024390243903
200812,40.76084905660377
200901,30.97188940092166
200902,38.04285714285713
200903,42.43594470046082
200904,54.400000000000006
200905,63.37050691244239
200906,70.01280788177341
200907,73.44285714285715
