194801,11.522580645161286
194802,8.120689655172413
194803,17.690322580645162
194804,43.60000000000001
194805,56.654838709677435
194806,63.913333333333334
194807,71.70645161290321
194808,70.68064516129031
194809,65.17999999999999
194810,45.68064516129032
194811,31.426666666666666
194812,10.487634408602148
194901,2.075268817204302
194902,0.9023809523809518
194903,20.848387096774196
194904,46.12611111111112
194905,56.13763440860215
194906,64.355
194907,69.5548387096774
194908,71.14838709677419
194909,55.54555555555556
194910,43.228494623655926
194911,35.82833333333333
194912,8.569354838709678
195001,-10.872043010752689
195002,7.029761904761903
195003,18.95170731707318
195004,31.846190476190472
195005,49.71889400921659
195006,62.36714285714286
195007,66.7562211981567
195008,64.32995391705067
195009,57.78142857142857
195010,46.531550802139044
195011,22.13722222222223
195012,11.596774193548388
195101,4.093010752688173
195102,11.841071428571428
195103,12.508602150537634
195104,38.803888888888906
195105,57.55752688172043
195106,59.49555555555556
195107,69.38494623655912
195108,64.35322580645163
195109,52.8688888888889
195110,42.0698924731183
195111,22.321666666666673
195112,6.860752688172043
195201,3.5795698924731187
195202,18.257471264367815
195203,18.813440860215056
195204,49.44944444444443
195205,56.595161290322594
195206,66.08277777777775
195207,68.8774193548387
195208,68.14784946236558
195209,61.075555555555546
195210,43.47956989247312
195211,30.439999999999998
195212,20.101612903225803
195301,15.178494623655913
195302,19.78809523809524
195303,26.922580645161286
195304,36.25166666666667
195305,51.90752688172043
195306,63.24444444444445
195307,69.29838709677418
195308,70.30591397849463
195309,58.00444444444442
195310,51.678494623655915
195311,35.66111111111111
195312,21.793010752688165
195401,-0.03225806451612964
195402,31.259523809523817
195403,22.98440860215054
195404,38.89111111111111
195405,50.95591397849462
195406,61.92111111111113
195407,71.48333333333333
195408,67.12634408602152
195409,55.521666666666654
195410,44.15806451612902
195411,35.992222222222225
195412,23.987096774193546
195501,12.859615384615383
195502,8.453571428571427
195503,19.65161290322581
195504,47.92799999999999
195505,57.94580645161294
195506,63.04333333333334
195507,72.40838709677419
195508,72.60580645161288
195509,57.47933333333336
195510,47.827096774193556
195511,15.799333333333337
195512,6.4406451612903215
195601,6.467096774193549
195602,10.085517241379307
195603,23.444516129032262
195604,36.396
195605,54.290967741935475
195606,69.81600000000002
195607,67.49290322580644
195608,67.80064516129032
195609,55.51666666666668
195610,48.44193548387097
195611,30.712
195612,19.141935483870967
195701,2.8883870967741934
195702,13.885
195703,27.57612903225807
195704,40.80133333333333
195705,56.207741935483874
195706,61.92466666666666
195707,75.2051612903226
195708,68.30709677419354
195709,55.29795918367349
195710,43.69183673469388
195711,29.93933333333333
195712,24.35677419354839
195801,19.626451612903235
195802,12.387857142857142
195803,26.238064516129036
195804,44.675333333333356
195805,59.885161290322586
195806,60.21733333333335
195807,66.27483870967745
195808,71.21096774193549
195809,58.961999999999996
195810,47.05483870967742
195811,27.93466666666668
195812,12.992903225806453
195901,5.5144
195902,7.058928571428568
195903,33.2975806451613
195904,42.352500000000035
195905,52.233064516129055
195906,67.50833333333333
195907,72.83467741935482
195908,71.21774193548384
195909,55.22999999999999
195910,39.04677419354837
195911,23.18583333333333
195912,26.956451612903233
196001,11.356451612903234
196002,13.855172413793102
196003,20.449193548387093
196004,42.70083333333335
196005,56.22499999999999
196006,62.85666666666665
196007,74.6177419354839
196008,70.16854838709678
196009,60.75416666666664
196010,47.928225806451586
196011,28.72500000000001
196012,18.54112903225807
196101,18.42903225806452
196102,21.35535714285714
196103,34.567741935483866
196104,38.922500000000014
196105,54.327419354838675
196106,71.66166666666666
196107,71.15161290322578
196108,75.33225806451614
196109,52.095833333333346
196110,46.472580645161294
196111,29.805
196112,9.840322580645159
196201,10.983870967741936
196202,10.298214285714282
196203,22.04435483870967
196204,44.68500000000001
196205,53.366129032258065
196206,65.50666666666667
196207,66.9258064516129
196208,70.06774193548385
196209,57.28583333333331
196210,49.30887096774193
196211,35.95333333333331
196212,21.070161290322588
196301,3.628225806451613
196302,17.794642857142858
196303,35.14112903225808
196304,42.570000000000014
196305,54.08629032258064
196306,66.68416666666666
196307,72.95161290322582
196308,70.14354838709677
196309,62.47333333333334
196310,56.015322580645176
196311,32.806666666666665
196312,12.647580645161295
196401,17.922580645161293
196402,23.425862068965515
196403,21.529838709677424
196404,44.729166666666664
196405,57.519354838709695
196406,63.04333333333332
196407,72.53387096774192
196408,65.87983870967737
196409,54.06583333333334
196410,47.227419354838716
196411,25.707499999999996
196412,4.154838709677421
196501,2.872
196502,9.708928571428572
196503,15.343548387096773
196504,41.18
196505,54.47096774193548
196506,63.968333333333334
196507,69.96129032258065
196508,68.0733870967742
196509,47.16083333333333
196510,49.030645161290316
196511,27.469166666666673
196512,22.528225806451612
196601,-4.293548387096773
196602,9.251785714285715
196603,31.873387096774195
196604,37.46416666666667
196605,53.41693548387097
196606,65.00499999999998
196607,73.57177419354838
196608,65.86370967741935
196609,60.101666666666674
196610,44.777419354838706
196611,22.559999999999995
196612,15.35241935483871
196701,11.689516129032258
196702,8.474107142857141
196703,26.144354838709674
196704,37.916666666666664
196705,50.41532258064516
196706,62.31916666666666
196707,69.75483870967743
196708,68.49838709677418
196709,61.130833333333335
196710,44.456451612903216
196711,29.255000000000003
196712,14.919354838709678
196801,7.877419354838709
196802,12.58879310344828
196803,33.92822580645161
196804,42.59916666666666
196805,51.26129032258064
196806,61.52416666666668
196807,68.49596774193549
196808,64.56532258064516
196809,57.58083333333334
196810,45.277419354838706
196811,31.157499999999995
196812,10.387096774193544
196901,-0.9983870967741937
196902,13.963392857142859
196903,18.908870967741933
196904,46.28666666666666
196905,55.6725806451613
196906,58.162499999999994
196907,68.5430894308943
196908,73.46532258064516
196909,60.59000000000001
196910,39.526612903225804
196911,31.30833333333333
196912,18.391129032258064
197001,3.9588709677419343
197002,15.569642857142854
197003,20.100806451612904
197004,38.024166666666666
197005,52.126612903225805
197006,68.28083333333332
197007,71.87419354838708
197008,69.91451612903226
197009,57.580833333333324
197010,44.15403225806452
197011,26.932499999999997
197012,11.13225806451613
197101,3.2211538461538476
197102,15.242142857142857
197103,27.92451612903227
197104,43.26199999999999
197105,54.02516129032258
197106,65.53600000000002
197107,66.62967741935483
197108,71.81354838709676
197109,56.47399999999999
197110,44.1058064516129
197111,29.684
197112,11.859354838709676
197201,4.82967741935484
197202,8.639310344827585
197203,25.729677419354836
197204,40.411333333333324
197205,57.33096774193548
197206,65.71199999999999
197207,65.81612903225806
197208,69.43612903225808
197209,54.52533333333334
197210,40.890967741935484
197211,28.04533333333333
197212,8.078709677419354
197301,15.761290322580649
197302,18.57857142857143
197303,35.98064516129031
197304,43.821875000000006
197305,58.221875
197306,67.02068965517242
197307,71.51935483870969
197308,73.18387096774194
197309,57.443333333333335
197310,49.63548387096775
197311,21.727586206896554
197312,9.03
197401,-1.1833333333333336
197402,8.921428571428573
197403,18.000000000000004
197404,40.629999999999995
197405,50.64999999999999
197406,68.64333333333333
197407,76.52258064516128
197408,66.10967741935484
197409,55.31000000000001
197410,47.84516129032258
197411,27.857499999999995
197412,20.105454545454545
197501,10.458928571428569
197502,7.980392156862746
197503,17.740350877192984
197504,35.10000000000001
197505,55.95384615384615
197506,65.67692307692309
197507,75.7425925925926
197508,66.31346153846154
197509,55.62448979591837
197510,47.08709677419354
197511,35.54347826086957
197512,15.424444444444447
197601,7.896721311475409
197602,19.277586206896554
197603,22.000000000000007
197604,45.88135593220338
197605,56.69310344827585
197606,66.23965517241378
197607,71.38196721311473
197608,70.23194444444444
197609,58.61267605633803
197610,40.608620689655176
197611,24.913114754098366
197612,8.558620689655172
197701,-2.2580645161290316
197702,18.69464285714286
197703,31.45967741935485
197704,50.03559322033899
197705,66.17796610169492
197706,65.96166666666667
197707,70.68305084745761
197708,63.236111111111114
197709,54.35666666666666
197710,45.81891891891892
197711,27.116438356164387
197712,5.375675675675676
197801,-5.608450704225352
197802,3.229729729729731
197803,22.7284090909091
197804,40.19746835443039
197805,58.66874999999999
197806,64.04358974358975
197807,68.55121951219516
197808,67.40930232558141
197809,60.40116279069766
197810,44.39999999999999
197811,21.986842105263158
197812,6.1139784946236535
197901,-5.531645569620254
197902,-3.4471428571428575
197903,19.21249999999999
197904,31.331645569620257
197905,47.851162790697686
197906,63.78026315789474
197907,70.09634146341463
197908,64.66860465116278
197909,58.8404761904762
197910,42.73209876543209
197911,24.79444444444444
197912,21.20375
198001,2.9955223880597006
198002,13.287671232876711
198003,19.229113924050633
198004,47.32530120481929
198005,59.49310344827584
198006,65.22222222222221
198007,68.90470588235296
198008,62.63176470588234
198009,53.89493670886077
198010,41.097530864197516
198011,33.13855421686746
198012,13.906756756756758
198101,12.840298507462684
198102,19.337313432835824
198103,32.36144578313254
198104,44.07808219178082
198105,54.31076923076924
198106,61.82133333333333
198107,70.36329113924052
198108,73.40243902439025
198109,59.06547619047619
198110,43.484269662921356
198111,34.37831325301207
198112,10.74606741573034
198201,-8.994444444444445
198202,7.496296296296294
198203,21.041935483870965
198204,38.20227272727274
198205,54.54111111111112
198206,59.83333333333332
198207,69.50645161290322
198208,65.94891304347826
198209,57.33707865168543
198210,43.74130434782608
198211,23.46785714285715
198212,18.48478260869565
198301,17.759550561797756
198302,20.6975
198303,26.470114942528742
198304,38.09302325581396
198305,50.39879518072291
198306,63.83809523809522
198307,73.20898876404495
198308,74.16111111111113
198309,56.08255813953491
198310,45.05172413793104
198311,30.784761904761897
198312,-1.9245901639344263
198401,12.000826446280985
198402,25.424324324324324
198403,22.7733870967742
198404,44.18403361344537
198405,53.9508064516129
198406,63.05892857142856
198407,71.61842105263159
198408,72.81935483870967
198409,52.555833333333325
198410,44.22520325203253
198411,27.079824561403512
198412,8.141880341880341
198501,7.095652173913043
198502,10.570093457943925
198503,31.992499999999996
198504,46.45555555555556
198505,60.00737704918032
198506,59.0591304347826
198507,69.57355371900826
198508,63.70000000000001
198509,52.339130434782625
198510,42.884482758620685
198511,15.740540540540543
198512,6.6381818181818195
198601,16.470247933884295
198602,10.627777777777778
198603,34.491509433962264
198604,42.04869565217391
198605,57.476859504132214
198606,67.49912280701754
198607,70.04033613445378
198608,66.00762711864407
198609,55.13980582524273
198610,45.23333333333334
198611,22.402173913043477
198612,20.184444444444445
198701,18.488999999999997
198702,25.56504854368932
198703,27.309821428571436
198704,50.801769911504444
198705,60.6061946902655
198706,68.84615384615383
198707,71.05130434782605
198708,65.06033057851238
198709,59.05833333333335
198710,40.94915254237288
198711,33.725641025641025
198712,21.984426229508195
198801,7.054098360655736
198802,11.774561403508775
198803,29.00677966101695
198804,44.72016806722687
198805,61.39919354838709
198806,74.20166666666665
198807,73.36065573770492
198808,70.03252032520325
198809,56.27731092436975
198810,43.36134453781513
198811,27.090756302521
198812,15.882113821138214
198901,12.237704918032788
198902,2.7549549549549543
198903,19.138016528925622
198904,41.18319327731092
198905,57.88548387096774
198906,64.03666666666665
198907,74.47903225806449
198908,69.35564516129033
198909,58.414999999999985
198910,44.83032786885246
198911,25.612931034482763
198912,6.863114754098362
199001,21.747482014388485
199002,17.573880597014927
199003,31.196129032258064
199004,42.4418918918919
199005,55.77290322580644
199006,65.98108108108107
199007,69.435761589404
199008,70.88441558441556
199009,61.77229729729728
199010,44.954193548387096
199011,30.08783783783784
199012,9.387919463087249
199101,9.19703703703704
199102,24.430434782608696
199103,28.84899328859061
199104,46.2166666666667
199105,59.12789115646258
199106,68.20845070422534
199107,70.14129032258066
199108,71.29607843137254
199109,56.428378378378376
199110,39.83870967741935
199111,21.716666666666672
199112,25.27214285714285
199201,31.924418604651148
199202,34.60874999999997
199203,38.3992957746479
199204,44.713281249999994
199205,62.39072164948453
199206,62.211904761904776
199207,62.619354838709654
199208,63.214838709677394
199209,55.004026845637576
199210,43.012903225806475
199211,26.228000000000012
199212,8.72903225806452
199301,6.112258064516133
199302,8.653571428571428
199303,25.88064516129033
199304,40.31933333333333
199305,54.59354838709679
199306,59.34799999999999
199307,62.73483870967742
199308,64.9825806451613
199309,52.83
199310,41.2683870967742
199311,24.797972972972957
199312,15.794838709677427
199401,-2.301418439716312
199402,2.8371428571428576
199403,29.774509803921575
199404,41.57567567567569
199405,57.86838709677421
199406,64.14333333333333
199407,65.82322580645159
199408,65.25225806451611
199409,60.00933333333333
199410,46.921290322580624
199411,30.670000000000012
199412,17.406451612903226
199501,8.751612903225807
199502,14.203571428571426
199503,23.682580645161288
199504,36.051677852348995
199505,51.91081081081084
199506,66.88800000000002
199507,67.80198675496686
199508,69.50129032258063
199509,56.461999999999996
199510,42.61059602649009
199511,21.906
199512,10.758064516129028
199601,-0.7000000000000021
199602,12.49699248120301
199603,17.426717557251905
199604,34.57533333333334
199605,51.01045751633986
199606,65.29066666666668
199607,65.11960784313726
199608,68.9032258064516
199609,56.176666666666684
199610,42.03225806451613
199611,17.022727272727284
199612,2.8129032258064512
199701,-1.041935483870968
199702,13.982142857142858
199703,18.438709677419347
199704,33.01999999999998
199705,50.45806451612903
199706,66.8851851851852
199707,67.83548387096776
199708,66.89677419354838
199709,59.796666666666646
199710,43.761290322580656
199711,24.49666666666667
199712,24.312903225806448
199801,8.093548387096776
199802,25.800000000000004
199803,21.680645161290318
199804,47.04666666666665
199805,57.561290322580625
199806,60.116666666666674
199807,69.70000000000002
199808,70.89032258064518
199809,61.450000000000024
199810,44.9258064516129
199811,27.08
199812,14.883870967741931
199901,11.389583333333333
199902,20.95312500000001
199903,30.589999999999993
199904,41.178333333333335
199905,53.68064516129034
199906,62.248333333333335
199907,69.35161290322579
199908,67.18870967741935
199909,54.03703703703708
199910,44.83859649122805
199911,37.09666666666667
199912,25.16451612903227
200001,12.134677419354826
200002,22.670689655172417
200003,34.3524193548387
200004,41.63333333333334
200005,55.858870967741986
200006,61.007500000000014
200007,70.03145161290325
200008,69.13008130081302
200009,56.748333333333385
200010,46.40499999999998
200011,22.928205128205114
200012,4.253043478260869
200101,18.53223140495868
200102,6.622522522522525
200103,27.654098360655748
200104,43.46034482758621
200105,56.40624999999996
200106,63.26081081081081
200107,70.97947019867547
200108,71.88026315789463
200109,58.78413793103444
200110,43.24054054054053
200111,37.39142857142856
200112,20.299206349206354
200201,18.428787878787865
200202,25.748818897637776
200203,19.369696969697
200204,39.08435374149657
200205,50.273026315789494
200206,66.08866666666667
200207,72.84350649350648
200208,66.69738562091501
200209,59.80275862068968
200210,36.52402597402594
200211,31.65810810810809
200212,26.092617449664427
200301,12.76578947368422
200302,9.205797101449274
200303,22.92679738562093
200304,44.66013513513511
200305,54.448026315789406
200306,62.962068965517226
200307,70.56225165562924
200308,72.88133333333332
200309,56.995104895104916
200310,47.365100671140944
200311,20.47737226277373
200312,20.221768707483
200401,3.9418918918918924
200402,15.92765957446809
200403,29.773026315789455
200404,43.37034482758623
200405,50.198639455782356
200406,59.966438356164396
200407,68.0476510067114
200408,61.79133333333343
200409,59.38321678321679
200410,44.70270270270267
200411,33.830496453900714
200412,20.253999999999987
200501,6.8337837837837885
200502,19.331617647058835
200503,27.82666666666665
200504,46.51517241379308
200505,52.800735294117615
200506,65.27969924812028
200507,70.56754966887414
200508,67.4144508670521
200509,61.19272727272728
200510,45.61479289940828
200511,31.87241379310346
200512,18.70949720670391
200601,25.94780219780218
200602,13.708484848484854
200603,26.64098360655739
200604,48.62727272727273
200605,56.76111111111111
200606,66.63050847457626
200607,74.4435754189944
200608,69.34946236559136
200609,56.34277777777781
200610,39.81612903225806
200611,28.42833333333335
200612,22.160215053763466
200701,13.84569892473118
200702,7.525000000000008
200703,31.225268817204284
200704,40.865
200705,56.356868131868126
200706,65.70743589743594
200707,73.25985037406478
200708,66.66589743589735
200709,58.4368556701031
200710,46.383790523690756
200711,29.88000000000001
200712,13.204738154613464
200801,9.431265508684868
200802,10.471703296703296
200803,26.245340050377823
200804,40.043041237113385
200805,51.85657568238213
200806,60.892307692307675
200807,69.42158808932996
200808,68.89093333333335
200809,56.99607329842927
200810,44.65037220843675
200811,30.608083832335303
200812,5.083870967741936
200901,6.125161290322581
200902,14.475454545454546
200903,22.908888888888896
200904,39.42333333333332
200905,51.649677419354845
200906,61.540000000000035
200907,66.01000000000002
