194209,79.35000000000001
194210,74.44193548387098
194211,67.35999999999999
194212,60.51612903225808
194301,53.75869565217393
194302,56.96071428571428
194303,59.79354838709678
194304,68.725
194305,77.29193548387097
194306,81.92833333333334
194307,82.6758064516129
194308,83.37419354838708
194309,77.24833333333335
194310,68.61935483870967
194311,59.42166666666667
194312,51.0875
194401,50.17096774193549
194402,59.66444444444445
194403,61.13870967741936
194404,67.46333333333332
194405,72.64838709677417
194406,81.93666666666667
194407,82.63548387096775
194408,81.09677419354837
194409,78.15333333333335
194410,68.41290322580647
194411,59.71333333333334
194412,49.01935483870969
194501,50.56129032258064
194502,57.07857142857142
194503,66.97636363636363
194504,69.97
194505,72.44193548387098
194506,79.35333333333334
194507,78.74193548387099
194508,79.6
194807,83.0178861788618
194808,81.80403225806452
194809,75.43333333333332
194810,66.93951612903226
194811,60.0525
194812,56.67903225806452
194901,55.37886178861789
194902,58.25
194903,60.57177419354841
194904,66.16083333333334
194905,77.66854838709676
194906,81.91999999999999
194907,81.84596774193547
194908,81.33387096774193
194909,76.98083333333334
194910,72.02580645161291
194911,59.80083333333333
194912,55.88870967741935
195001,62.863709677419344
195002,59.777678571428574
195003,58.77983870967741
195004,65.28333333333332
195005,76.87903225806453
195006,80.54083333333332
195007,80.76854838709676
195008,81.50403225806448
195009,77.32833333333335
195010,71.05000000000003
195011,56.82000000000002
195012,50.34193548387096
195101,52.99758064516128
195102,54.7357142857143
195103,61.611290322580636
195104,65.89416666666666
195105,75.45887096774194
195106,81.74916666666668
195107,83.5540322580645
195108,86.20322580645161
195109,78.08500000000001
195110,71.27661290322582
195111,55.894166666666656
195112,57.18870967741937
195201,60.6483870967742
195202,57.9948275862069
195203,59.48951612903226
195204,65.87500000000001
195205,75.26693548387095
195206,83.57166666666667
195207,82.83225806451614
195208,83.6217741935484
195209,77.25083333333335
195210,63.59838709677419
195211,57.90166666666667
195212,52.69112903225807
195301,55.6211382113821
195302,54.432142857142864
195303,66.60241935483872
195304,67.85416666666666
195305,77.41854838709676
195306,84.41333333333334
195307,81.88467741935486
195308,81.83387096774194
195309,79.19166666666666
195310,71.02096774193551
195311,58.006666666666675
195312,50.806451612903246
195401,54.373387096774195
195402,59.95357142857142
195403,59.9185483870968
195404,72.48666666666668
195405,71.9266129032258
195406,82.09416666666668
195407,84.2032258064516
195408,84.63870967741936
195409,80.95333333333333
195410,71.05564516129034
195411,58.42500000000002
195412,54.28064516129033
195501,51.819354838709685
195502,54.91875
195503,64.27903225806452
195504,71.16
195505,78.05161290322579
195506,78.94833333333332
195507,81.40241935483871
195508,81.86504065040651
195509,80.49249999999998
195510,69.3643410852713
195511,59.07333333333333
195512,54.55813953488372
195601,49.882258064516144
195602,58.46494252873564
195603,60.3478494623656
195604,66.7733333333333
195605,76.64999999999996
195606,78.95777777777778
195607,82.76881720430106
195608,82.29769585253456
195609,77.63904761904762
195610,70.958064516129
195611,58.53904761904762
195612,59.13087557603686
195701,55.90506912442395
195702,60.79795918367347
195703,59.19308755760367
195704,68.21142857142858
195705,75.69539170506911
195706,80.14428571428567
195707,83.55852534562209
195708,82.04838709677416
195709,75.5847619047619
195710,65.77511520737326
195711,60.13771186440678
195712,55.44855967078188
195801,47.96235741444867
195802,47.14152542372882
195803,56.474909090909094
195804,67.46370370370371
195805,75.205376344086
195806,81.68777777777781
195807,82.15806451612903
195808,81.23870967741935
195809,78.23296296296297
195810,67.8569892473118
195811,60.46222222222223
195812,49.301792114695346
195901,48.25388127853881
195902,54.35000000000001
195903,58.55023041474655
195904,65.7942857142857
195905,75.56319018404908
195906,79.06066666666666
195907,80.1438709677419
195908,80.89096774193547
195909,78.05866666666665
195910,71.05225806451614
195911,56.424666666666674
195912,53.843225806451606
196001,50.166451612903224
196002,48.04080459770114
196003,53.64892473118281
196004,67.98666666666668
196005,72.30967741935483
196006,80.82388888888889
196007,83.12849462365594
196008,80.28924731182798
196009,77.63944444444444
196010,69.65967741935481
196011,60.8
196012,49.74139784946235
196101,46.09815668202765
196102,56.06887755102043
196103,63.34516129032257
196104,63.5452380952381
196105,72.67096774193547
196106,76.70142857142856
196107,79.05760368663597
196108,78.65760368663594
196109,76.77523809523811
196110,66.93594470046084
196111,59.00857142857142
196112,53.613364055299535
196201,47.52672811059907
196202,60.76734693877554
196203,56.276497695852534
196204,65.07333333333334
196205,75.43271889400924
196206,78.37428571428572
196207,83.08387096774194
196208,83.08190045248868
196209,78.88217391304347
196210,72.00041666666667
196211,57.83608695652173
196212,51.44683544303798
196301,46.563333333333325
196302,48.88411214953271
196303,63.48109243697481
196304,71.38275862068966
196305,75.64807692307694
196306,80.5445
196307,81.84189189189188
196308,82.61895734597154
196309,78.65127118644068
196310,72.13147410358566
196311,60.709251101321584
196312,44.760085836909866
196401,49.20716845878137
196402,49.491600000000005
196403,59.64551971326164
196404,69.99411764705884
196405,75.55421245421243
196406,80.29583333333335
196407,80.92510460251047
196408,81.98595041322314
196409,77.77402597402596
196410,65.14260089686098
196411,62.119095477386935
196412,54.18990384615384
196501,53.74999999999999
196502,52.288108108108105
196503,55.3824644549763
196504,70.79405940594062
196505,74.20242718446602
196506,78.72970297029704
196507,81.09951690821255
196508,79.41490384615385
196509,77.1982456140351
196510,65.55795454545456
196511,64.55176470588235
196512,53.31129943502825
196601,46.16183574879228
196602,50.93689839572192
196603,58.729665071770334
196604,67.85572139303483
196605,73.9256038647343
196606,78.39504950495049
196607,82.54368932038837
196608,79.80143540669856
196609,76.33731343283584
196610,66.31159420289856
196611,61.15300000000001
196612,51.90478468899523
196701,50.57198067632851
196702,51.1048128342246
196703,63.78755980861244
196704,72.88249999999998
196705,73.02451923076922
196706,80.27128712871286
196707,79.35631067961165
196708,79.39134615384616
196709,74.22699999999999
196710,66.63605769230767
196711,59.04699999999999
196712,54.674879227053154
196801,48.85550239234449
196802,45.707731958762885
196803,56.182125603864726
196804,68.76831683168318
196805,73.66490384615383
196806,79.17699999999999
196807,79.9841346153846
196808,80.38317307692309
196809,74.89900000000002
196810,68.86124401913875
196811,56.004020100502515
196812,51.09758454106281
196901,52.409134615384616
196902,52.75989304812835
196903,53.14757281553399
196904,68.00581395348837
196905,73.9096590909091
196906,81.06783625730995
196907,83.40852272727274
196908,81.91225806451611
196909,76.85815602836881
196910,69.10272108843536
196911,57.196376811594206
196912,51.3125
197001,44.51136363636364
197002,50.46729559748428
197003,56.954802259887
197004,69.96395348837208
197005,73.44914285714287
197006,78.91918604651163
197007,80.29265536723163
197008,81.36988636363638
197009,78.6093567251462
197010,65.93389830508474
197011,54.78224852071008
197012,57.00734463276836
197101,52.454237288135594
197102,52.85161290322582
197103,57.33240223463688
197104,66.12514285714285
197105,72.60047169811321
197106,80.9388392857143
197107,81.65525114155251
197108,80.39285714285714
197109,78.02760180995476
197110,71.96902654867259
197111,59.50933333333332
197112,61.06351351351351
197201,55.5494623655914
197202,54.45862068965517
197203,61.91827956989247
197204,68.76277777777777
197205,73.43548387096774
197206,80.13611111111109
197207,79.247311827957
197208,80.6209677419355
197209,79.50277777777778
197210,69.47688172043009
197211,55.94611111111111
197212,52.6274193548387
197301,53.679807692307705
197302,53.24081632653061
197303,63.79655172413793
197304,64.68396226415094
197305,72.9027027027027
197306,77.8336448598131
197307,80.33275862068965
197308,79.89059829059826
197309,76.96071428571427
197310,71.19217391304348
197311,65.05363636363634
197312,54.35462962962962
197401,59.610434782608685
197402,55.74653465346533
197403,65.95840707964602
197404,69.04509803921569
197405,77.64578313253011
197406,81.71818181818182
197407,80.5144578313253
197408,81.68311688311687
197409,78.75897435897437
197410,73.20161290322584
197411,60.05384615384615
197412,52.98125
197501,57.338888888888896
197502,59.20000000000001
197503,63.06111111111112
197504,70.1
197505,76.70454545454544
197506,81.76666666666668
197507,82.8842105263158
197508,83.1952380952381
197509,74.42972972972974
197510,72.81875
197511,64.39047619047619
197512,55.606060606060595
197601,52.881818181818176
197602,62.331746031746036
197603,66.95423728813559
197604,70.82753623188408
197605,74.13965517241378
197606,80.4544117647059
197607,82.47399999999999
197608,82.54821428571428
197609,79.50967741935483
197610,66.38030303030304
197611,59.088461538461544
197612,56.85428571428572
197701,50.7365
197702,57.254658385093194
197703,64.37446808510636
197704,69.36864864864866
197705,74.73499999999997
197706,81.28060606060599
197707,82.75963855421686
197708,81.96684210526313
197709,81.45769230769226
197710,73.44202127659572
197711,69.3401041666667
197712,62.212107623318396
197801,52.81415929203533
197802,52.42253521126757
197803,60.94175257731958
197804,70.52912087912085
197805,77.10969387755105
197806,82.41746987951804
197807,84.17956204379563
197808,84.05037037037039
197809,82.27903225806452
197810,75.2701388888889
197811,71.3288888888889
197812,62.14556962025312
197901,52.34824561403508
197902,57.869523809523805
197903,64.50076335877863
197904,71.6180952380952
197905,77.79375
197906,82.20987654320986
197907,83.57672413793104
197908,84.78230769230767
197909,80.24485981308413
197910,75.88625954198474
197911,64.56818181818184
197912,60.09270833333333
198001,61.09673913043474
198002,57.525454545454544
198003,64.0
198004,68.62799999999999
198005,75.55723684210525
198006,82.28963414634151
198007,85.27664670658683
198008,85.46742424242424
198009,83.94064516129035
198010,72.9508108108108
198011,64.63314606741571
198012,60.646666666666654
198101,55.225136612021885
198102,57.6351515151515
198103,63.292696629213474
198104,72.68750000000001
198105,74.14494382022471
198106,81.81463414634148
198107,84.23930635838147
198108,83.68324873096448
198109,79.82886597938146
198110,73.39948717948717
198111,68.58248587570627
198112,59.56243386243384
198201,58.304301075268796
198202,56.73425414364642
198203,64.49209039548023
198204,68.7041237113402
198205,75.2756218905473
198206,82.58323699421965
198207,82.99219858156027
198208,82.84393939393937
198209,78.80760869565222
198210,72.2471502590674
198211,66.20730337078652
198212,62.03775510204084
198301,55.42021276595746
198302,56.83333333333336
198303,60.4946524064171
198304,61.11761363636364
198305,73.30216216216213
198306,78.77682926829269
198307,85.28510638297871
198308,85.11666666666667
198309,78.17555555555555
198310,72.35744680851064
198311,62.55961538461539
198312,51.012121212121215
198401,47.45555555555554
198402,55.26119402985074
198403,62.56491228070177
198404,70.12400000000001
198405,76.6875
198406,82.58333333333333
198407,82.93606557377049
198408,82.87068965517243
198409,79.47021276595746
198410,75.12031249999998
198411,63.342592592592595
198412,64.46249999999999
198501,47.4223880597015
198502,54.86666666666666
198503,67.53088235294119
198504,70.77571428571427
198505,76.55350877192984
198506,80.91769911504426
198507,82.38207547169812
198508,83.16250000000001
198509,79.75333333333332
198510,74.44915254237289
198511,69.16019417475728
198512,53.36869565217392
198601,54.67747747747748
198602,58.76283185840708
198603,63.29441340782125
198604,69.60180995475116
198605,76.668
198606,82.17383177570096
198607,83.56320754716982
198608,82.79724770642203
198609,82.24951923076924
198610,71.64368932038835
198611,66.76306818181818
198612,55.05550847457628
198701,51.94173553719009
198702,57.06891191709844
198703,61.69188034188034
198704,67.86448979591835
198705,77.37272727272726
198706,80.43794466403163
198707,83.14599156118146
198708,84.2494252873563
198709,80.34641350210973
198710,67.99628099173556
198711,63.51447963800905
198712,59.796138996139
198801,51.7129151291513
198802,55.21863636363635
198803,62.765562913907296
198804,70.06514522821577
198805,75.78165938864629
198806,80.48461538461535
198807,82.16465517241382
198808,82.35375000000003
198809,80.13836206896548
198810,70.04957983193277
198811,67.76515151515152
198812,59.11999999999998
198901,61.32625000000003
198902,56.92573839662448
198903,63.19837662337663
198904,69.105859375
198905,77.67598566308243
198906,80.53462897526501
198907,82.16993006993009
198908,82.71115384615385
198909,78.52028985507246
198910,71.18056537102476
198911,65.60642857142857
198912,49.66598639455782
199001,59.329491525423734
199002,62.77323420074348
199003,64.2777027027027
199004,69.17530120481929
199005,76.8425
199006,83.21049382716049
199007,82.82012578616353
199008,84.03249211356464
199009,80.53514376996804
199010,70.84579439252337
199011,66.00664335664334
199012,61.07557003257328
199101,55.89560439560439
199102,59.76676737160122
199103,64.91937500000002
199104,71.75415019762846
199105,76.78256227758007
199106,81.15719557195574
199107,83.2201550387597
199108,81.85079365079363
199109,79.3536398467433
199110,73.54906367041198
199111,59.44542253521128
199112,61.912847222222226
199201,54.91623616236162
199202,60.906367041198486
199203,63.96488294314381
199204,67.77624999999998
199205,74.18300283286116
199206,81.20487106017193
199207,82.72805970149254
199208,80.03177257525088
199209,79.13642611683846
199210,72.19700272479565
199211,60.99971910112358
199212,60.42727272727271
199301,58.24960835509141
199302,58.28451612903225
199303,61.1364303178484
199304,65.48162650602411
199305,73.81006711409394
199306,80.53883792048924
199307,82.94553314121035
199308,83.60873493975906
199309,80.35179640718565
199310,71.3187116564417
199311,61.72470588235295
199312,57.19239543726235
199401,53.92024291497975
199402,59.916182572614105
199403,63.51679104477612
199404,69.66557377049182
199405,75.36504065040651
199406,80.86935483870973
199407,81.06339622641512
199408,81.08449612403102
199409,78.62348178137648
199410,72.42631578947368
199411,67.25808823529414
199412,59.31285714285711
199501,56.061023622047216
199502,58.433720930232575
199503,63.5063670411985
199504,69.76722689075629
199505,77.54457364341087
199506,79.93053097345134
199507,83.55642023346303
199508,83.64309623430961
199509,81.33422053231936
199510,73.62163265306121
199511,63.93373015873017
199512,57.34837545126356
199601,54.74548872180449
199602,56.29876543209879
199603,58.83437499999995
199604,66.18447488584476
199605,77.48387096774192
199606,81.73624161073823
199607,84.28105263157894
199608,82.9076923076923
199609,79.4144
199610,72.15227272727275
199611,65.34251497005988
199612,59.89505494505493
199701,56.85643564356434
199702,59.255428571428574
199703,67.50746268656717
199704,66.37647058823529
199705,73.82645161290321
199706,79.43966942148761
199707,83.07533333333333
199708,82.76632124352331
199709,79.809756097561
199710,69.13928571428572
199711,58.02771084337349
199712,52.8703846153846
199801,55.982625482625494
199802,56.065163934426224
199803,59.823048327137535
199804,67.2409090909091
199805,78.01501597444091
199806,83.39655172413794
199807,85.39489051094891
199808,83.79655172413794
199809,80.95378787878788
199810,73.69264214046824
199811,64.27067669172932
199812,55.75172413793103
199901,58.05842293906812
199902,60.42342007434945
199903,61.1847750865052
199904,71.43145695364242
199905,74.65409836065574
199906,80.06399999999998
199907,81.7302816901409
199908,84.20676156583627
199909,76.5792156862745
199910,68.36779026217229
199911,60.363984674329515
199912,52.87653429602888
200001,54.38129829984543
200002,59.48196721311476
200003,64.91511450381678
200004,67.14794303797471
200005,77.62174578866768
200006,79.71730769230768
200007,83.12032258064517
200008,83.93796610169491
200009,78.04619469026547
200010,68.56529914529914
200011,56.92980769230773
200012,47.23082595870208
200101,48.16259204712813
200102,58.770317460317465
200103,57.93265602322203
200104,71.58558558558556
200105,75.68521739130433
200106,79.2966714905933
200107,82.652868852459
200108,81.60218579234969
200109,76.36947674418606
200110,66.61205766710351
200111,64.19225352112679
200112,57.43737658674185
200201,54.84291390728479
200202,51.63224852071005
200203,61.01912928759894
200204,71.61612057667105
200205,75.99441210710131
200206,80.20025445292623
200207,82.65549738219894
200208,82.11621951219517
200209,79.17517985611512
200210,71.16192307692307
200211,58.39929494712103
200212,53.2910046728972
200301,47.973401826484
200302,53.349624999999996
200303,60.89690476190478
200304,68.49452926208653
200305,78.11524249422628
200306,80.05638554216866
200307,81.43454759106939
200308,82.53544018058695
200309,77.43722025912844
200310,70.08671248568157
200311,64.01957040572793
200312,52.0699776785714
200401,52.646651785714305
200402,52.05070588235298
200403,65.2062084257206
200404,67.96432616081535
200405,74.76783691959231
200406,80.20779625779625
200407,82.34837117472853
200408,80.86934673366834
200409,78.97730569948189
200410,75.74550359712228
200411,64.9621169916435
200412,53.22631578947365
200501,55.63611670020123
200502,57.68734567901232
200503,59.8824531516184
200504,67.2590604026846
200505,73.96181818181819
200506,80.78832781456953
200507,82.30171473109901
200508,82.69369158878507
200509,81.68735332464144
200510,67.06693830034926
200511,61.637373737373736
200512,51.30240847784199
200601,57.015799086757994
200602,53.39142590866729
200603,63.2393183707398
200604,71.37085088458298
200605,74.51151919866444
200606,80.42916328188468
200607,81.25250596658707
200608,82.44812656119902
200609,77.261303630363
200610,69.84166031987812
200611,58.76751269035537
200612,53.21688951442647
200701,51.16034607065609
200702,52.36601356443104
200703,64.26615276804485
200704,65.38038379530916
200705,74.29704264099037
200706,79.81191780821922
200707,80.34001340482577
200708,83.40727650727653
200709,78.69179004037683
200710,70.65875816993464
200711,61.16386315039205
200712,57.875894134477825
200801,50.64631205673758
200802,57.63754646840151
200803,61.381824712643656
200804,67.98045486851458
200805,75.48553633217992
200806,81.02415770609316
200807,82.87899860917942
200808,81.4188269370022
200809,76.20913930789705
200810,67.07422157856622
200811,59.003946329913184
200812,57.161311475409825
200901,55.16060606060606
200902,59.269913043478255
200903,63.9019801980198
200904,68.8780292942743
200905,76.15601783060923
200906,82.24703196347035
200907,85.24301075268818
