194501,20.767741935483873
194502,28.103571428571424
194503,45.212903225806464
194504,52.70999999999999
194505,55.59032258064516
194506,67.27333333333334
194507,72.31935483870967
194508,69.35806451612903
194509,66.74666666666666
194510,50.73548387096774
194511,42.71333333333334
194512,24.774193548387093
194601,27.11290322580646
194602,25.96785714285715
194603,45.58387096774193
194604,46.176666666666655
194605,57.432258064516134
194606,66.82333333333334
194607,71.54516129032257
194608,67.13225806451614
194609,65.01666666666665
194610,55.554838709677426
194611,45.586666666666666
194612,32.21290322580645
194701,31.209677419354843
194702,26.71785714285715
194703,35.619354838709675
194704,46.339999999999996
194705,56.864516129032275
194706,65.64166666666667
194707,74.13387096774193
194708,73.67096774193548
194709,65.74833333333332
194710,59.32258064516129
194711,39.71935483870968
194712,28.441935483870967
194801,22.266129032258053
194802,25.041379310344837
194803,36.81451612903225
194804,46.96666666666667
194805,56.069354838709685
194806,64.63833333333334
194807,72.97564102564102
194808,72.15913978494625
194809,65.24888888888889
194810,53.1731182795699
194811,48.85777777777776
194812,35.00752688172043
194901,34.849999999999994
194902,34.09821428571428
194903,38.87580645161291
194904,50.43083333333335
194905,59.44919354838708
194906,71.2025
194907,76.36612903225804
194908,73.44032258064514
194909,63.29750000000001
194910,58.77419354838709
194911,42.42500000000002
194912,33.96774193548388
195001,35.37177419354839
195002,28.091964285714287
195003,33.270967741935486
195004,45.46583333333332
195005,55.936290322580646
195006,67.0933333333333
195007,71.63629032258065
195008,70.56689655172414
195009,62.07400000000001
195010,56.914193548387104
195011,46.22275862068967
195012,32.770967741935486
195101,31.96854838709677
195102,32.495535714285715
195103,39.004032258064534
195104,50.25666666666665
195105,59.766935483870974
195106,66.69916666666667
195107,73.33467741935485
195108,71.11129032258066
195109,64.57500000000002
195110,55.38790322580644
195111,40.183333333333344
195112,33.88870967741935
195201,32.04112903225807
195202,32.84741379310345
195203,37.54516129032259
195204,51.73083333333334
195205,57.6274193548387
195206,70.48666666666668
195207,76.85725806451612
195208,72.21532258064514
195209,65.81416666666668
195210,52.85483870967743
195211,44.54750000000001
195212,35.292741935483875
195301,33.648387096774194
195302,35.63124999999999
195303,39.910526315789475
195304,49.58416666666664
195305,59.973387096774196
195306,70.29666666666667
195307,74.38790322580645
195308,72.49596774193552
195309,67.35249999999999
195310,56.880645161290325
195311,46.248333333333335
195312,38.77419354838711
195401,26.37500000000001
195402,37.03928571428571
195403,39.60161290322579
195404,50.45499999999999
195405,57.537096774193564
195406,68.9075
195407,72.73951612903227
195408,70.46116504854368
195409,64.60555555555557
195410,59.18387096774192
195411,44.73111111111111
195412,34.483870967741936
195501,29.227956989247303
195502,32.55595238095238
195503,38.62150537634408
195504,51.02222222222223
195505,63.03225806451614
195506,67.73333333333333
195507,77.65268817204301
195508,75.9741935483871
195509,65.86555555555556
195510,57.218279569892466
195511,42.91
195512,28.134408602150536
195601,30.975268817204302
195602,33.78390804597701
195603,34.62903225806452
195604,45.853333333333346
195605,55.99032258064516
195606,69.89777777777778
195607,71.44086021505376
195608,72.31290322580645
195609,62.278846153846146
195610,56.46666666666666
195611,46.414655172413795
195612,38.1093220338983
195701,26.288235294117644
195702,35.50934579439252
195703,40.94661016949153
195704,50.988495575221236
195705,60.593333333333334
195706,71.6697247706422
195707,73.89310344827587
195708,70.83478260869566
195709,66.54485981308412
195710,54.34774774774777
195711,47.30458715596332
195712,39.07131147540983
195801,30.52131147540984
195802,26.385321100917434
195803,39.38571428571429
195804,49.87807017543858
195805,56.71130434782608
195806,64.64818181818181
195807,73.02608695652172
195808,72.4714285714286
195809,64.83636363636364
195810,53.1150442477876
195811,46.03679245283018
195812,26.83333333333332
195901,28.37222222222223
195902,28.721782178217826
195903,37.32844036697247
195904,49.87777777777779
195905,61.56842105263158
195906,66.56697247706421
195907,73.5366972477064
195908,74.31052631578949
195909,68.81249999999997
195910,55.84867256637171
195911,44.74181818181816
195912,35.22608695652175
196001,30.666972477064213
196002,35.238679245283016
196003,31.252678571428582
196004,50.79361702127658
196005,59.28818181818185
196006,68.66083333333333
196007,72.03951612903226
196008,71.6483870967742
196009,64.33083333333336
196010,54.814516129032256
196011,46.99916666666665
196012,28.31370967741935
196101,24.12258064516129
196102,31.3392857142857
196103,37.675000000000004
196104,46.48083333333333
196105,55.768548387096786
196106,67.45916666666668
196107,72.99516129032257
196108,72.10483870967744
196109,70.26218487394955
196110,57.138709677419364
196111,45.559999999999995
196112,33.26048387096775
196201,29.617741935483867
196202,27.866071428571427
196203,38.903225806451616
196204,49.13666666666665
196205,58.830645161290334
196206,68.25714285714288
196207,70.03709677419356
196208,70.26048387096772
196209,62.76833333333333
196210,54.13951612903226
196211,41.419166666666676
196212,28.46693548387097
196301,27.65887096774194
196302,25.25
196303,38.77983870967741
196304,49.57750000000001
196305,57.58709677419355
196306,67.90499999999999
196307,73.13870967741931
196308,70.49098360655739
196309,61.57166666666668
196310,57.837903225806464
196311,48.40083333333333
196312,26.85887096774194
196401,30.797849462365583
196402,29.5080459770115
196403,39.0247311827957
196404,47.25333333333332
196405,61.69784946236561
196406,67.54777777777777
196407,72.8989247311828
196408,69.07204301075268
196409,64.45666666666668
196410,52.97956989247312
196411,46.05555555555554
196412,33.30752688172043
196501,25.76021505376344
196502,28.869047619047613
196503,36.40537634408603
196504,46.221428571428575
196505,62.27580645161291
196506,67.70499999999998
196507,71.77741935483873
196508,72.14354838709677
196509,65.27
196510,53.27301587301587
196511,43.66777777777777
196512,36.21397849462365
196601,29.06989247311828
196602,30.14761904761904
196603,38.738709677419365
196604,45.336144578313245
196605,54.55645161290321
196606,68.93833333333332
196607,76.29838709677419
196608,73.9758064516129
196609,64.50666666666666
196610,53.040860215053755
196611,46.38111111111111
196612,33.325806451612905
196701,33.90430107526882
196702,26.865476190476187
196703,33.382795698924724
196704,45.196666666666665
196705,51.74623655913978
196706,67.24777777777777
196707,72.40215053763441
196708,70.89462365591399
196709,63.977777777777774
196710,54.72150537634409
196711,39.962222222222216
196712,34.872043010752684
196801,24.024731182795698
196802,27.10574712643678
196803,39.40752688172043
196804,51.235555555555564
196805,57.31182795698924
196806,66.21222222222222
196807,74.59677419354837
196808,71.83978494623658
196809,66.32000000000001
196810,56.98709677419355
196811,42.90222222222222
196812,30.096774193548388
196901,27.92688172043011
196902,29.01666666666667
196903,35.39677419354839
196904,50.08777777777778
196905,59.18172043010751
196906,67.95166666666667
196907,70.88709677419355
196908,72.93870967741934
196909,63.84833333333333
196910,53.482258064516124
196911,43.26833333333334
196912,30.179032258064517
197001,21.374193548387098
197002,30.216071428571436
197003,35.972580645161294
197004,48.36833333333333
197005,59.95161290322581
197006,66.825
197007,74.11129032258066
197008,73.74516129032257
197009,66.16666666666669
197010,55.95645161290323
197011,46.20666666666666
197012,30.430645161290325
197101,23.4
197102,30.683928571428574
197103,36.46774193548387
197104,46.11166666666668
197105,57.15483870967743
197106,69.83666666666666
197107,73.49354838709678
197108,72.38387096774196
197109,68.03
197110,58.861290322580636
197111,41.73166666666667
197112,35.937096774193556
197201,30.743548387096777
197202,27.749999999999993
197203,35.87903225806452
197204,44.65999999999999
197205,59.233870967741936
197206,64.985
197207,73.43870967741937
197208,71.61451612903227
197209,65.93833333333333
197210,50.635483870967754
197211,40.375
197212,32.88225806451613
197509,62.57333333333333
197510,57.57283950617283
197511,50.61453488372092
197512,36.39945355191257
197601,27.987640449438192
197602,36.024647887323944
197603,40.38881118881119
197604,49.257894736842125
197605,55.74357142857142
197606,66.13868613138685
197607,70.20935251798561
197608,70.46171874999999
197609,64.21395348837207
197610,52.36899224806199
197611,41.81682242990656
197612,31.50882352941177
197701,25.653030303030306
197702,31.52807017543859
197703,40.3646153846154
197704,47.68750000000001
197705,56.98000000000002
197706,64.92539682539683
197707,72.3049180327869
197708,71.54285714285714
197709,64.41999999999999
197710,53.941176470588225
197711,47.94576271186441
197712,35.66718750000001
197801,29.38289473684211
197802,28.550943396226426
197803,36.15092592592595
197804,44.59745762711862
197805,52.779310344827564
197806,62.98064516129033
197807,67.7506329113924
197808,71.2126436781609
197809,62.23373493975901
197810,53.26043956043958
197811,44.83488372093023
197812,35.06344086021504
197901,29.817391304347833
197902,20.336708860759494
197903,38.68555555555556
197904,44.33423423423422
197905,56.08367346938775
197906,63.444339622641515
197907,70.7625
197908,70.06804123711339
197909,64.04851485148512
197910,51.360000000000014
197911,46.56099999999999
197912,35.207894736842114
198001,30.25412844036697
198002,25.63909090909089
198003,33.72427184466021
198004,45.876635514018695
198005,56.215662650602404
198006,62.89428571428573
198007,70.60000000000001
198008,73.69107142857146
198009,65.63571428571429
198010,53.77160493827158
198011,40.809677419354834
198012,29.835365853658537
198101,22.91999999999999
198102,34.99879518072288
198103,37.77777777777778
198104,48.78539325842695
198105,57.6648936170213
198106,67.18048780487803
198107,74.23103448275863
198108,72.08533333333332
198109,65.75405405405407
198110,52.487301587301594
198111,48.38333333333335
198112,34.84893617021277
198201,16.75625
198202,37.628571428571426
198203,40.04423076923077
198204,47.71746031746033
198205,57.925
198206,63.44938271604938
198207,75.10930232558141
198208,72.6717391304348
198209,65.09333333333333
198210,55.69850746268658
198211,49.61111111111113
198212,40.76545454545455
198301,33.40510204081632
198302,34.30576923076923
198303,41.46727272727272
198304,46.334523809523816
198305,54.149382716049374
198306,65.70958904109587
198307,71.9578125
198308,70.9623188405797
198309,67.57169811320757
198310,55.139189189189175
198311,47.32399999999996
198312,31.520915032679742
198401,27.148765432098767
198402,37.4875
198403,33.35070422535211
198404,49.054929577464804
198405,58.88529411764702
198406,69.92142857142858
198407,71.02558139534885
198408,73.7591836734694
198409,62.67222222222222
198410,56.55937499999999
198411,42.90434782608694
198412,37.97227722772277
198501,25.595876288659806
198502,31.262500000000014
198503,41.431372549019606
198504,50.340999999999994
198505,61.048571428571385
198506,65.21142857142856
198507,72.41320754716979
198508,70.83829787234043
198509,65.03298969072162
198510,55.311428571428586
198511,43.88000000000002
198512,28.932258064516127
198601,28.470967741935482
198602,26.700000000000014
198603,41.44512195121952
198604,50.98217821782179
198605,62.60967741935484
198606,66.21262135922329
198607,71.7828828828829
198608,69.48850574712642
198609,63.015584415584414
198610,53.50121951219513
198611,41.71744186046511
198612,33.26760563380282
198701,27.763736263736273
198702,28.869999999999994
198703,38.2514705882353
198704,51.13050847457628
198705,61.6323076923077
198706,70.5046153846154
198707,75.01911764705882
198708,70.27323943661973
198709,64.0763157894737
198710,50.5779069767442
198711,43.70112359550562
198712,34.69101123595506
198801,25.35858585858586
198802,30.532500000000006
198803,40.148314606741565
198804,47.57471264367816
198805,60.17176470588238
198806,69.70487804878046
198807,76.07567567567568
198808,74.93186813186814
198809,64.16585365853656
198810,49.277906976744184
198811,45.072727272727285
198812,31.598901098901106
198901,32.532967032967015
198902,29.77682926829269
198903,38.14886363636364
198904,48.12307692307691
198905,62.181578947368386
198906,68.88316831683169
198907,75.127397260274
198908,74.03176470588232
198909,65.48224299065421
198910,54.8832
198911,42.60078740157481
198912,22.827083333333338
199001,37.08947368421052
199002,35.78217054263566
199003,40.66641221374046
199004,49.240186915887854
199005,56.73846153846152
199006,68.48617886178862
199007,73.65523809523809
199008,74.01454545454541
199009,64.92118644067797
199010,60.85352112676058
199011,46.12291666666665
199012,39.70338983050845
199101,29.95454545454546
199102,35.771317829457374
199103,41.25
199104,50.08105263157895
199105,63.88703703703704
199106,72.651724137931
199107,77.05930232558141
199108,75.97956989247314
199109,65.10657894736846
199110,55.132407407407406
199111,43.738
199112,35.12142857142856
199201,27.491489361702136
199202,35.38541666666666
199203,35.91269841269841
199204,46.3259842519685
199205,59.51679389312977
199206,63.98108108108108
199207,61.50352112676056
199208,61.16785714285716
199209,55.21739130434784
199210,47.22692307692308
199211,41.47884615384617
199212,31.94285714285714
199301,28.37737226277373
199302,23.64273504273504
199303,32.948062015503886
199304,48.13278688524592
199305,60.75199999999999
199306,67.68925619834712
199307,71.6246153846154
199308,61.25878378378378
199309,52.335862068965504
199310,42.470945945945935
199311,36.91642857142857
199312,27.248993288590608
199401,18.29642857142857
199402,24.316814159292036
199403,33.857462686567175
199404,50.20645161290323
199405,55.178461538461534
199406,70.34188034188034
199407,74.08188976377953
199408,68.48064516129034
199409,61.74166666666667
199410,51.26984126984126
199411,46.43559322033898
199412,35.51935483870966
199501,32.340625
199502,26.620895522388064
199503,39.76074074074073
199504,45.37983193277311
199505,56.41417322834643
199506,62.72238805970149
199507,64.62565789473685
199508,62.14413793103451
199509,54.742657342657346
199510,47.858666666666664
199511,35.279562043795615
199512,23.127814569536426
199601,22.958783783783787
199602,24.823404255319144
199603,29.114935064935068
199604,39.68053691275167
199605,47.52727272727272
199606,58.526760563380314
199607,70.26545454545455
199608,70.51935483870969
199609,63.12333333333333
199610,51.78387096774194
199611,38.96833333333333
199612,36.779729729729716
199701,27.361797752808986
199702,35.471428571428575
199703,36.7
199704,45.6
199705,54.821917808219176
199706,68.1658823529412
199707,71.50752688172044
199708,68.7195652173913
199709,61.90555555555556
199710,50.48064516129033
199711,38.99555555555556
199712,32.1978494623656
199801,33.94838709677419
199802,36.281707317073156
199803,40.637634408602125
199804,49.281111111111116
199805,60.244086021505375
199806,64.72247191011239
199807,70.53763440860217
199808,70.86129032258064
199809,63.666666666666664
199810,51.7021505376344
199811,41.36000000000003
199812,36.06021505376345
199901,27.828735632183907
199902,31.70833333333331
199903,37.23548387096773
199904,48.265555555555565
199905,58.5358695652174
199906,68.47528089887639
199907,74.45287356321839
199908,69.55543478260871
199909,63.66428571428568
199910,50.17977528089887
199911,45.977777777777774
199912,34.15161290322581
200001,26.574731182795706
200002,32.85000000000001
200003,42.168279569892476
200004,47.262569832402235
200005,58.281621621621596
200006,66.82444444444444
200007,68.65856353591164
200008,69.16378378378376
200009,62.837500000000006
200010,51.880107526881744
200011,42.22888888888889
200012,28.141304347826093
200101,28.118378378378377
200102,31.681818181818176
200103,35.70752688172044
200104,49.072222222222244
200105,59.61141304347826
200106,69.33595505617983
200107,69.34301075268819
200108,73.86424870466324
200109,63.799047619047606
200110,54.193427230046915
200111,46.85571428571429
200112,38.75652173913045
200201,34.65760368663593
200202,35.56479591836735
200203,39.687096774193556
200204,50.73397129186602
200205,55.64019607843136
200206,65.78926829268295
200207,73.18801843317976
200208,72.00322580645158
200209,65.17475247524756
200210,51.15622119815668
200211,41.45428571428571
200212,31.617788461538456
200301,23.48271028037382
200302,25.508556149732613
200303,36.99354838709677
200304,45.031249999999964
200305,55.123041474654336
200306,64.96095238095236
200307,71.83796296296293
200308,72.87649769585254
200309,64.40239234449758
200310,50.638425925925915
200311,44.97571428571428
200312,33.95069124423963
200401,20.568981481481487
200402,30.57213930348258
200403,38.751388888888904
200404,48.640952380952356
200405,59.6571428571429
200406,65.90952380952379
200407,70.65442477876114
200408,70.88812392426851
200409,66.45173010380624
200410,52.238381742738575
200411,44.37936507936509
200412,34.468561278863255
200501,25.96562499999999
200502,30.128278688524578
200503,35.0722891566265
200504,48.111419753086416
200505,53.59615384615385
200506,68.6604910714286
200507,72.39897330595483
200508,74.69229024943309
200509,67.98155844155842
200510,54.85127551020408
200511,45.432987012987006
200512,31.920803782505917
200601,35.92694174757281
200602,32.442021276595746
200603,38.501639344262294
200604,50.144356955380594
200605,57.82420537897311
200606,67.70678733031674
200607,74.50045454545455
200608,71.7206106870229
200609,63.86822429906541
200610,53.24880239520957
200611,47.00570570570572
200612,40.98181818181818
200701,34.07987012987012
200702,26.389578163771702
200703,37.2110629067245
200704,46.15606694560669
200705,59.722921914357684
200706,67.1844298245614
200707,71.74958677685947
200708,71.38220720720717
200709,66.50049019607843
200710,60.647899159663886
200711,43.65170940170942
200712,33.829290617848955
200801,33.47410714285714
200802,32.83145539906104
200803,38.564182194616976
200804,50.18921568627451
200805,56.26304801670146
200806,69.24657894736843
200807,73.40025575447572
200808,68.78767441860462
200809,65.26273291925466
200810,53.02699386503067
200811,44.43411016949154
200812,37.99315589353611
200901,28.152542372881342
200902,34.156547619047615
200903,37.74210526315791
200904,49.40789473684209
200905,56.57096774193547
200906,62.95000000000001
200907,67.42500000000001
