193610,58.57419354838708
193611,58.5741935484
193612,58.5741935484
193701,37.7903225806
193702,41.5258064516
193703,45.1
193704,45.1
193705,51.7233333333
193706,64.7193548387
193707,73.2566666667
193708,76.5258064516
193709,76.1290322581
193710,70.1394444444
193711,60.6766666667
193712,47.3333333333
193801,37.9822580645
193802,37.0537634409
193803,40.8071428571
193804,50.052688172
193805,56.9535249042
193806,64.1677419355
193807,73.2244444444
193808,79.9150537634
193809,80.0
193810,71.7733333333
193811,62.2462365591
193812,48.3455555556
193901,39.3397849462
193902,40.2322580645
193903,38.0119047619
193904,48.6225806452
193905,55.5444444444
193906,67.0010752688
193907,75.4733333333
193908,79.4532258065
193909,80.0879032258
193910,75.0408333333
193911,65.3298387097
193912,53.235
194001,49.8959677419
194002,31.5115322581
194003,44.3702538314
194004,49.3363870968
194005,57.6479429429
194006,66.8159139785
194007,73.8996666667
194008,78.6735483871
194009,75.8514458417
194010,70.9726628352
194011,62.8051041241
194012,50.0171886652
194101,46.1960074035
194102,41.1606960951
194103,38.6788926002
194104,44.2275779268
194105,58.9823390152
194106,66.5506658531
194107,71.6700935374
194108,77.6113306452
194109,76.0620967742
194110,69.4022592593
194111,60.7543037653
194112,46.7253080808
194201,41.6118115764
194202,37.3898922593
194203,37.4921329138
194204,47.5853087087
194205,59.6076007069
194206,67.3872991696
194207,73.5434257482
194208,77.96776901
194209,75.8631924062
194210,69.5441719759
194211,61.5055241494
194212,50.7514918405
194301,40.0537351188
194302,38.4822944807
194303,43.8314574857
194304,46.4403497227
194305,57.1278192854
194306,65.7657292624
194307,74.3850541451
194308,77.4410773968
194309,77.2379746739
194310,68.5504431759
194311,58.3675316897
194312,46.9877708179
194401,38.566126251
194402,38.373424581
194403,42.2309141459
194404,45.7727139344
194405,54.0125578437
194406,66.4703577953
194407,73.0605143164
194408,76.2103402755
194409,75.5332412262
194410,69.5208681432
194411,59.2100664517
194412,47.7589718569
194501,36.4153289364
194502,34.5213241443
194503,39.4310459451
194504,50.8683906159
194505,55.2316051081
194506,61.0473589566
194507,69.510363797
194508,75.0453961845
194509,74.5747613642
194510,69.1245241033
194511,58.2570821209
194512,48.9989040513
194601,34.6894428658
194602,36.8436290907
194603,39.0983679845
194604,51.5080072402
194605,56.0944281398
194606,62.8989642601
194607,71.7751541062
194608,75.7044029507
194609,72.8623301317
194610,68.7419763578
194611,59.9538167608
194612,48.6482075383
194701,40.8406713996
194702,38.5267599713
194703,33.9885266298
194704,41.5387265379
194705,53.9563903474
194706,61.9391424477
194707,69.8282118064
194708,75.5109627356
194709,77.5443190932
194710,69.429838192
194711,63.3866429097
194712,43.7773628857
194801,37.1443747755
194802,28.3848280006
194803,32.6380183137
194804,41.1509276666
194805,54.1765308061
194806,61.0008997486
194807,69.381316218
194808,74.7968876588
194809,73.4783777355
194810,67.7601416051
194811,54.8311036908
194812,46.5373958489
194901,36.3553692736
194902,32.2934900714
194903,35.7039724661
194904,42.8725229491
194905,53.400528891
194906,63.4389158296
194907,71.6389687623
194908,76.0180660713
194909,73.7308819237
194910,64.6339347328
194911,57.3727971682
194912,45.9379311496
195001,36.4089112085
195002,35.9378198968
195003,35.7810888739
195004,39.9023497549
195005,49.6246803076
195006,61.3072745316
195007,69.9228090238
195008,72.4317654578
195009,71.3137796005
195010,64.5535608337
195011,58.7742421668
195012,43.035558411
195101,33.9944428856
195102,32.9009598933
195103,35.8095825833
195104,40.9281568228
195105,51.6382999168
195106,62.6139588658
195107,68.657826006
195108,74.6369705505
195109,72.9819976838
195110,65.5952334265
195111,56.3496644584
195112,40.4245182499
195201,34.7382707219
195202,34.8529169434
195203,37.4995534373
195204,40.3850010752
195205,53.6884838026
195206,62.0916307147
195207,73.1328406272
195208,76.2307513521
195209,73.715014123
195210,67.2468086662
195211,53.7837406139
195212,43.7944626783
195301,36.3672108995
195302,38.0023591405
195303,38.0066025216
195304,45.185366141
195305,51.0731334402
195306,62.3849616598
195307,72.1937141573
195308,75.3915383142
195309,73.675321837
195310,67.8916489187
195311,58.2346496766
195312,46.3306362985
195401,37.1770208534
195402,32.5433719241
195403,42.0689041907
195404,41.3730193829
195405,55.8071786313
195406,60.0212307143
195407,71.0652634403
195408,76.161985599
195409,73.4315938
195410,67.9565187475
195411,57.1698874637
195412,45.7297030183
195501,35.3807738273
195502,32.1428561677
195503,34.2748625844
195504,43.035244707
195505,55.8689051158
195506,64.2806091711
195507,68.7497362402
195508,76.788123069
195509,75.9670011358
195510,68.0745169832
195511,57.375139296
195512,41.7574060541
195601,33.249182396
195602,32.7970004864
195603,35.7367347901
195604,42.2340245897
195605,51.3832499053
195606,62.9658583418
195607,72.0530336772
195608,74.2310676641
195609,73.6685893149
195610,66.3366096453
195611,58.6468914947
195612,43.6582871037
195701,39.375438437
195702,30.0962541437
195703,39.7287644972
195704,43.4661273977
195705,53.696388651
195706,62.4581725984
195707,71.2976994253
195708,75.889254255
195709,73.2182375882
195710,66.6486834812
195711,54.3400540428
195712,44.9062741743
195801,39.9392306792
195802,33.3134595186
195803,32.2543133732
195804,40.7884899421
195805,53.3026090946
195806,63.783096191
195807,69.2911989362
195808,74.4222088983
195809,74.4708132579
195810,67.3229700128
195811,56.71987733
195812,46.4904067666
195901,32.9955455896
195902,31.6199771681
195903,34.8397480585
195904,43.2958762699
195905,53.949985903
195906,63.9558678266
195907,71.636147649
195908,75.1990844467
195909,75.2072817397
195910,67.5864715241
195911,56.2703110522
195912,42.253240572
196001,38.6740408236
196002,32.7605096405
196003,33.9176181916
196004,36.4227871257
196005,55.0068694826
196006,61.6726936222
196007,70.8573290256
196008,74.9334375539
196009,73.8577866819
196010,68.007448452
196011,56.8705479605
196012,46.0577895607
196101,32.2522704509
196102,30.5831428535
196103,38.260077398
196104,44.716377632
196105,50.3291576182
196106,60.505838789
196107,70.838768532
196108,74.6292758609
196109,73.8515635936
196110,67.0486810992
196111,56.4272432036
196112,44.5182150754
196201,33.9017658857
196202,29.7979598671
196203,35.7707344461
196204,40.4784064257
196205,53.3139724034
196206,64.6417303129
196207,70.1364792817
196208,73.2549429799
196209,73.5021502331
196210,65.4210036823
196211,57.6299576057
196212,44.7441698883
196301,33.6780230986
196302,27.2896170416
196303,32.9697832148
196304,45.589772864
196305,54.1076851268
196306,62.3836361457
196307,70.6824937651
196308,74.9525918268
196309,72.911786157
196310,66.5268338078
196311,60.8985258811
196312,46.6151700893
196401,29.320404092
196402,33.8716288435
196403,33.5249007827
196404,41.468595884
196405,53.1408680615
196406,64.1720324272
196407,70.4765599226
196408,75.4478983047
196409,71.7493796318
196410,65.7731227949
196411,54.7528072411
196412,45.8096707173
196501,34.9250196401
196502,32.2905463374
196503,33.7390490321
196504,38.1800393731
196505,52.6011428693
196506,63.7463718883
196507,68.8872735865
196508,73.6115917338
196509,72.4337727962
196510,64.7643229051
196511,55.8687281124
196512,46.3690670614
196601,37.8578469363
196602,28.7692287175
196603,33.3143313902
196604,43.7753021833
196605,51.0954311774
196606,60.989712344
196607,70.1091230695
196608,76.26181916
196609,72.376620243
196610,65.5352071847
196611,54.4497207483
196612,45.7291443819
196701,34.7995719278
196702,35.1858482321
196703,32.6141112401
196704,43.7515427572
196705,52.7815377456
196706,58.3326051958
196707,69.4189993049
196708,73.0875465985
196709,71.9241945015
196710,64.9114026858
196711,55.4537578077
196712,42.8412409768
196801,35.8633117572
196802,29.5683876096
196803,32.2530100742
196804,44.9094717351
196805,53.2889356135
196806,59.8737054509
196807,69.9984130888
196808,74.3553045149
196809,72.5813236931
196810,65.9759086947
196811,56.7796626863
196812,44.0301116172
196901,32.674565732
196902,31.0127549524
196903,34.1502914013
196904,38.3870347871
196905,54.3713273476
196906,62.9129739284
196907,69.2220666313
196908,74.9480729456
196909,74.1875488907
196910,66.5121949645
196911,53.8684417226
196912,43.7092897978
197001,34.6646700945
197002,27.2039497117
197003,35.4767771823
197004,40.3174084085
197005,52.2894785646
197006,63.1633277285
197007,70.4019381361
197008,75.0854102212
197009,74.5552145884
197010,67.0847813546
197011,55.6902307621
197012,44.444991689
197101,35.5836029663
197102,29.7033985245
197103,34.5891004586
197104,40.9615590513
197105,51.7678950469
197106,60.1412688113
197107,71.4775459834
197108,73.6387045331
197109,73.2510962126
197110,67.2230407118
197111,58.6725154819
197112,44.1258592479
197201,38.0925136549
197202,32.8361452132
197203,33.9114350774
197204,43.5713670014
197205,51.4439750709
197206,62.2191325796
197207,68.8411564825
197208,73.6350051094
197209,72.843094938
197210,66.396685733
197211,53.4724620073
197212,42.1637808469
197301,33.7382746029
197302,32.2576558616
197303,35.0731232285
197304,47.4874608452
197305,52.0858221254
197306,61.3848037233
197307,71.1158327984
197308,74.6411662526
197309,73.9293460438
197310,66.2480958647
197311,57.9807203991
197312,45.7811010223
197401,36.5192971078
197402,34.547672773
197403,35.7699102755
197404,45.3512390131
197405,54.2199383683
197406,62.2457448041
197407,70.5269258803
197408,75.7040984305
197409,72.5841450383
197410,64.727080155
197411,55.687065802
197412,45.0988407389
197501,36.3833467313
197502,34.7439258511
197503,34.8107213
197504,40.5091808656
197505,49.6922455976
197506,63.6629436948
197507,70.386258867
197508,75.8164244641
197509,73.5419867665
197510,64.8397922853
197511,58.1937319612
197512,47.2992712373
197601,36.7732024921
197602,32.0127637527
197603,40.8885447192
197604,45.3832821764
197605,55.0630550778
197606,61.4522748026
197607,70.4305099664
197608,74.8088005377
197609,72.9548352919
197610,66.5725598282
197611,53.0505682626
197612,41.3628304979
197701,32.905946243
197702,25.490023267
197703,37.1071737842
197704,46.665387137
197705,56.6053464041
197706,64.6689400686
197707,71.4795862695
197708,76.2680077669
197709,73.5687456131
197710,67.9687612595
197711,56.3004643139
197712,47.1710006976
197801,36.3771844497
197802,28.5744841481
197803,29.6685863396
197804,42.0126856672
197805,53.0717196706
197806,61.2427168703
197807,70.654133836
197808,74.2864283294
197809,73.3820767791
197810,67.5379041762
197811,56.3065560815
197812,45.3705964132
197901,34.5288689408
197902,27.3145930995
197903,29.1021229892
197904,44.3432519215
197905,52.3274271394
197906,61.9234060499
197907,69.6730869433
197908,74.5486616799
197909,72.7737502168
197910,68.078692402
197911,56.4259536211
197912,44.4810421
198001,37.9224030003
198002,32.6867584676
198003,33.134721619
198004,41.2257697362
198005,53.4771502735
198006,62.4908184871
198007,70.1657659069
198008,76.9084243244
198009,75.1136270998
198010,68.5237371521
198011,55.4493151312
198012,45.2239402414
198101,36.003882362
198102,32.5680155969
198103,38.6421664056
198104,44.7022995942
198105,56.9946369395
198106,61.1638603904
198107,72.152358712
198108,75.613370347
198109,73.7467142602
198110,66.8452457969
198111,54.4242745213
198112,46.8980061052
198201,35.9012152242
198202,28.2213249018
198203,34.3271663306
198204,43.6988851364
198205,51.4896080128
198206,63.2182549938
198207,67.9299490696
198208,75.1165177474
198209,73.1689304163
198210,65.858654502
198211,55.8720183416
198212,45.5678526513
198301,40.3845529668
198302,34.8861710966
198303,38.223468103
198304,44.5459486179
198305,50.2569503605
198306,60.1002281351
198307,70.1377401811
198308,76.8877861951
198309,76.6429043387
198310,67.7227361148
198311,57.0614554067
198312,46.3945327187
198401,30.4107678735
198402,30.5814248621
198403,39.2897274404
198404,40.3051317099
198405,51.9161371103
198406,62.0535337536
198407,71.6187464051
198408,74.9897875392
198409,75.1775181394
198410,65.4082203039
198411,57.5599168896
198412,45.0215457495
198501,38.7771798271
198502,28.7057497223
198503,33.4443881778
198504,46.241020593
198505,57.0504123116
198506,64.7499570081
198507,69.8222944075
198508,75.3802213673
198509,72.6716712268
198510,65.9681011894
198511,57.5838638588
198512,44.2356897635
198601,31.6483798719
198602,35.3567995853
198603,36.7009580813
198604,47.3886278964
198605,54.8556037112
198606,63.1215913686
198607,71.2015211661
198608,75.0717724877
198609,72.5088524955
198610,65.652203156
198611,56.4982141586
198612,44.4048578807
198701,37.2800091755
198702,33.5745398488
198703,38.580379535
198704,45.1075331223
198705,55.691124774
198706,65.5365830209
198707,72.8429612021
198708,75.8432111138
198709,73.9407251793
198710,68.0749539373
198711,55.2269912668
198712,47.0476629051
198801,39.1845809991
198802,31.3769330289
198803,35.7662698696
198804,45.4048071604
198805,54.5147299337
198806,64.253447346
198807,72.8900530739
198808,76.6049046903
198809,75.9478731154
198810,67.3495221658
198811,55.7341140337
198812,48.1447356168
198901,37.2590110748
198902,38.1809145274
198903,33.1824481071
198904,45.1141610595
198905,55.1938780253
198906,63.7049423142
198907,71.2508792556
198908,75.6987689647
198909,72.9754272847
198910,66.4311125564
198911,56.9591660021
198912,45.6665256368
199001,29.0139874106
199002,39.6436811327
199003,39.8518082793
199004,46.7510393775
199005,54.4177632931
199006,61.3692197192
199007,72.15497243
199008,75.2749990524
199009,74.6066805517
199010,68.9551377304
199011,57.9617145072
199012,48.8844359478
199101,36.8255306517
199102,32.8684281886
199103,41.1953161317
199104,46.2543498398
199105,55.6857634913
199106,65.6548183667
199107,72.1459987733
199108,75.9522958715
199109,74.9761229877
199110,66.8586673874
199111,57.0148731888
199112,43.4620120929
199201,38.6246306113
199202,35.9770835572
199203,40.4261885157
199204,45.3786852595
199205,53.6050598658
199206,62.4958500837
199207,69.1704563529
199208,72.5767359012
199209,70.6890142017
199210,65.7619447752
199211,55.3986772135
199212,43.4347828835
199301,35.0989978787
199302,33.2331969294
199303,32.0027740998
199304,41.89724686
199305,51.4868440076
199306,62.5380907613
199307,69.0665975332
199308,74.0780579811
199309,73.0989673023
199310,64.5937237745
199311,54.1294494518
199312,42.6974094661
199401,35.7951393438
199402,28.9615846978
199403,33.3265958333
199404,44.9565411429
199405,54.7012982729
199406,61.6827667137
199407,72.051500635
199408,74.499537961
199409,72.6642883849
199410,66.4359085127
199411,56.0311868807
199412,46.8395477157
199501,38.5007676119
199502,34.6718952697
199503,36.2684897755
199504,45.1826726424
199505,51.4527176267
199506,61.1131544884
199507,69.8637624171
199508,75.0722999075
199509,75.1416171333
199510,65.0740896659
199511,56.8479830087
199512,42.7873078907
199601,34.2160397433
199602,30.9361299543
199603,35.5121677446
199604,39.6335264138
199605,51.7099381374
199606,61.8436512032
199607,70.8778188045
199608,74.058590161
199609,73.3063090383
199610,65.2803859822
199611,55.5042857313
199612,41.5849584853
199701,36.9561373273
199702,31.6923394833
199703,38.4205417537
199704,45.4229627695
199705,50.5017610352
199706,60.5244974369
199707,70.2737002139
199708,74.6842632049
199709,72.6877093291
199710,67.3529313722
199711,55.5657270928
199712,42.9416377051
199801,36.3984303675
199802,36.9928516898
199803,40.3953127958
199804,43.3267427734
199805,53.4087276823
199806,64.9455957169
199807,69.9328636281
199808,75.7059790105
199809,74.6939412496
199810,69.7387915961
199811,56.8259816766
199812,46.7048576691
199901,38.4323955484
199902,35.4032217455
199903,39.8027224895
199904,43.6247092642
199905,53.8022339136
199906,62.5079923498
199907,70.4677084319
199908,76.2338982215
199909,73.8182871688
199910,66.333579465
199911,55.9320163028
199912,49.3607584865
200001,37.5416484959
200002,33.6964107526
200003,40.4227647264
200004,47.7405266116
200005,53.5420125754
200006,64.7504520514
200007,70.6588426604
200008,74.204237756
200009,74.3477904941
200010,66.3912149608
200011,56.6154248
200012,41.5445483202
200101,29.6407100301
200102,32.733512601
200103,36.0803835841
200104,41.8205337336
200105,54.9489838138
200106,63.9144527035
200107,70.9119696993
200108,74.5827329689
200109,75.0736938474
200110,66.1073924607
200111,55.8634120921
200112,49.7361710808
200201,39.4547100865
200202,37.3398262362
200203,38.3437640159
200204,42.4049584716
200205,55.3677947191
200206,60.9372245294
200207,71.8027677696
200208,76.703524447
200209,74.219603818
200210,68.4800935257
200211,54.0553866019
200212,43.9893455829
200301,36.8514683095
200302,31.7657899153
200303,33.4450844083
200304,44.4520568732
200305,53.3043757036
200306,61.9447910804
200307,69.2459413848
200308,75.8205644896
200309,75.4180821108
200310,66.2874422934
200311,56.9083600815
200312,46.1348484037
200401,37.0986622291
200402,30.1269788745
200403,35.1589265749
200404,47.4458179526
200405,54.2464570936
200406,64.3747706529
200407,69.4786443949
200408,73.8360957258
200409,71.3027802982
200410,67.4126726073
200411,56.8706689639
200412,46.5948552568
200501,36.7808334095
200502,34.1212772173
200503,38.2867366128
200504,42.712187619
200505,54.3519795297
200506,60.7021534514
200507,71.5607337302
200508,76.0043821514
200509,74.6407499498
200510,69.3370094036
200511,56.9034312237
200512,47.3273954212
200601,34.3172859114
200602,40.8135325411
200603,36.0097190802
200604,44.2254078217
200605,56.6653978085
200606,62.9385799011
200607,71.5003008991
200608,76.8789039804
200609,74.2939159936
200610,64.7274018499
200611,54.3243459906
200612,46.8268555597
200701,39.8897148414
200702,34.6052643864
200703,32.2926630047
200704,47.2360811732
200705,51.6710284025
200706,64.0615840766
200707,71.1132247955
200708,74.7118534145
200709,75.5293663788
200710,68.0095714885
200711,59.4129312539
200712,45.4008636256
200801,36.2746113642
200802,32.994494856
200803,35.8774793514
200804,43.2464990209
200805,52.8579208887
200806,60.8722758032
200807,71.3291131791
200808,75.0586887712
200809,72.7103678243
200810,66.6727857607
200811,55.1179346259
200812,45.9099985993
200901,36.6902820424
200902,32.5149069119
200903,38.7573432711
200904,44.5866098515
200905,53.285748514
200906,62.7718913871
200907,69.575179819
