194503,42.77419354838709
194504,52.589999999999996
194505,61.15161290322579
194506,67.64333333333333
194507,81.40000000000002
194508,76.95806451612904
194509,68.32666666666667
194510,59.62580645161289
194511,44.96333333333334
194512,36.49999999999999
194601,35.25161290322579
194602,39.010714285714286
194603,47.109523809523814
194604,63.59090909090908
194801,35.49569892473119
194802,35.41264367816092
194803,39.498924731182804
194804,48.61392405063291
194805,58.64588235294117
194806,64.47878787878787
194807,71.69838709677418
194808,68.99354838709677
194809,61.9388888888889
194810,51.68874999999999
194811,38.01420118343195
194812,28.38983957219252
194901,12.832258064516129
194902,27.918316831683168
194903,42.33225806451614
194904,56.38619047619048
194905,60.004147465437796
194906,70.21428571428574
194907,78.02027649769585
194908,74.4626728110599
194909,67.98355555555555
194910,50.383467741935476
194911,45.135000000000005
194912,31.196370967741935
195001,30.824999999999996
195002,39.471875
195003,42.479435483870965
195004,51.715416666666655
195005,58.61532258064517
195006,67.00708333333333
195007,77.60685483870968
195008,74.46451612903228
195009,64.4453781512605
195010,56.55282258064515
195011,44.82833333333334
195012,38.21290322580645
195101,33.163306451612904
195102,37.631877729257646
195103,42.05869565217391
195104,54.06421404682275
195105,60.6583870967742
195106,69.654
195107,77.92967741935483
195108,73.78258064516129
195109,68.06576271186441
195110,51.05049180327868
195111,40.85906040268455
195112,30.510389610389602
195201,30.017266187050364
195202,35.88160919540229
195203,37.21720430107526
195204,53.46148148148148
195205,62.581003584229386
195206,66.41444444444444
195207,77.07598566308243
195208,75.88193548387098
195209,67.151
195210,57.82032258064515
195211,35.66766666666667
195212,34.51709677419355
195301,39.801242236024855
195302,36.53084415584416
195303,42.96803519061584
195304,49.14666666666667
195305,51.49677419354839
195306,64.15442622950819
195307,77.73612903225805
195308,71.72612903225804
195309,67.71733333333333
195310,51.512580645161286
195311,43.33266666666667
195312,30.743225806451612
195401,33.27354838709678
195402,39.69464285714287
195403,38.7398773006135
195404,54.75909090909091
195405,62.90514469453376
195406,65.22666666666667
195407,77.02967741935484
195408,70.6
195409,63.00833333333333
195410,51.87709677419354
195411,42.428
195412,29.508387096774193
195501,23.2692
195502,29.33214285714286
195503,39.78991935483871
195504,45.71083333333334
195505,56.263709677419364
195506,67.485
195507,73.09717741935484
195508,75.52258064516128
195509,64.86333333333333
195510,54.2725806451613
195511,37.99
195512,34.99274193548387
195601,35.4258064516129
195602,28.75775862068965
195603,42.31572580645161
195604,49.3525
195605,58.274193548387096
195606,67.93666666666665
195607,74.30645161290323
195608,70.75040322580645
195609,65.51541666666668
195610,50.01733870967742
195611,34.78666666666666
195612,30.179435483870968
195701,25.31008064516129
195702,39.5325892857143
195703,43.16572580645161
195704,48.663333333333334
195705,55.45967741935483
195706,69.64166666666667
195707,74.75806451612904
195708,72.03427419354838
195709,64.66875000000002
195710,49.042741935483875
195711,35.569583333333334
195712,33.99314516129033
195801,32.59959677419354
195802,41.105357142857144
195803,37.637903225806454
195804,47.315000000000005
195805,63.43346774193548
195806,67.30916666666668
195807,74.42620967741938
195808,76.62177419354838
195809,64.93875
195810,54.587500000000006
195811,39.73458333333331
195812,36.425
195901,35.155645161290316
195902,33.85089285714285
195903,43.03709677419355
195904,53.04833333333334
195905,55.017741935483876
195906,71.625
195907,78.5983870967742
195908,72.72338709677418
195909,61.638333333333335
195910,53.34072580645162
195911,38.594583333333325
195912,29.384677419354837
196001,27.33508064516129
196002,33.07241379310345
196003,45.37782258064515
196004,50.22125000000001
196005,57.39233870967743
196006,72.71416666666667
196007,77.65604838709679
196008,72.75322580645161
196009,66.78291666666668
196010,51.39637096774193
196011,40.178333333333335
196012,30.773790322580652
196101,30.76209677419355
196102,38.15758928571428
196103,41.688709677419354
196104,49.873170731707326
196105,58.22150537634409
196106,73.80333333333334
196107,78.18817204301075
196108,74.45089605734766
196109,61.177407407407415
196110,51.598924731182805
196111,37.15148148148148
196112,31.544244604316543
196201,26.148387096774194
196202,33.84484126984126
196203,37.53906810035841
196204,54.57814814814815
196205,55.76594982078852
196206,67.80259259259259
196207,73.79626865671642
196208,73.06200716845879
196209,65.75888888888889
196210,54.3
196211,41.988888888888894
196212,32.69963898916967
196301,26.284172661870507
196302,43.346031746031755
196303,40.01003584229391
196304,43.79222222222223
196305,60.81971326164875
196306,62.13259259259257
196307,73.78530465949821
196308,72.87921146953404
196309,67.14344827586207
196310,57.05049833887042
196311,41.18166089965398
196312,31.943493150684933
196401,29.37458193979933
196402,31.818214285714287
196403,38.49096989966556
196404,47.8484429065744
196405,56.701016949152525
196406,65.65239726027397
196407,76.98709677419356
196408,73.33512544802868
196409,62.148148148148145
196410,56.58387096774193
196411,37.04216867469879
196412,36.1625
196501,35.121428571428574
196502,36.96125461254613
196503,41.03576158940398
196504,50.53206896551724
196505,56.2284280936455
196506,65.50517241379309
196507,75.00100334448165
196508,72.31926910299003
196509,60.12027491408935
196510,55.62516778523489
196511,43.445328719723186
196512,31.1418918918919
196601,30.602675585284278
196602,32.92819548872181
196603,45.04300341296929
196604,52.9
196605,65.2561797752809
196606,70.43129770992367
196607,76.77164179104479
196608,76.46753731343283
196609,66.35968992248061
196610,52.63258426966291
196611,43.76770428015564
196612,32.51962264150943
196701,33.73986486486486
196702,37.68961538461539
196703,44.31192052980134
196704,42.63482758620689
196705,59.223333333333336
196706,65.51301369863012
196707,78.09832214765099
196708,77.81229235880396
196709,67.1576388888889
196710,54.33156146179402
196711,44.70522648083624
196712,28.433783783783777
196801,31.11638795986622
196802,42.88817204301076
196803,44.89765100671142
196804,48.27067137809187
196805,59.19295774647887
196806,70.56794425087108
196807,78.27736486486488
196808,68.8716845878136
196809,64.1162962962963
196810,52.918279569892476
196811,41.64629629629629
196812,30.329749103942653
196901,35.490681003584235
196902,33.554365079365084
196903,38.639208633093524
196904,51.01111111111112
196905,63.673476702508964
196906,66.10518518518518
196907,76.48243727598569
196908,76.27992831541218
196909,67.62555555555555
196910,47.18996415770609
196911,38.93074074074074
196912,33.661290322580655
197001,34.31720430107527
197002,40.56230158730158
197003,41.128315412186375
197004,43.97888888888888
197005,60.25161290322582
197006,68.13222222222224
197007,76.9731182795699
197008,76.10860215053765
197009,60.96592592592591
197010,49.54731182795697
197011,42.8962962962963
197012,30.67849462365591
197101,33.342293906810035
197102,38.06507936507937
197103,42.31541218637993
197104,49.26074074074076
197105,55.50573476702508
197106,67.72962962962963
197107,77.71469534050179
197108,77.25698924731184
197109,62.06962962962962
197110,48.13297491039425
197111,38.16666666666666
197112,26.854480286738358
197201,28.161290322580637
197202,38.585823754789274
197203,48.79211469534049
197204,49.70185185185185
197205,61.236200716845886
197206,70.51481481481481
197207,78.49318996415771
197208,74.31362007168458
197209,61.69111111111112
197210,50.4910394265233
197211,37.85407407407409
197212,26.429390681003582
197301,23.531250000000004
197302,33.76981132075472
197303,36.720338983050844
197304,46.14356435643565
197305,59.280833333333334
197306,67.33253968253969
197307,74.27737226277372
197308,71.51760563380282
197309,59.40357142857143
197310,48.8952380952381
197311,37.70434782608695
197312,32.53709677419355
197401,27.833870967741937
197402,32.549107142857146
197403,42.93790322580645
197404,45.145833333333336
197405,58.318548387096776
197406,70.12333333333332
197407,73.36451612903227
197408,69.3241935483871
197409,63.31166666666666
197410,49.304032258064524
197411,37.874166666666675
197412,29.038709677419355
197501,23.95645161290323
197502,31.75267857142858
197503,36.96209677419354
197504,39.18083333333333
197505,53.478861788617884
197506,63.80166666666666
197507,75.04919354838708
197508,67.77822580645162
197509,62.55833333333333
197510,47.40080645161291
197511,34.325
197512,30.9274193548387
197601,28.095161290322583
197602,34.1146551724138
197603,36.17448979591836
197604,45.388888888888886
197605,60.830107526881726
197606,65.00444444444445
197607,73.94946236559139
197608,65.83655913978494
197609,62.81111111111111
197610,49.32043010752688
197611,39.242222222222225
197612,26.759139784946232
197703,34.4
197704,49.3
197705,53.1
197707,76.58571428571429
197708,74.60000000000001
197709,60.599999999999994
197710,47.926086956521736
197711,39.02800000000001
197712,33.825
197801,24.140000000000004
197802,30.080952380952382
197803,27.6875
197804,31.507692307692313
197805,38.82631578947369
197806,56.2235294117647
197807,64.81470588235294
197808,54.18846153846154
197809,61.22
197810,53.990624999999994
197811,39.31803278688525
197812,26.86875
197901,25.559999999999995
197902,34.65384615384614
197903,41.526190476190486
197904,48.730000000000004
197905,57.83636363636363
197906,68.78813559322033
197907,73.40697674418605
197908,72.17179487179487
197909,68.59999999999998
197910,55.65789473684212
197911,35.25111111111111
197912,35.06615384615385
198001,33.294642857142854
198002,38.50540540540541
198003,40.49259259259259
198004,50.66119402985075
198005,55.575
198006,69.57272727272726
198007,78.61413043478261
198008,78.14166666666668
198009,71.27560975609757
198010,56.67307692307692
198011,45.73854166666666
198012,38.02682926829267
198101,38.42020202020203
198102,39.741772151898736
198103,44.51958762886598
198104,56.837634408602156
198105,59.920454545454554
198106,74.53333333333333
198107,80.3439024390244
198108,77.48666666666666
198109,71.15294117647059
198110,53.416000000000025
198111,45.76590909090909
198112,38.35270270270269
198201,36.825
198202,42.12352941176471
198203,46.24626865671642
198204,52.362857142857145
198205,60.54050632911393
198206,68.16829268292683
198207,77.68030303030302
198208,74.88048780487804
198209,64.56403508771929
198210,49.82916666666666
198211,38.61600000000001
198212,33.16041666666667
198301,36.017647058823535
198302,40.38971962616822
198303,45.216346153846146
198304,45.88250000000002
198305,58.642857142857146
198306,68.38583333333334
198307,75.09816513761467
198308,72.5957894736842
198309,66.03272727272729
198310,52.59955752212388
198311,40.44999999999998
198312,33.714893617021275
198401,30.717999999999993
198402,34.91834862385322
198403,41.506584362139904
198404,45.92131147540984
198405,61.96422764227643
198406,66.79205607476635
198407,73.97903930131002
198408,71.82268907563024
198409,64.60467289719624
198410,46.74063745019921
198411,39.397272727272735
198412,28.074766355140184
198501,28.48455284552846
198502,31.70277777777778
198503,39.233181818181826
198504,54.7062801932367
198505,60.98737373737373
198506,72.67499999999998
198507,77.58857142857138
198508,73.62442396313365
198509,59.59488372093022
198510,51.14975609756096
198511,35.12929292929292
198512,31.583060109289626
198601,38.036619718309865
198602,40.4090909090909
198603,47.10187793427231
198604,49.89684684684683
198605,59.592165898617495
198606,72.2814285714286
198607,72.9871921182266
198608,75.53267326732673
198609,59.394623655913996
198610,52.526984126984125
198611,44.14918032786884
198612,34.48490566037735
198701,30.935555555555556
198702,38.441085271317824
198703,41.937908496732014
198704,55.658024691358015
198705,61.116923076923065
198706,72.49612903225803
198707,71.1798319327731
198708,72.66070038910506
198709,65.7395652173913
198710,54.91068702290075
198711,39.13680297397769
198712,27.54249084249084
198801,26.05508771929825
198802,33.103846153846156
198803,40.17455830388691
198804,49.478461538461545
198805,55.925182481751804
198806,68.35205992509364
198807,77.81971830985911
198808,73.10491803278691
198809,60.77583333333332
198810,56.619762845849806
198811,37.88888888888888
198812,25.463800904977372
198901,23.085714285714282
198902,27.898139534883722
198903,43.33666666666667
198904,54.08305785123963
198905,56.49402985074626
198906,66.06923076923076
198907,76.17882352941176
198908,69.26652719665273
198909,61.277689243027865
198910,48.762890625000004
198911,38.470781893004116
198912,29.708064516129042
199001,29.068939393939402
199002,28.77672413793103
199003,42.39920948616601
199004,50.97476635514019
199005,53.56292682926831
199006,66.4471794871795
199007,73.51556603773585
199008,70.25117370892019
199009,66.17008928571428
199010,51.75648535564854
199011,42.463601532567026
199012,22.297674418604647
199101,29.574333333333332
199102,41.045660377358494
199103,40.72777777777778
199104,44.83615384615389
199105,50.1319230769231
199106,63.840851063829795
199107,75.60756756756759
199108,72.03405172413794
199109,62.369527896995734
199110,51.16255506607933
199111,37.574000000000005
199112,28.86863636363637
199201,26.528991596638647
199202,36.487224669603506
199203,40.933749999999996
199204,52.87098214285715
199205,60.81973684210525
199206,65.48653846153849
199207,70.38994974874372
199208,70.67005347593583
199209,60.24175257731957
199210,50.8428571428571
199211,31.863428571428575
199212,23.660309278350518
199301,23.981220657276985
199302,26.13262032085561
199303,38.8551724137931
199304,44.37263681592039
199305,57.040669856459296
199306,58.896226415094326
199307,67.62891566265063
199308,68.46752577319587
199309,61.127999999999986
199310,49.587619047619064
199311,34.36891191709845
199312,28.735111111111117
199401,31.782488479262664
199402,30.087628865979383
199403,42.91272727272728
199404,47.0933014354067
199405,56.449537037037004
199406,70.81236559139782
199407,76.92592592592591
199408,74.9727722772277
199409,63.412745098039245
199410,46.985981308411205
199411,30.459895833333334
199412,29.024644549763035
199501,30.579255319148924
199502,39.63989361702127
199503,38.75614973262032
199504,43.70972972972973
199505,51.63100000000002
199506,58.35056179775281
199507,70.98404907975457
199508,74.4634328358209
199509,62.96434108527132
199510,51.160000000000004
199511,43.68068965517241
199512,31.123076923076905
199601,31.018407960198992
199602,34.405202312138734
199603,40.03401015228427
199604,48.5231182795699
199605,56.09646464646464
199606,68.52764705882353
199607,72.60000000000001
199608,70.06274509803923
199609,54.068831168831174
199610,43.774193548387075
199611,37.293814432989684
199612,28.059375000000006
199701,28.02277227722772
199702,28.360674157303375
199703,39.63235294117647
199704,41.75842696629215
199705,57.55773195876288
199706,66.1087912087912
199707,71.4090909090909
199708,76.09736842105264
199709,64.10333333333334
199710,47.45416666666667
199711,41.02839506172839
199712,28.581578947368424
199801,34.07049180327869
199802,32.941538461538464
199803,40.12816901408451
199804,45.331468531468545
199805,51.61006711409397
199806,62.926086956521736
199807,77.97519379844961
199808,76.64262295081966
199809,67.10198019801982
199810,52.383505154639174
199811,40.04285714285714
199812,31.885714285714297
199901,35.87373737373739
199902,36.75692307692307
199903,44.16898395721926
199904,48.58810572687225
199905,61.25140186915888
199906,74.02783018867925
199907,79.9726457399103
199908,77.95887850467288
199909,67.40344827586209
199910,58.50787037037038
199911,46.27805907172996
199912,35.75069767441861
200001,40.34604105571847
200002,44.546728971962615
200003,47.894565217391296
200004,61.795597484276705
200005,69.64835820895523
200006,80.98979591836732
200007,85.68384615384619
200008,83.82879581151832
200009,71.35549999999998
200010,57.270634920634926
200011,39.683776595744675
200012,39.517663817663816
200101,34.77984886649874
200102,39.45226666666666
200103,51.53221957040573
200104,54.597105263157886
200105,71.17969432314412
200106,77.45947867298575
200107,81.64811320754718
200108,82.12737306843272
200109,73.59659090909089
200110,60.490022675736974
200111,48.2367396593674
200112,36.55154639175258
200201,36.71864801864803
200202,41.90248138957816
200203,47.19566210045662
200204,58.5425925925926
200205,65.45295508274235
200206,78.05095367847413
200207,87.17261613691929
200208,80.21141649048627
200209,71.12534246575342
200210,56.35057471264369
200211,47.007908163265306
200212,41.10875706214689
200301,44.254746835443036
200302,40.8641196013289
200303,50.774655647382914
200304,54.796460176991154
200305,68.7854794520548
200306,79.31604278074866
200307,87.29587912087909
200308,82.64141689373295
200309,73.52886904761904
200310,64.17214854111407
200311,42.35454545454546
200312,38.48563685636857
200401,34.4864406779661
200402,39.4135761589404
200403,58.06053511705685
200404,57.57986798679867
200405,66.31926910299003
200406,77.18161290322581
200407,85.05555555555557
200408,81.99148936170211
200409,72.10807600950118
200410,58.95766423357662
200411,43.83078651685393
200412,39.167073170731705
200501,38.855164319248836
200502,41.17356608478803
200503,51.51127819548871
200504,58.22083333333333
200505,70.29418282548475
200506,76.61704260651628
200507,87.47953586497891
200508,82.12541176470589
200509,70.70347071583515
200510,58.73346938775509
200511,48.4422077922078
200512,37.81025641025641
200601,40.01584821428572
200602,41.27972027972029
200603,44.111576846307386
200604,56.14091858037578
200605,69.93275488069415
200606,79.98008298755188
200607,86.1369294605809
200608,81.23690476190477
200609,70.9532584269663
200610,57.732196162046904
200611,47.72038626609443
200612,35.490214797136034
200701,34.598130841121495
200702,46.02627551020408
200703,54.478181818181824
200704,59.039493670886074
200705,68.7289603960396
200706,79.8223076923077
200707,87.94593175853021
200708,84.31164021164022
200709,73.35264550264552
200710,60.47949367088608
200711,51.440000000000005
200712,36.675136612021866
200801,36.59921875
200802,43.619687500000005
200803,53.71555555555556
200804,60.88625954198474
200805,68.46988847583644
200806,81.81169811320756
200807,88.46777777777778
200808,86.99924242424242
200809,77.45283687943264
200810,64.15301587301587
200811,54.90968992248061
200812,44.68780487804877
200901,49.008750000000006
200902,50.57499999999998
200903,57.93536585365853
200904,65.48
200905,82.91168831168835
200906,84.14642857142857
200907,93.0625
