194212,43.142857142857146
194301,44.56451612903224
194302,46.87142857142858
194303,51.39032258064517
194304,60.283333333333324
194305,72.2032258064516
194306,80.93333333333332
194307,78.74838709677421
194308,75.90645161290321
194309,66.16333333333333
194310,56.379032258064534
194311,45.623333333333335
194312,39.98225806451611
194401,39.8258064516129
194402,46.649230769230755
194403,50.11075268817204
194404,58.42888888888889
194405,70.06451612903223
194406,76.50333333333333
194407,75.00000000000001
194408,74.29784946236558
194409,71.61666666666666
194410,59.13763440860216
194411,48.85444444444444
194412,37.42976190476192
194501,40.72560975609757
194502,45.40357142857143
194503,59.46515151515152
194504,62.88431372549017
194505,66.02626728110597
194506,75.30959595959595
194507,77.32048780487806
194508,75.55742574257425
194509,75.03179190751446
194510,61.08571428571431
194511,53.895530726257
194512,39.247311827956985
194601,44.57074829931973
194602,47.43707865168537
194603,58.09032258064516
194604,59.46833333333334
194605,71.01935483870969
194606,76.14500000000001
194607,77.866
194608,76.67096774193548
194609,73.24666666666666
194610,64.76129032258065
194611,59.93999999999998
194612,50.73225806451614
194701,51.59677419354839
194702,40.410714285714285
194703,45.709677419354826
194704,62.26333333333332
194705,69.37741935483871
194706,74.75666666666669
194707,76.35806451612902
194708,78.12903225806451
194709,74.36666666666665
194710,68.38064516129033
194711,53.82000000000001
194712,45.89677419354841
194801,36.705990783410144
194802,44.08128078817734
194803,54.023502304147456
194804,61.776190476190465
194805,67.98156682027651
194806,74.80857142857141
194807,78.28064516129032
194808,75.58248847926266
194809,70.30315789473686
194810,57.91182795698926
194811,57.22166666666666
194812,47.5005376344086
194901,50.588709677419345
194902,50.914642857142866
194903,51.35354838709678
194904,58.78333333333333
194905,67.90741935483872
194906,75.26166666666668
194907,79.38592375366568
194908,76.83958944281525
194909,69.83151515151516
194910,65.72785923753666
194911,50.806363636363635
194912,46.60263929618768
195001,53.75806451612901
195002,48.34220779220779
195003,49.36627565982404
195004,57.695666666666696
195005,68.47419354838709
195006,75.17599999999999
195007,75.73903225806451
195008,75.17290322580645
195009,70.206
195010,64.09969040247677
195011,48.7408637873754
195012,38.997741935483866
195101,43.50752688172044
195102,44.490873015873014
195103,50.458781362007166
195104,58.64148148148149
195105,66.71648745519714
195106,74.92111111111112
195107,78.07507987220447
195108,77.93920972644376
195109,71.7839416058394
195110,63.98924731182796
195111,47.59518518518519
195112,45.84874551971326
195201,48.02032258064516
195202,46.37793103448276
195203,50.56290322580646
195204,60.38566666666667
195205,69.37162162162163
195206,79.61194444444442
195207,79.48252688172045
195208,76.80994623655917
195209,71.26166666666667
195210,57.76559139784946
195211,51.92888888888889
195212,42.974999999999994
195301,48.18138957816375
195302,47.99615384615383
195303,53.040446650124046
195304,60.70333333333332
195305,73.39553349875932
195306,75.2246153846154
195307,78.82359249329761
195308,76.73844086021506
195309,71.5586111111111
195310,63.41075268817203
195311,51.31972222222222
195312,45.91854838709678
195401,43.81209677419354
195402,48.5095238095238
195403,50.83817204301075
195404,63.34861111111111
195405,64.86747311827956
195406,76.43055555555557
195407,78.83145161290328
195408,78.83951612903226
195409,74.7555844155844
195410,64.07412060301506
195411,50.127764127764145
195412,42.05703883495146
195501,41.352012383900934
195502,45.45501730103804
195503,55.66770186335404
195504,63.43552631578947
195505,70.44853420195439
195506,73.02387096774193
195507,80.21622516556292
195508,79.15422077922075
195509,73.68770226537218
195510,63.509404388714735
195511,51.883333333333326
195512,40.70250783699059
195601,39.67323076923076
195602,49.51452145214521
195603,50.88975155279502
195604,58.867857142857176
195605,68.10255591054313
195606,75.328
195607,78.4891089108911
195608,77.57770491803278
195609,71.25536332179931
195610,64.6634069400631
195611,51.98402555910543
195612,53.765384615384626
195701,43.592592592592595
195702,49.07133105802047
195703,50.7628482972136
195704,63.95
195705,69.9671875
195706,76.91020408163266
195707,78.90778688524591
195708,76.57883817427386
195709,74.30742358078604
195710,59.16929460580913
195711,54.86190476190475
195712,47.121338912133886
195801,38.67521008403361
195802,37.906046511627906
195803,46.72426778242678
195804,59.563675213675225
195805,68.81991869918699
195806,74.2619658119658
195807,79.8426778242678
195808,78.32107438016529
195809,72.16406926406927
195810,61.080616740088104
195811,55.89458128078819
195812,40.79763033175355
195901,41.84190476190476
195902,46.79371727748692
195903,50.66478873239438
195904,61.44466019417476
195905,70.95943396226416
195906,75.9252427184466
195907,77.28202764976959
195908,78.66103286384975
195909,72.64514563106796
195910,64.7037558685446
195911,52.422660098522165
195912,45.44691943127962
196001,43.61042654028436
196002,43.41515151515151
196003,39.88732394366198
196004,62.61310679611651
196005,67.59573459715641
196006,74.95728155339805
196007,77.3163366336634
196008,78.18743455497382
196009,72.5580487804878
196010,63.08490566037736
196011,53.46225490196078
196012,38.825118483412325
196101,39.019905213270135
196102,46.90937499999999
196103,54.42757009345796
196104,55.82713567839197
196105,64.91132075471698
196106,72.59320388349515
196107,77.44123222748816
196108,76.4032710280374
196109,73.90975609756099
196110,60.85943396226416
196111,54.99313725490196
196112,44.799526066350715
196201,41.533962264150944
196202,46.883769633507846
196203,47.45868544600938
196204,58.42975609756097
196205,71.28584905660378
196206,73.44368932038834
196207,77.07962085308054
196208,76.37558685446008
196209,69.71658536585365
196210,63.012676056338016
196211,50.13333333333332
196212,40.123333333333335
196301,38.85566037735849
196302,38.60994764397906
196303,54.56886792452832
196304,61.03058252427184
196305,65.51650943396227
196306,73.25365853658535
196307,75.13396226415095
196308,75.92816901408452
196309,67.93186274509803
196310,61.84929577464788
196311,52.40909090909089
196312,36.3815668202765
196401,42.53824884792627
196402,40.843349753694575
196403,50.79400921658986
196404,59.70142857142858
196405,68.39723502304147
196406,75.23285714285713
196407,76.0921658986175
196408,74.74930875576037
196409,71.1704761904762
196410,57.89539170506913
196411,55.71619047619048
196412,47.55253456221198
196501,43.1294930875576
196502,43.75663265306123
196503,48.047849462365576
196504,59.13388888888888
196505,70.81290322580645
196506,71.69444444444444
196507,76.10698924731183
196508,76.36827956989245
196509,72.49444444444444
196510,60.69892473118279
196511,53.681111111111115
196512,45.70215053763441
196601,38.26958525345622
196602,42.55153061224489
196603,49.64884792626728
196604,57.735238095238095
196605,65.55022624434389
196606,71.48
196607,77.41697247706425
196608,75.99082568807337
196609,71.2247663551402
196610,61.09513274336283
196611,51.89857142857143
196612,43.326728110599085
196701,45.547926267281106
196702,41.979081632653056
196703,53.007692307692324
196704,61.75022026431718
196705,64.86075949367088
196706,71.96391304347824
196707,76.2872340425532
196708,75.69075630252101
196709,67.80829694323144
196710,61.04261603375528
196711,48.97860262008733
196712,48.24163090128756
196801,38.63090128755364
196802,37.81552511415525
196803,52.3381974248927
196804,60.07753303964758
196805,65.60400000000001
196806,74.41792452830188
196807,77.24658119658119
196808,78.78396624472573
196809,70.63160173160172
196810,62.91749999999999
196811,52.60043478260869
196812,41.58448275862068
196901,39.94058577405857
196902,41.88604651162791
196903,46.21087866108787
196904,60.67086956521741
196905,67.65316455696201
196906,75.99525862068967
196907,78.99915611814346
196908,75.45508474576269
196909,70.0695652173913
196910,62.663291139240506
196911,49.925991189427315
196912,41.82212765957447
197001,36.062869198312235
197002,42.8377358490566
197003,49.70084388185652
197004,61.053017241379315
197005,68.3927966101695
197006,74.65929203539822
197007,78.02092050209205
197008,76.89789915966388
197009,73.96304347826087
197010,64.23991596638656
197011,51.9280701754386
197012,46.917521367521374
197101,40.76318181818183
197102,44.12295918367348
197103,47.59815668202766
197104,57.87761904761904
197105,65.07972350230415
197106,74.8004761904762
197107,76.02119815668203
197108,75.4027649769585
197109,72.67904761904762
197110,66.70460829493086
197111,52.087081339712924
197112,53.18525345622118
197201,48.098156682027664
197202,42.23940886699508
197203,50.13548387096774
197204,57.860476190476184
197205,65.01797235023041
197206,70.91761904761906
197207,76.43023255813952
197208,76.27880184331798
197209,72.04619047619046
197210,60.3336405529954
197211,51.55666666666667
197212,48.91244239631337
197301,42.836526946107796
197302,42.88389261744965
197303,56.93293413173653
197304,60.85421686746985
197305,69.31863354037264
197306,77.24197530864194
197307,79.47142857142856
197308,79.2140350877193
197309,76.05769230769235
197310,66.42619047619047
197311,57.76832298136644
197312,47.199999999999996
197401,52.77705882352942
197402,46.2973509933775
197403,55.60060240963856
197404,62.91987951807229
197405,69.14853801169589
197406,73.4552795031056
197407,78.51235294117647
197408,75.96094674556213
197409,70.42531645569622
197410,59.831205673758895
197411,52.24969696969696
197412,45.650000000000006
197501,46.655952380952385
197502,47.667973856209144
197503,50.641860465116274
197504,59.76309523809523
197505,70.72830188679247
197506,77.11151515151514
197507,77.79638554216868
197508,80.55705882352943
197509,74.85612648221343
197510,67.92970027247955
197511,59.858310626702995
197512,48.932180851063826
197601,44.638753387533896
197602,54.211299435028224
197603,58.51338797814206
197604,63.5313559322034
197605,68.37841530054646
197606,74.60684931506849
197607,79.21624649859942
197608,76.99728915662652
197609,73.19489489489492
197610,61.47829912023458
197611,49.92249240121583
197612,45.78446327683613
197701,35.01040462427746
197702,45.25128205128205
197703,57.07056737588651
197704,65.21653543307085
197705,71.46097560975609
197706,76.39078498293514
197707,82.23460207612455
197708,80.44965986394556
197709,77.77212543554005
197710,62.78888888888889
197711,58.99325396825397
197712,47.693536121673006
197801,41.37831325301206
197802,38.354077253218875
197803,49.65721649484536
197804,61.72575757575758
197805,68.03699999999999
197806,76.73114754098363
197807,79.01790123456789
197808,80.1183486238532
197809,74.415873015873
197810,62.372727272727275
197811,57.139805825242725
197812,47.78772727272728
197901,41.252985074626864
197902,39.85353535353534
197903,53.26695652173914
197904,63.26146788990825
197905,68.34695121951218
197906,72.69349593495934
197907,78.44035087719298
197908,80.0047297297297
197909,74.05984251968506
197910,63.740972222222226
197911,57.603787878787884
197912,46.67027027027027
198001,44.39877300613495
198002,38.97514450867052
198003,50.42857142857144
198004,65.03448275862068
198005,71.03983050847457
198006,77.04188034188036
198007,82.45337837837837
198008,80.13333333333334
198009,77.04437086092716
198010,62.490497737556574
198011,53.411392405063275
198012,44.8849710982659
198101,37.488990825688084
198102,46.777894736842114
198103,49.50000000000002
198104,65.97885462555062
198105,68.14188034188031
198106,81.1424107142857
198107,81.40995670995672
198108,78.15222672064773
198109,73.20973451327434
198110,62.6194805194805
198111,54.21954545454546
198112,44.53070175438598
198201,39.86929824561403
198202,48.53476190476189
198203,55.26666666666666
198204,62.02409638554216
198205,74.67853107344632
198206,77.57974683544305
198207,82.28734939759039
198208,80.09611650485436
198209,74.04057971014491
198210,64.46308411214945
198211,57.85679611650486
198212,52.409170305676874
198301,42.93856502242153
198302,45.25924170616114
198303,54.61908713692948
198304,60.008
198305,69.94206896551725
198306,76.43710247349823
198307,82.16304347826087
198308,82.42137931034483
198309,73.9820512820513
198310,64.84153354632586
198311,55.3140243902439
198312,45.90311004784688
198401,41.3694214876033
198402,49.60766423357664
198403,51.58796791443849
198404,59.879421221864966
198405,70.28607954545453
198406,79.04493150684935
198407,79.08575197889185
198408,80.44845360824745
198409,71.39355742296921
198410,69.24018987341772
198411,52.254777070063696
198412,53.61916010498687
198501,39.327777777777754
198502,45.33626373626372
198503,56.71143552311434
198504,66.80129533678756
198505,71.47766393442625
198506,78.40962800875276
198507,80.18490566037735
198508,78.78391752577318
198509,74.74796573875808
198510,70.1288617886179
198511,65.14022346368715
198512,46.03296398891967
198601,43.48933333333333
198602,48.57052341597798
198603,55.23602771362586
198604,64.07489177489175
198605,70.4670168067227
198606,78.84872389791181
198607,83.01466666666667
198608,77.76342105263156
198609,75.490027700831
198610,67.1350785340314
198611,59.25587392550142
198612,49.711080332409985
198701,44.75013477088949
198702,44.72658610271904
198703,51.837433155080205
198704,59.63746478873236
198705,71.00213903743317
198706,78.19560439560443
198707,82.5652631578947
198708,81.07347480106102
198709,76.3362804878049
198710,60.39088471849864
198711,58.56639118457298
198712,49.57696476964768
198801,40.52637362637361
198802,46.86289855072464
198803,54.741927083333316
198804,60.867473118279584
198805,68.62732394366198
198806,76.13678160919544
198807,80.78783068783073
198808,81.64545454545454
198809,73.92845303867404
198810,60.19093333333334
198811,58.41911764705887
198812,46.50386740331492
198901,50.51571815718158
198902,49.83963963963967
198903,55.146475195822454
198904,61.90666666666664
198905,69.2975543478261
198906,79.50641711229945
198907,80.95241730279898
198908,78.84872521246456
198909,75.44404761904761
198910,65.92133333333331
198911,57.792953929539294
198912,40.21828254847646
199001,52.798365122615806
199002,54.98508557457213
199003,58.231612903225795
199004,63.900943396226424
199005,71.46099290780141
199006,78.34860465116279
199007,82.11745283018868
199008,80.04300791556726
199009,75.19115281501341
199010,69.10313315926895
199011,58.84941176470589
199012,54.931412103746396
199101,48.39914772727273
199102,51.66025641025641
199103,57.45272206303723
199104,65.8971590909091
199105,74.69216216216213
199106,78.15903954802259
199107,81.93555555555554
199108,78.6299727520436
199109,75.28658536585365
199110,65.0610119047619
199111,55.70396039603959
199112,52.51446540880503
199201,48.19071207430343
199202,50.83108974358975
199203,54.85970873786407
199204,62.13591549295774
199205,65.27350230414747
199206,74.6324561403509
199207,81.97263157894737
199208,76.78221757322179
199209,73.81103752759383
199210,61.6533195020747
199211,56.603036876355766
199212,47.59546391752575
199301,48.46297071129707
199302,44.36950354609929
199303,51.20586907449208
199304,58.799786324786346
199305,69.85975103734435
199306,77.45436681222705
199307,82.54030501089325
199308,78.68749999999997
199309,75.37139737991266
199310,63.771092077087786
199311,55.88060344827583
199312,44.99415448851776
199401,42.301257861635214
199402,48.55717647058822
199403,56.336419753086425
199404,65.9172995780591
199405,67.29581589958161
199406,77.84093816631135
199407,80.07806324110669
199408,77.05128205128203
199409,71.78512396694215
199410,62.07238493723855
199411,58.65326086956521
199412,51.146300211416516
199501,45.22887029288707
199502,43.85710955710955
199503,54.88987603305785
199504,63.39569892473119
199505,70.1348547717842
199506,74.94270386266095
199507,80.64491525423729
199508,79.62482915717541
199509,72.17634408602146
199510,66.68112033195023
199511,50.51152993348112
199512,42.59468085106382
199601,42.89311827956986
199602,45.826585365853674
199603,48.35569892473121
199604,61.24958333333329
199605,70.22158415841588
199606,77.20895833333341
199607,79.81069868995633
199608,76.64579256360079
199609,72.99201680672273
199610,63.789227642276416
199611,50.3891089108911
199612,49.303838771593085
199701,44.82018867924527
199702,50.55512295081963
199703,58.33928571428569
199704,58.83473282442745
199705,67.42665406427218
199706,73.13881188118818
199707,80.09925373134331
199708,77.87950191570883
199709,73.91837524177947
199710,64.49961538461541
199711,52.77568627450983
199712,46.41468926553674
199801,48.566141732283505
199802,49.13333333333337
199803,52.689405204460996
199804,61.332591093117415
199805,69.88039215686273
199806,79.36007984031939
199807,80.8739644970414
199808,78.95367793240564
199809,75.66097560975612
199810,64.69371316306476
199811,56.66611570247935
199812,51.709368635437855
199901,50.43083700440529
199902,48.18463114754102
199903,49.96888888888888
199904,61.80398009950246
199905,66.54501800720284
199906,73.3490886998785
199907,78.95414634146337
199908,78.96426512968293
199909,70.26110183639396
199910,60.648844375962994
199911,55.79206586826349
199912,45.751612903225855
200001,41.18708815672307
200002,47.52007469654532
200003,55.712435677529996
200004,59.0914491449145
200005,71.45323741007198
200006,76.39529837251358
200007,76.56511013215861
200008,76.35999999999993
200009,70.90046168051704
200010,61.328707718993954
200011,50.08350137488538
200012,37.803415061296
200101,42.242704626334536
200102,48.3488416988417
200103,49.38466204506068
200104,61.80510018214934
200105,68.58672014260253
200106,76.28073852295407
200107,76.23692434210523
200108,77.50422446406054
200109,68.6019073569482
200110,59.491261119832515
200111,56.60278969957079
200112,50.12188465499488
200201,45.337454733574745
200202,46.60504994450611
200203,53.569746646795835
200204,64.84872329338198
200205,67.7974572127139
200206,76.88673629242828
200207,80.08152610441768
200208,78.20330900243304
200209,73.87291462217858
200210,63.691854990583806
200211,50.55146056475164
200212,42.97047527604422
200301,38.80160832544937
200302,43.580145909327754
200303,54.445203556387426
200304,59.357192118226564
200305,67.39635840919985
200306,74.46728606356974
200307,77.50196454240537
200308,77.8649453823237
200309,70.64330265848673
200310,60.64568138195778
200311,57.11252485089469
200312,42.378386167146914
200401,39.58948383984562
200402,42.051024590163976
200403,53.644548432381875
200404,61.16223908918406
200405,73.20256087321579
200406,75.38419165580186
200407,78.4188550093342
200408,74.85673583152679
200409,71.33643312101911
200410,62.91626319056489
200411,53.90111892583123
200412,43.953631809643106
200501,44.58891439816333
200502,45.0472605160834
200503,49.07662379421223
200504,59.84106540795685
200505,65.31637709137709
200506,75.11778290993074
200507,79.85062254259503
200508,78.92652804032768
200509,74.80328794420463
200510,63.02047633776684
200511,54.14049983979493
200512,41.51807006760911
200601,48.22707165109036
200602,44.121760391198066
200603,51.532175273865455
200604,62.44902220749087
200605,65.12591287636128
200606,73.79610829103218
200607,78.83200402144773
200608,79.0043261231281
200609,69.72686366689051
200610,59.61920508744037
200611,53.13118489583332
200612,48.35585139318888
200701,45.80484119642302
200702,40.69021962937543
200703,55.17020484171321
200704,59.1827810266407
200705,67.2281442663378
200706,74.66471895839949
200707,76.63669242658423
200708,81.46608205449422
200709,73.40687714910906
200710,66.39702613397421
200711,51.01945137157106
200712,49.074497257769664
200801,41.76121833534376
200802,47.748238308776436
200803,53.06427067669174
200804,59.911567635903886
200805,66.52619270346118
200806,78.18568690095846
200807,77.33810114799871
200808,76.29206451612902
200809,71.2816005040958
200810,58.340552016985114
200811,49.668023032629556
200812,51.320092735703255
200901,43.43698630136986
200902,46.38903878583474
200903,51.746210995542356
200904,62.292586750788644
200905,70.4016975308642
200906,77.61765625000001
200907,78.6977011494253
