194403,46.596153846153854
194404,55.673333333333325
194405,69.66451612903226
194406,78.72333333333333
194407,77.9
194408,76.91290322580646
194409,69.45666666666666
194410,57.48064516129032
194411,47.62333333333333
194412,31.33548387096774
194501,31.52258064516129
194502,36.88571428571429
194503,55.48387096774192
194504,58.54000000000001
194505,61.9516129032258
194506,71.71999999999998
194507,75.51612903225808
194508,75.08064516129032
194509,70.7
194801,25.200000000000014
194802,36.49396551724138
194803,47.8032258064516
194804,58.68750000000001
194805,63.35322580645161
194806,73.62583333333333
194807,76.44032258064512
194808,74.56048387096774
194809,69.18249999999998
194810,53.9717741935484
194811,48.57333333333331
194812,39.099193548387106
194901,41.05725806451612
194902,40.360360360360346
194903,45.065322580645166
194904,52.764999999999965
194905,66.70403225806452
194906,74.88916666666665
194907,79.08709677419355
194908,74.04322580645163
194909,63.92722222222223
194910,61.21397849462366
194911,45.04277777777778
194912,40.65322580645162
195001,44.53709677419354
195002,38.81845238095238
195003,41.99892473118278
195004,51.496111111111105
195005,65.95161290322581
195006,72.01111111111109
195007,73.10215053763442
195008,71.11989247311828
195009,65.99000000000001
195010,61.30483870967741
195011,39.75999999999999
195012,30.730107526881728
195101,36.47795698924732
195102,36.380357142857136
195103,43.64032258064514
195104,52.63055555555555
195105,65.62473118279573
195106,72.81777777777778
195107,76.52043010752689
195108,75.6462365591398
195109,67.0038888888889
195110,58.51182795698925
195111,38.930555555555564
195112,38.23440860215054
195201,40.28602150537633
195202,40.24367816091955
195203,44.604301075268815
195204,55.20166666666666
195205,65.33225806451614
195206,79.31666666666663
195207,79.40053763440861
195208,76.07043010752689
195209,67.5327777777778
195210,50.83817204301076
195211,45.60833333333332
195212,38.403225806451616
195301,39.74838709677419
195302,40.01130952380951
195303,47.39247311827958
195304,52.21111111111111
195305,68.10430107526882
195306,77.44277777777778
195307,77.24999999999999
195308,75.97258064516127
195309,69.73666666666666
195310,59.749462365591405
195311,44.913333333333334
195312,36.15268817204301
195401,35.675806451612914
195402,43.49285714285715
195403,43.60376344086021
195404,61.106111111111126
195405,60.63548387096775
195406,75.53722222222224
195407,79.89032258064518
195408,76.87096774193546
195409,72.41444444444446
195410,59.04819277108434
195411,44.822352941176476
195412,36.055913978494615
195501,33.23205128205127
195502,36.938571428571436
195503,46.754193548387086
195504,60.23533333333333
195505,66.90967741935484
195506,68.42
195507,78.49032258064514
195508,77.87870967741934
195509,72.00466666666667
195510,56.60838709677419
195511,42.69266666666667
195512,34.30903225806452
195601,31.373548387096772
195602,40.70827586206896
195603,44.79354838709678
195604,53.14866666666667
195605,65.77096774193546
195606,72.55533333333332
195607,75.31096774193549
195608,74.61032258064516
195609,66.00133333333333
195610,60.81290322580645
195611,43.767333333333326
195612,44.174838709677424
195701,31.44064516129033
195702,41.334285714285706
195703,43.92645161290324
195704,58.016666666666666
195705,65.55741935483871
195706,73.53866666666664
195707,76.5690322580645
195708,74.68516129032257
195709,68.554
195710,53.65225806451614
195711,45.51133333333335
195712,41.08322580645161
195801,30.90387096774193
195802,26.99642857142857
195803,39.26903225806452
195804,55.651999999999994
195805,65.27548387096773
195806,71.21000000000001
195807,76.54387096774194
195808,74.83612903225809
195809,68.882
195810,56.86838709677419
195811,48.06
195812,30.373548387096772
195901,31.727741935483866
195902,37.78142857142858
195903,43.31290322580645
195904,56.59
195905,68.74064516129032
195906,73.30199999999999
195907,76.6290322580645
195908,77.76516129032255
195909,71.064
195910,57.962580645161296
195911,41.77266666666667
195912,38.99935483870967
196001,35.951612903225815
196002,32.43379310344828
196003,30.980645161290322
196004,58.716
196005,61.72258064516128
196006,71.07533333333335
196007,74.21870967741934
196008,75.22516129032256
196009,70.05133333333336
196010,57.907096774193526
196011,45.141999999999996
196012,30.135483870967743
196101,28.745161290322592
196102,40.26857142857142
196103,47.90903225806452
196104,49.516666666666666
196105,60.002580645161274
196106,69.61799999999998
196107,74.6122580645161
196108,73.13806451612902
196109,70.93866666666668
196110,57.1858064516129
196111,45.79400000000001
196112,35.90387096774194
196201,30.64645161290323
196202,38.78285714285715
196203,41.42
196204,52.69600000000001
196205,70.60000000000004
196206,72.20533333333336
196207,75.18258064516128
196208,75.06129032258062
196209,64.97866666666667
196210,58.63548387096774
196211,44.289333333333346
196212,30.82387096774193
196301,25.949032258064513
196302,28.79071428571428
196303,48.72580645161292
196304,57.76066666666666
196305,62.519354838709674
196306,71.76066666666667
196307,73.47096774193548
196308,72.3767741935484
196309,66.08000000000003
196310,62.175483870967746
196311,47.05133333333333
196312,26.05290322580645
196401,35.01806451612904
196402,33.1048275862069
196403,45.13161290322582
196404,58.657333333333334
196405,67.2458064516129
196406,74.05933333333333
196407,74.91741935483871
196408,74.27677419354839
196409,68.04466666666667
196410,52.86516129032257
196411,48.32466666666666
196412,38.145161290322584
196501,33.30631578947369
196502,34.05000000000001
196503,37.95913978494624
196504,55.665555555555564
196505,68.66021505376342
196506,71.66111111111113
196507,74.13333333333333
196508,73.40537634408604
196509,68.52666666666666
196510,54.010752688172026
196511,46.25333333333332
196512,39.6494623655914
196601,26.09032258064517
196602,32.76309523809524
196603,44.598924731182805
196604,51.678888888888885
196605,61.776344086021524
196606,72.70000000000002
196607,78.63010752688172
196608,73.77526881720432
196609,66.17444444444445
196610,52.96236559139784
196611,45.922222222222224
196612,34.589247311827954
196701,36.36666666666666
196702,29.632142857142846
196703,47.83225806451612
196704,58.11222222222221
196705,61.74301075268815
196706,72.78555555555556
196707,72.92258064516128
196708,70.98387096774198
196709,64.99666666666664
196710,56.106451612903214
196711,41.6888888888889
196712,39.001075268817225
196801,28.777419354838706
196802,28.762068965517244
196803,45.54408602150535
196804,55.774444444444455
196805,61.9752688172043
196806,73.08000000000004
196807,75.4967741935484
196808,75.84408602150536
196809,67.55111111111108
196810,56.3795698924731
196811,46.824444444444445
196812,34.7698924731183
196901,31.279569892473113
196902,35.28214285714286
196903,38.58279569892473
196904,56.60222222222224
196905,65.26344086021504
196906,72.5655555555556
196907,77.5010752688172
196908,74.09032258064516
196909,66.48666666666666
196910,56.9290322580645
196911,41.98777777777776
196912,32.5
197001,25.97741935483871
197002,31.884523809523806
197003,40.107526881720425
197004,57.39777777777778
197005,67.17956989247311
197006,71.91888888888884
197007,74.90967741935485
197008,74.50322580645161
197009,72.3433333333333
197010,57.88279569892472
197011,44.660000000000004
197012,38.974193548387085
197101,29.792553191489368
197102,34.10833333333334
197103,40.51290322580646
197104,53.70777777777779
197105,60.58817204301078
197106,74.85000000000002
197107,74.04086021505375
197108,73.10215053763442
197109,70.65777777777778
197110,62.863440860215064
197111,45.60444444444443
197112,44.32150537634409
197201,33.533333333333324
197202,32.322988505747134
197203,42.02365591397851
197204,53.83888888888886
197205,64.16774193548385
197206,67.81
197207,74.88172043010753
197208,73.54623655913979
197209,69.75999999999999
197210,53.388172043010734
197211,43.20555555555555
197212,38.252688172043015
197301,36.264516129032245
197302,37.73214285714285
197303,56.03870967741935
197304,52.86842105263156
197307,83.39615384615385
197308,81.58620689655173
197309,76.86428571428571
197310,65.6709677419355
197311,52.72142857142859
197312,37.74333333333333
197401,39.959999999999994
197402,40.714814814814794
197403,53.46551724137931
197404,59.97666666666662
197405,70.26333333333334
197406,74.10714285714286
197407,81.99677419354838
197408,78.59032258064519
197409,67.26999999999997
197410,60.22903225806452
197411,48.99666666666667
197412,39.89354838709677
197501,40.59
197502,37.16666666666667
197503,43.31935483870968
197504,61.6235294117647
197505,72.97857142857141
197506,79.34999999999997
197507,81.06451612903224
197508,79.12758620689657
197512,39.06666666666667
197601,32.779999999999994
197602,40.54285714285713
197603,54.95789473684209
197604,62.106249999999996
197605,64.17272727272727
197606,79.51428571428572
197607,83.41666666666666
197608,76.92
197609,71.95384615384616
197611,35.25454545454546
197612,31.083333333333332
197701,19.64883720930233
197702,38.92666666666666
197703,59.633333333333326
197704,64.46666666666667
197705,74.14666666666668
197706,74.05333333333333
197707,81.54545454545455
197708,77.56
197709,72.23913043478261
197710,56.38888888888889
197711,52.18125
197712,44.357142857142854
197801,28.140000000000004
197802,31.22307692307692
197803,48.09090909090909
197804,62.502631578947366
197805,64.59375000000001
197806,78.66999999999999
197807,78.7
197808,76.88
197809,70.83333333333333
197810,53.87857142857144
197811,52.94285714285714
197812,41.063333333333325
197901,31.148387096774194
197902,32.5
197903,50.00967741935484
197904,56.419999999999995
197905,63.67586206896552
197906,70.77083333333333
197907,73.62692307692308
197908,73.73157894736842
197909,68.7047619047619
197910,53.49090909090908
197911,47.45357142857142
197912,39.43225806451613
198001,37.29354838709678
198002,33.67857142857143
198003,45.43666666666668
198004,55.64666666666667
198005,65.008
198006,71.67272727272727
198007,76.59354838709676
198008,77.03
198009,72.85238095238094
198010,57.49999999999999
198011,46.30000000000001
198012,39.776666666666664
198101,33.89642857142858
198102,39.47857142857144
198103,40.25
198104,63.25666666666666
198105,61.37
198106,76.27391304347825
198107,76.30000000000003
198111,45.34285714285715
198112,37.78666666666666
198201,36.55714285714285
198202,38.357142857142854
198203,50.86896551724138
198204,55.666666666666664
198205,69.2862068965517
198206,70.88636363636364
198207,77.04999999999998
198208,72.81818181818183
198209,66.32666666666668
198210,58.53870967741934
198211,53.321739130434786
198212,47.80322580645161
198301,37.784000000000006
198302,43.44
198303,48.631034482758594
198304,53.41999999999998
198305,65.7305882352941
198306,77.57073170731707
198307,82.29780219780216
198308,83.4532608695652
198309,72.91111111111111
198310,61.89655172413791
198311,50.16853932584267
198312,31.32098765432097
198401,31.5932584269663
198402,42.96024096385543
198403,43.08279569892472
198404,56.74222222222223
198405,65.01397849462366
198406,79.27777777777777
198407,78.34880952380949
198408,77.53118279569892
198409,69.12298850574713
198410,65.72365591397849
198411,46.015909090909076
198412,47.37741935483869
198501,27.230107526881717
198502,34.32142857142858
198503,52.6494623655914
198504,63.517777777777795
198505,69.32150537634409
198506,74.36666666666663
198507,79.13548387096773
198508,75.89247311827955
198509,71.00666666666667
198510,63.88064516129032
198511,54.92666666666666
198512,33.43440860215054
198601,36.00430107526882
198602,41.28214285714286
198603,50.622826086956515
198604,62.25
198605,69.7311827956989
198606,78.0388888888889
198607,81.79354838709676
198608,75.54623655913977
198609,73.6931818181818
198610,60.313978494623655
198611,48.11348314606741
198612,39.05698924731183
198701,34.8268817204301
198702,41.38095238095238
198703,51.1741935483871
198704,57.37444444444445
198705,74.40537634408601
198706,78.07555555555554
198707,80.02580645161292
198708,79.35053763440862
198709,72.8011111111111
198710,57.94301075268817
198711,55.24555555555556
198712,47.37096774193548
198801,39.04086021505377
198802,40.85697674418604
198803,53.36021505376344
198804,62.140449438202225
198805,70.72688172043011
198806,78.66555555555553
198807,81.17634408602154
198808,80.78064516129032
198809,71.78314606741573
198810,56.883908045976995
198811,55.1188888888889
198812,46.48924731182794
198901,49.51413043478262
198902,43.469047619047615
198903,55.457608695652176
198904,62.666666666666664
198905,70.27204301075268
198906,75.71888888888888
198907,79.36451612903227
198908,77.8010752688172
198909,69.44794520547946
198910,60.45483870967743
198911,49.24333333333336
198912,28.780645161290323
199001,44.81075268817203
199002,47.35662650602409
199003,52.903225806451616
199004,57.94444444444444
199005,65.28279569892473
199006,76.95555555555553
199007,79.28387096774195
199008,76.76344086021506
199009,71.79222222222221
199010,58.870967741935495
199011,52.1188888888889
199012,41.60215053763441
199101,35.539784946236566
199102,41.788095238095245
199103,50.893548387096786
199104,62.25888888888888
199105,73.09999999999995
199106,79.1446153846154
199107,80.1989247311828
199108,79.6735294117647
199109,72.52333333333331
199110,61.61612903225806
199111,45.216666666666654
199112,41.1225806451613
199201,36.525806451612915
199202,43.63793103448274
199203,47.66774193548387
199204,59.4366666666667
199205,65.53548387096778
199206,74.49000000000001
199207,80.70967741935482
199208,75.06388888888887
199209,70.09166666666667
199210,58.325000000000045
199211,47.643820224719114
199212,38.69569892473118
199301,38.29247311827958
199302,34.6144578313253
199303,43.926881720430096
199304,55.203333333333305
199305,67.02150537634404
199306,75.10777777777777
199307,81.58172043010757
199308,77.8817204301076
199309,67.87777777777775
199310,56.232258064516074
199311,46.432183908045985
199312,38.20537634408605
199401,29.456179775280912
199402,39.68780487804878
199403,47.12795698924729
199404,60.4811111111112
199405,64.13655913978495
199406,77.24545454545456
199407,77.54408602150534
199408,74.42580645161284
199409,67.65955056179772
199410,59.69130434782603
199411,52.84333333333331
199412,43.25806451612904
199501,36.75824175824176
199502,37.06904761904761
199503,50.924731182795696
199504,59.18222222222224
199505,66.57956989247316
199506,74.36
199507,78.89569892473116
199508,81.10978260869568
199509,68.01555555555557
199510,59.375268817204315
199511,42.996590909090905
199512,37.377272727272725
199601,34.88705882352941
199602,38.426436781609205
199603,41.706451612903244
199604,54.3811111111111
199605,69.53225806451606
199606,75.56
199607,77.01571428571432
199608,76.24891304347825
199609,67.61685393258429
199610,59.111827956989245
199611,43.456179775280894
199612,42.03913043478259
199701,33.91428571428571
199702,42.77184466019422
199703,48.97657657657655
199704,53.73831775700928
199705,61.75666666666667
199706,71.59831932773112
199707,78.00161290322575
199708,74.31693548387102
199709,68.60593220338981
199710,57.56311475409836
199711,43.56271186440676
199712,37.35121951219513
199801,43.34174757281552
199802,44.40215053763443
199803,47.96774193548381
199804,55.89999999999996
199805,69.70325203252034
199806,74.68461538461537
199807,77.53064516129032
199808,76.87258064516125
199809,74.35333333333331
199810,60.312096774193584
199811,49.94749999999995
199812,42.64705882352943
199901,39.84347826086958
199902,42.87053571428569
199903,42.88951612903226
199904,59.7616666666667
199905,67.72213114754098
199906,75.65714285714286
199907,80.82499999999999
199908,76.46209677419361
199909,70.77127659574472
199910,58.50172413793102
199911,52.64578313253013
199912,39.25728155339809
200001,35.23640552995395
200002,44.22079207920794
200003,51.373611111111096
200004,55.749519230769245
200005,68.77688679245286
200006,74.41804878048785
200007,75.93870967741931
200008,76.21924882629108
200009,67.94202898550718
200010,60.46201923076924
200011,44.99090909090909
200012,27.13778801843319
200101,33.04746543778802
200102,41.702040816326516
200103,42.67695852534561
200104,62.19619047619044
200105,67.92350230414746
200106,72.66190476190472
200107,77.24377880184332
200108,77.17465437788017
200109,67.48666666666668
200110,57.189400921658994
200111,52.27380952380952
200112,42.072429906542055
200201,40.03824884792627
200202,39.9581632653061
200203,46.78285714285712
200204,60.47904761904769
200205,64.59585253456217
200206,76.6538095238095
200207,80.43087557603687
200208,78.75693069306936
200209,73.03666666666669
200210,57.479262672811046
200211,44.72077294685989
200212,37.491121495327114
200301,29.182325581395368
200302,33.55309278350513
200303,49.145539906103295
200304,59.06764705882349
200305,66.03207547169809
200306,70.61067961165051
200307,76.88446601941743
200308,76.68837209302319
200309,67.16333333333336
200310,58.34516129032257
200311,51.76000000000001
200312,37.96728110599079
200401,32.668663594470075
200402,37.081773399014786
200403,50.12073732718896
200404,57.387619047619026
200405,70.21705069124427
200406,73.64857142857126
200407,75.12857142857145
200408,72.30322580645164
200409,70.14523809523813
200410,60.87741935483874
200411,51.09322429906542
200412,36.545161290322575
200501,39.914962593516215
200502,41.818406593406586
200503,44.107196029776674
200504,58.35282051282048
200505,64.49855769230773
200506,75.93266666666676
200507,78.62043010752691
200508,79.2294623655914
200509,72.64933333333337
200510,58.84816625916873
200511,50.15067567567567
200512,34.442212189616264
200601,43.97861771058315
200602,37.19805825242718
200603,47.54069264069263
200604,61.511777777777816
200605,63.37628458498022
200606,72.23833333333336
200607,77.00040650406501
200608,77.2247464503043
200609,65.5060784313725
200610,55.12350674373797
200611,47.40570866141734
200612,41.96745562130178
200701,38.90267686424473
200702,31.632203389830504
200703,55.14138613861381
200704,54.46745098039215
200705,69.38251473477406
200706,74.46588235294122
200707,75.6515503875969
200708,81.73392156862747
200709,72.30059055118109
200710,62.82061657032757
200711,46.368362831858406
200712,41.56398390342054
200801,34.8496062992126
200802,38.90973084886128
200803,46.35859999999999
200804,55.78731343283582
200805,63.45118397085612
200806,75.43185185185186
200807,75.70182481751823
200808,74.39050387596899
200809,70.77948207171313
200810,56.58838475499093
200811,43.69757709251103
200812,37.64946236559139
200901,31.630769230769232
200902,40.44071856287425
200903,49.623655913978496
200904,57.251666666666665
200905,66.09289617486338
200906,74.81012658227846
200907,71.9675
