194210,54.966666666666654
194211,43.50526315789474
194212,29.241935483870964
194301,27.770967741935465
194302,30.467857142857152
194303,35.990322580645156
194304,41.803333333333335
194305,55.277419354838706
194306,67.72999999999998
194307,71.14193548387094
194308,69.9548387096774
194309,62.33666666666669
194310,54.16774193548384
194311,43.966666666666654
194312,30.032258064516135
194401,30.838709677419367
194402,29.71724137931035
194403,34.61612903225804
194404,42.70689655172414
194503,46.15
194504,52.71111111111112
194505,57.31290322580646
194506,67.50800000000001
194507,74.23448275862069
194508,71.02083333333333
194509,66.40370370370371
194604,47.75
194605,61.32222222222222
194606,73.21428571428571
194607,71.32777777777777
194801,23.35645161290323
194802,26.80459770114943
194803,37.72258064516129
194804,47.00666666666667
194805,54.25806451612903
194806,62.71333333333334
194807,72.29354838709678
194808,71.81935483870967
194809,64.95222222222223
194810,53.421505376344086
194811,48.19836065573771
194812,35.710322580645155
194901,34.11577060931899
194902,33.53214285714286
194903,37.484229390681
194904,48.15296296296296
194905,56.95806451612902
194906,69.33962962962961
194907,73.95770609318998
194908,72.08709677419355
194909,62.32259259259261
194910,57.13297491039427
194911,42.36925925925926
194912,35.57885304659498
195001,35.975268817204295
195002,27.67539682539682
195003,32.178494623655915
195004,43.96444444444445
195005,53.87347670250897
195006,65.3211111111111
195007,70.39569892473119
195008,68.55161290322582
195009,59.731970260223044
195010,54.483032490974715
195011,45.80333333333335
195012,33.51433691756272
195101,32.81111111111112
195102,32.43095238095239
195103,37.465591397849465
195104,48.32888888888892
195105,57.04193548387096
195106,63.76592592592592
195107,71.4390681003584
195108,68.65770609318996
195109,63.64518518518519
195110,53.8698924731183
195111,40.700370370370365
195112,33.93405017921146
195201,31.7236559139785
195202,31.22452107279692
195203,35.35806451612905
195204,48.27703703703706
195205,54.818000000000005
195206,67.14166666666667
195207,74.49758064516129
195208,70.24798387096772
195209,64.01916666666668
195210,52.357258064516124
195211,44.095833333333346
195212,35.05322580645162
195301,34.6733870967742
195302,34.29419642857142
195303,38.15524193548387
195304,46.83958333333335
195305,56.67298387096773
195306,66.76000000000003
195307,70.29596774193548
195308,68.75806451612901
195309,64.53958333333335
195310,55.17137096774192
195311,46.99583333333335
195312,39.406751054852315
195401,27.80695652173914
195402,34.64928909952606
195403,37.4267281105991
195404,47.293333333333315
195405,53.77557603686635
195406,64.26714285714287
195407,69.0663594470046
195408,67.66635944700462
195409,61.816190476190464
195410,57.31612903225805
195411,44.46666666666667
195412,34.392165898617506
195501,27.889112903225804
195502,31.69683257918552
195503,36.60846774193549
195504,46.17041666666667
195505,58.45282258064516
195506,63.44444444444443
195507,73.5217741935484
195508,72.21290322580647
195509,62.3887029288703
195510,54.78823529411764
195511,41.443478260869576
195512,26.598360655737697
195601,30.10413223140494
195602,32.10174672489084
195603,33.238867924528314
195604,43.49702602230484
195605,51.49283154121865
195606,64.53481481481482
195607,67.84838709677419
195608,68.39462365591399
195609,60.370000000000005
195610,53.5390681003584
195611,45.33148148148149
195612,37.71182795698923
195701,24.893548387096768
195702,33.81746031746031
195703,37.45555555555557
195704,47.00618556701031
195705,55.39354838709677
195706,66.616
195707,69.77612903225805
195708,67.03612903225806
195709,64.3689189189189
195710,53.284193548387094
195711,46.92800000000002
195712,40.13758389261745
195801,32.99117647058823
195802,26.183333333333326
195803,37.709863945578235
195804,46.67878787878789
195805,53.222653721682846
195806,61.069230769230785
195807,68.91682847896439
195808,69.4883870967742
195809,62.77933333333332
195810,52.41607142857143
195811,46.01206349206349
195812,27.70987654320987
195901,30.36587030716724
195902,29.143750000000004
195903,36.58271186440678
195904,46.18409893992933
195905,57.400328947368415
195906,61.6865051903114
195907,69.47946127946129
195908,69.85282392026579
195909,66.06068965517241
195910,55.20404040404043
195911,45.48757763975154
195912,36.974772036474164
196001,31.399676375404532
196002,35.05798611111111
196003,31.584364820846897
196004,46.27235494880546
196005,55.983870967741936
196006,64.10500000000002
196007,68.57935483870968
196008,67.91612903225807
196009,62.0573333333333
196010,53.76084142394823
196011,46.89498327759197
196012,30.34299674267101
196101,26.149514563106795
196102,30.8236559139785
196103,36.01693811074918
196104,43.25299999999999
196105,53.09838709677418
196106,63.53433333333333
196107,68.34193548387097
196108,68.60612903225807
196109,66.48175438596489
196110,55.653267973856224
196111,44.960714285714275
196112,33.523021582733804
196201,29.904225352112668
196202,28.217374517374516
196203,37.358477508650516
196204,46.94080267558529
196205,53.86129032258067
196206,63.54866666666666
196207,66.43798701298702
196208,66.90131147540984
196209,60.765319865319874
196210,52.47609427609428
196211,41.30666666666668
196212,29.541035856573703
196301,28.024497991967873
196302,25.688284518828443
196303,37.54254545454545
196304,45.74947735191638
196305,54.6006451612903
196306,64.47448275862068
196307,71.3350806451613
196308,68.39112903225804
196309,58.88333333333333
196310,55.66814516129031
196311,46.76375000000001
196312,26.364516129032264
196401,30.726209677419362
196402,28.792241379310347
196403,38.003629032258075
196404,45.28833333333332
196405,58.73467741935484
196406,65.00041666666667
196407,69.58830645161291
196408,65.57822580645161
196409,61.928333333333356
196410,51.92177419354839
196411,43.780000000000015
196412,34.26774193548387
196501,26.302016129032264
196502,27.48571428571429
196503,34.04032258064516
196504,42.26583333333335
196505,57.3858870967742
196506,63.43333333333336
196507,69.82862903225806
196508,70.54879032258064
196509,63.08375000000001
196510,52.92943548387098
196511,42.08000000000002
196512,34.451209677419364
196601,28.773790322580645
196602,30.278571428571432
196603,38.99354838709678
196604,43.59124999999999
196605,53.77258064516129
196606,64.18458333333334
196607,70.57177419354839
196608,69.05524193548386
196609,59.99083333333335
196610,51.19193548387095
196611,45.41583333333333
196612,33.420564516129026
196701,33.74516129032258
196702,26.360267857142855
196703,32.06935483870967
196704,42.351250000000014
196705,49.784274193548384
196706,64.24958333333333
196707,70.0407258064516
196708,68.85645161290323
196709,61.62749999999999
196710,53.70645161290324
196711,39.54291666666667
196712,34.31532258064515
196801,24.820564516129032
196802,25.051724137931032
196803,37.78669354838709
196804,48.46458333333333
196805,53.99352226720649
196806,63.069583333333334
196807,71.55564516129033
196808,68.75483870967743
196809,62.80416666666667
196810,55.377419354838736
196811,41.83000000000001
196812,30.208064516129035
196901,29.025000000000002
196902,30.380803571428572
196903,34.84233870967743
196904,48.503333333333345
196905,56.582258064516104
196906,66.45583333333335
196907,69.27540322580644
196908,71.20161290322581
196909,62.37291666666666
196910,52.48588709677419
196911,43.09583333333333
196912,31.132661290322588
197001,20.420967741935478
197002,29.393750000000004
197003,34.04556451612903
197004,45.07791666666667
197005,55.5407258064516
197006,64.05166666666666
197007,71.17177419354836
197008,70.72177419354838
197009,62.8319047619048
197010,53.607407407407386
197011,44.408910891089086
197012,30.42534562211982
197101,24.169934640522875
197102,30.298484848484854
197103,34.956862745098036
197104,43.20454545454546
197105,54.32435897435898
197106,65.70842696629212
197107,71.760989010989
197108,70.74551282051281
197109,67.07066666666665
197110,59.33677419354838
197111,42.507999999999996
197112,35.703870967741935
197201,31.021505376344088
197202,27.14367816091954
197203,33.627956989247316
197204,41.45777777777778
197205,54.45591397849462
197206,61.63666666666667
197207,69.33763440860214
197208,67.78279569892473
197209,62.30111111111111
197210,48.494623655913976
197211,39.583333333333336
197212,33.03655913978494
197301,32.94332344213649
197302,31.069624573378814
197303,42.61823708206686
197304,49.37261146496815
197305,56.53489736070375
197306,68.2439024390244
197307,72.5164179104477
197308,73.62844574780068
197309,64.80303030303034
197310,55.36304985337243
197311,45.36334405144687
197312,41.330258302582976
197401,34.93358490566037
197402,31.901702127659558
197403,40.81818181818185
197404,49.88278688524589
197405,54.70384615384614
197406,64.50201342281879
197407,72.07302631578946
197408,74.18881118881117
197409,65.6993288590604
197410,51.93660130718957
197411,46.340972222222234
197412,38.2116883116883
197501,36.10580645161289
197502,33.28357142857142
197503,37.40187793427229
197504,44.28351063829789
197505,58.061979166666625
197506,65.92813852813858
197507,72.91584905660373
197508,71.5632183908046
197509,62.24493827160496
197510,56.02989323843417
197511,49.56378676470588
197512,35.50657894736842
197601,27.80234833659491
197602,35.88700209643607
197603,39.55298507462687
197604,49.853108348134995
197605,56.352951388888954
197606,66.13842010771991
197607,71.05916230366488
197608,70.04511149228131
197609,64.12517857142849
197610,52.15492227979274
197611,40.820751341681586
197612,29.714532871972317
197701,23.50627177700348
197702,30.098091603053444
197703,40.802434782608685
197704,47.57442748091602
197705,57.60904159132005
197706,63.507597173144866
197707,71.35780445969128
197708,71.04707903780067
197709,63.25477386934673
197710,54.29368932038836
197711,47.15220338983048
197712,34.48092105263157
197801,29.4200657894737
197802,27.55806451612904
197803,34.944461305007565
197804,44.95258358662613
197805,54.93062130177513
197806,65.17767584097865
197807,69.2981954887218
197808,71.045045045045
197809,61.4393890675241
197810,53.74243323442143
197811,45.60290519877676
197812,37.06436950146628
197901,33.17250000000003
197902,23.504234527687316
197903,40.25576923076924
197904,46.071999999999996
197905,58.83303437967115
197906,64.73210445468507
197907,72.28531157270034
197908,69.95520833333335
197909,64.24412238325284
197910,53.489123867069516
197911,49.403755215577156
197912,38.20617608409986
198001,31.59084967320261
198002,28.65221606648199
198003,37.321002710027095
198004,48.18292349726777
198005,57.45112285336854
198006,64.34919354838708
198007,72.49051282051285
198008,72.2276433121019
198009,65.73978779840853
198010,52.6566110397946
198011,42.238492597577405
198012,30.342162162162147
198101,22.495137976346907
198102,35.38250728862975
198103,37.67539893617022
198104,48.93166441136669
198105,57.32404730617609
198106,67.55354659248955
198107,72.51265474552964
198108,69.71599402092674
198109,62.90779220779224
198110,51.60434782608694
198111,44.67495559502664
198112,34.71521035598702
198201,23.887126865671632
198202,31.777108433734934
198203,37.76150442477875
198204,44.88948194662483
198205,56.074027993779204
198206,60.670696721311465
198207,71.8621276595745
198208,67.93184165232363
198209,63.165275142315004
198210,53.81969178082197
198211,48.49281867145422
198212,40.828469750889695
198301,32.75906040268457
198302,34.12402135231317
198303,41.05794392523364
198304,47.89368029739777
198305,55.75451388888889
198306,68.01549549549551
198307,74.50088495575227
198308,71.2608228980322
198309,67.06919014084505
198310,55.46855670103093
198311,46.914571948998166
198312,34.941732283464574
198401,30.827075098814227
198402,38.93456032719836
198403,34.79571734475375
198404,47.07958656330748
198405,58.02781818181817
198406,68.09962756052144
198407,72.49349593495934
198408,72.83750000000002
198409,61.93897216274088
198410,55.212847222222194
198411,45.39520426287742
198412,40.040975609756096
198501,25.9603993344426
198502,32.888434163701056
198503,39.86711711711711
198504,47.844006568144444
198505,57.3920741989882
198506,63.53350083752094
198507,71.71930333817129
198508,70.02317596566522
198509,64.3441481481482
198510,55.74334763948496
198511,47.41884422110552
198512,34.11950617283952
198601,34.53959537572255
198602,30.768393782383402
198603,40.632380952380956
198604,47.31875968992249
198605,56.679122541603626
198606,63.58833592534995
198607,68.45407523510974
198608,68.06883116883118
198609,61.55969387755104
198610,53.98328025477708
198611,43.72512647554809
198612,37.41808346213292
198701,31.590833333333297
198702,29.465942028985488
198703,37.83529411764707
198704,46.194819466248035
198705,55.35488850771869
198706,65.33694968553458
198707,69.2925418569254
198708,68.49230769230769
198709,63.47192691029905
198710,52.8618307426598
198711,44.68758503401365
198712,36.86105263157892
198801,29.461568627450976
198802,33.39037656903767
198803,38.458648111331996
198804,45.852229299363074
198805,55.161439114391115
198806,64.49438405797103
198807,71.32128801431126
198808,72.77199999999998
198809,62.80708661417326
198810,50.95308411214955
198811,46.949685534591225
198812,34.71018867924529
198901,34.51786372007366
198902,31.5469979296066
198903,36.9788844621514
198904,44.96762295081966
198905,56.45589353612168
198906,65.0760070052539
198907,68.9725663716814
198908,69.78892988929887
198909,64.2909090909091
198910,54.66245487364624
198911,44.40306513409962
198912,23.7101754385965
199001,37.30728241563056
199002,35.27914230019494
199003,39.15615942028984
199004,46.40555555555555
199005,53.22611806797851
199006,63.78787878787884
199007,69.70476190476187
199008,71.41703577512773
199009,62.94152249134949
199010,57.8557565789474
199011,46.9436274509804
199012,41.27329093799681
199101,32.403875968992246
199102,36.01366666666665
199103,40.934214876033074
199104,48.84
199105,60.34605954465858
199106,66.41732418524869
199107,71.8574626865672
199108,71.65386064030136
199109,62.62123411978222
199110,56.023752151463
199111,46.19295238095239
199112,37.423565573770524
199201,32.18835274542427
199202,32.96247848537004
199203,35.636988543371515
199204,44.03699115044248
199205,54.09584717607973
199206,62.641362126245866
199207,59.45611510791367
199208,61.77837837837842
199209,54.605045045045074
199210,47.92239999999998
199211,43.711144578313245
199212,36.623498694516954
199301,29.88693548387097
199302,24.541952054794507
199303,32.23548895899053
199304,40.9136738056013
199305,51.09498432601886
199306,57.12078740157481
199307,62.03702479338842
199308,63.55406301824213
199309,56.2986183074266
199310,47.54003527336863
199311,39.997594501718226
199312,31.13534201954399
199401,22.247979797979795
199402,26.208506616257107
199403,34.59258589511753
199404,44.71455223880597
199405,46.5880672268908
199406,59.87378277153562
199407,69.83333333333336
199408,67.25671981776762
199409,56.91250000000004
199410,49.571666666666665
199411,45.655980861244004
199412,35.88605108055008
199501,33.12728971962619
199502,27.037969924812046
199503,36.74337349397587
199504,45.06009615384618
199505,54.648140043763675
199506,63.37628205128209
199507,66.58176691729325
199508,66.59981412639404
199509,57.497962962962944
199510,53.86906474820139
199511,38.486256781193504
199512,28.597203947368406
199601,28.19434931506846
199602,28.337804878048775
199603,33.57870528109029
199604,44.386727272727235
199605,53.36649214659691
199606,63.432472324723264
199607,69.60639999999995
199608,68.8745679012345
199609,62.505504587155976
199610,52.14770114942522
199611,39.48505976095618
199612,39.20707269155208
199701,29.454648956356753
199702,35.224159663865535
199703,36.09905123339662
199704,45.09980353634578
199705,53.66224137931035
199706,64.81754385964913
199707,70.79914529914534
199708,68.26960276338515
199709,62.54929824561408
199710,50.71901528013584
199711,41.49166666666668
199712,34.21572212065812
199801,34.223951048951044
199802,35.37450980392157
199803,39.56115843270868
199804,47.23158844765343
199805,58.16025848142161
199806,63.55795644891122
199807,70.7547297297297
199808,69.82038834951453
199809,63.81133333333337
199810,52.73596899224807
199811,42.73333333333334
199812,37.966140602582456
199901,30.342302158273366
199902,32.691433021806844
199903,37.63267882187938
199904,47.16448863636364
199905,56.89155446756427
199906,67.92995049504951
199907,73.33696969696963
199908,69.47248484848484
199909,65.37045454545463
199910,51.274534161490664
199911,46.50198511166253
199912,35.72994011976048
200001,26.175136116152437
200002,32.4235632183908
200003,41.35609318996419
200004,45.94000000000008
200005,56.06840215439856
200006,64.83314711359405
200007,67.68691756272408
200008,67.6286738351254
200009,61.52195121951223
200010,51.23467153284671
200011,41.83197026022309
200012,28.176936936936944
200101,27.76057347670253
200102,30.487500000000015
200103,34.40897666068223
200104,46.08351851851849
200105,57.606630824372836
200106,68.08277777777786
200107,67.62962298025143
200108,71.7251308900524
200109,62.62882249560636
200110,53.28092783505157
200111,45.80446428571423
200112,38.25957066189627
200201,34.230129870129865
200202,34.10203703703703
200203,38.45154553049295
200204,48.50601374570443
200205,55.02485156912634
200206,63.549343832021016
200207,71.85204778156998
200208,71.43991561181438
200209,64.92923076923078
200210,50.41307243963363
200211,41.394555353901985
200212,31.264919695688953
200301,22.679333902647297
200302,24.899077490774907
200303,35.65839662447259
200304,42.87894280762567
200305,53.38767576509514
200306,63.30285961871753
200307,71.47941908713689
200308,71.94175642087814
200309,63.23848238482383
200310,50.43782866836303
200311,43.91926369863015
200312,33.70570719602977
200401,19.79891576313596
200402,29.33976970770594
200403,36.89181141439205
200404,46.85547008547009
200405,57.33518672199166
200406,63.75410256410262
200407,69.03995037220845
200408,69.11373035566587
200409,62.900428082191766
200410,51.335137385512084
200411,42.51727115716752
200412,33.43532834580215
200501,26.228730964467005
200502,30.187115165336383
200503,33.38919202518366
200504,48.34617117117115
200505,51.265173116089635
200506,66.56308654848795
200507,71.12877406281657
200508,72.2677685950413
200509,65.72387096774192
200510,53.463891779396434
200511,45.275213675213664
200512,31.584152457372134
200601,35.60521653543308
200602,30.44884233737594
200603,36.62201382033564
200604,47.8979797979798
200605,55.737377690802326
200606,65.8921428571429
200607,73.42899343544853
200608,69.03515283842788
200609,61.48279220779221
200610,51.800651465798076
200611,47.508672936259146
200612,39.76787109375
200701,32.41187258687259
200702,25.40031678986273
200703,35.994202898550704
200704,43.588282828282814
200705,58.10803134182174
200706,65.18488843813387
200707,70.35490584737362
200708,70.07323651452282
200709,64.04090909090908
200710,57.09227053140092
200711,41.328356713426835
200712,31.61445312499998
200801,31.600286806883354
200802,31.357525773195892
200803,36.22804182509505
200804,47.71489151873768
200805,53.994656488549616
200806,67.35412115193644
200807,72.46807909604524
200808,67.25266106442572
200809,63.08695238095237
200810,50.64502283105024
200811,43.20762331838565
200812,36.88599033816425
200901,25.342253521126757
200902,32.20437158469945
200903,37.250691244239626
200904,48.966190476190484
200905,57.08356807511738
200906,62.50828402366865
200907,66.65249999999999
