193709,75.00555555555555
193710,66.5533333333333
193711,49.69333333333332
193712,40.9516129032258
193801,42.45483870967744
193802,49.203571428571436
193803,60.72903225806454
193804,64.11724137931034
193805,71.6064516129032
193806,79.75333333333336
193807,85.57741935483868
193808,87.93870967741934
193809,79.85000000000001
193810,73.21935483870973
193811,51.779999999999994
193812,44.364516129032275
193901,46.29999999999999
193902,40.328571428571436
193903,58.103225806451626
193904,62.45000000000001
193905,74.23548387096771
193906,81.37333333333332
193907,88.23870967741934
193908,86.43870967741933
193909,85.49
193910,71.09677419354836
193911,50.67
193912,45.84516129032259
194001,23.906451612903226
194002,39.893103448275866
194003,51.19354838709678
194004,58.440000000000005
194005,66.9258064516129
194006,75.47999999999999
194007,79.6258064516129
194008,77.90967741935484
194009,71.24000000000001
194010,66.00967741935484
194011,46.84000000000001
194012,42.19354838709679
194101,40.87096774193548
194102,39.63928571428572
194103,45.835483870967764
194104,62.71
194105,72.09032258064516
194106,75.60666666666664
194107,81.6096774193549
194108,80.1516129032258
194109,74.24333333333335
194110,65.62580645161293
194111,48.93
194112,43.40322580645162
194201,34.99677419354839
194202,38.666071428571435
194203,49.19838709677421
194204,61.506666666666675
194205,66.534375
194206,76.17166666666668
194207,82.13333333333335
194208,79.0451612903226
194209,69.26
194210,60.70322580645164
194211,48.996666666666684
194212,36.52258064516128
194301,34.33870967741937
194302,43.75714285714286
194303,45.18225806451613
194304,65.48281250000001
194305,69.41720430107524
194306,80.43333333333334
194307,84.98387096774192
194308,88.06193548387097
194309,73.81933333333335
194310,61.20230414746541
194311,49.30904761904762
194312,36.475627240143375
194401,38.55985663082438
194402,44.27854406130267
194403,46.91075268817204
194404,57.36037037037038
194405,69.09247311827956
194406,79.8688888888889
194407,81.2867383512545
194408,82.68279569892476
194409,73.51574803149602
194410,64.0589861751152
194411,52.41904761904761
194412,37.42304147465437
194501,38.92995391705069
194502,41.7281746031746
194503,55.87741935483872
194504,59.23799999999998
194505,68.08258064516129
194506,75.89296296296295
194507,79.60609318996416
194508,80.81182795698928
194509,73.99009009009009
194510,60.76182795698925
194511,51.864666666666665
194512,34.29263157894737
194601,37.530645161290316
194602,46.20769230769231
194603,57.68181818181818
194604,68.63333333333334
194605,66.62105263157896
194606,76.67666666666668
194607,84.23870967741935
194608,82.5
194609,71.92333333333335
194610,64.2741935483871
194611,50.08333333333332
194612,45.2274193548387
194701,38.25645161290323
194702,39.075
194703,47.42903225806452
194704,61.36333333333334
194705,68.53870967741938
194706,78.91666666666669
194707,80.55806451612901
194708,84.13225806451614
194709,77.64666666666669
194710,69.76451612903229
194711,48.39666666666666
194712,44.17096774193548
194801,34.51935483870967
194802,41.63448275862068
194803,49.20322580645161
194804,69.23666666666666
194805,70.68064516129033
194806,80.31333333333332
194807,81.91505376344087
194808,81.89230769230771
194809,75.88416666666669
194810,62.45217391304349
194811,48.899444444444455
194812,43.87204301075269
194901,31.233870967741936
194902,40.4202380952381
194903,50.12688172043011
194904,59.17333333333334
194905,70.87688172043012
194906,78.53944444444447
194907,83.40860215053765
194908,79.647311827957
194909,70.35222222222222
194910,62.12956989247311
194911,53.37333333333333
194912,42.82150537634409
195001,39.19408602150538
195002,45.94880952380954
195003,48.98172043010752
195004,59.071111111111094
195005,69.32419354838709
195006,77.17388888888887
195007,76.85860215053764
195008,76.42580645161291
195009,70.88611111111113
195010,67.45806451612904
195011,47.492222222222225
195012,38.941935483870964
195101,38.33602150537635
195102,42.41666666666666
195103,48.57096774193549
195104,58.315000000000005
195105,68.23709677419355
195106,76.07611111111112
195107,82.46075268817206
195108,85.14731182795698
195109,73.42611111111111
195110,62.90806451612904
195111,44.455000000000005
195112,41.35752688172043
195201,44.641397849462365
195202,46.67988505747127
195203,47.68440860215053
195204,57.260555555555555
195205,68.81881720430106
195206,83.30055555555553
195207,83.29086021505377
195208,85.84677419354838
195209,75.87722222222224
195210,60.39946236559141
195211,49.129999999999995
195212,39.19301075268818
195301,42.94301075268817
195302,44.64166666666666
195303,55.34354838709678
195304,56.79666666666665
195305,69.32311827956988
195306,85.72222222222221
195307,80.68709677419353
195308,81.23131868131867
195309,78.86499999999998
195310,65.52473118279569
195311,50.08111111111112
195312,40.23655913978496
195401,38.651075268817195
195402,51.49821428571429
195403,48.98655913978494
195404,66.72833333333334
195405,64.65591397849462
195406,80.43555555555554
195407,89.98548387096776
195408,86.8801075268817
195409,80.06
195410,65.27150537634408
195411,52.312777777777775
195412,42.943548387096776
195501,40.69761904761905
195502,40.91785714285714
195503,51.15806451612902
195504,65.80833333333334
195505,71.8048387096774
195506,75.13166666666669
195507,83.68709677419352
195508,82.70967741935483
195509,77.00499999999998
195510,62.81935483870964
195511,47.498333333333335
195512,39.1758064516129
195601,37.150000000000006
195602,42.099999999999994
195603,51.86290322580647
195604,59.309999999999995
195605,74.04677419354839
195606,80.94499999999998
195607,85.741935483871
195608,86.41129032258067
195609,78.67333333333333
195610,67.79193548387097
195611,48.04999999999999
195612,42.95322580645162
195701,34.940322580645166
195702,46.94999999999998
195703,48.42741935483871
195704,57.510000000000005
195705,67.51290322580644
195706,77.03000000000002
195707,85.99999999999999
195708,82.70483870967743
195709,71.11166666666665
195710,58.91612903225808
195711,47.37
195712,45.622580645161285
195801,40.02903225806452
195802,37.88571428571428
195803,42.930645161290336
195804,57.86500000000001
195805,71.15806451612902
195806,79.86999999999998
195807,82.43548387096774
195808,81.14605263157893
195809,74.68111111111111
195810,62.981720430107536
195811,51.76888888888889
195812,37.32473118279571
195901,33.810752688172045
195902,38.62807017543858
195903,49.03548387096775
195904,58.28499999999997
195905,70.4209677419355
195906,77.70833333333339
195907,78.41451612903225
195908,82.3806451612903
195909,73.4466666666667
195910,57.54516129032261
195911,42.63833333333332
195912,43.36774193548389
196001,34.6306451612903
196002,33.43275862068964
196003,38.37580645161293
196004,61.816666666666634
196005,66.36451612903225
196006,78.40333333333332
196007,79.82258064516128
196008,80.83709677419357
196009,75.325
196010,64.3155172413793
196011,51.577777777777776
196012,36.518867924528294
196101,35.77333333333331
196102,40.80392156862743
196103,50.21379310344827
196104,58.5537037037037
196105,68.48196721311477
196106,75.24107142857143
196107,80.81296296296296
196108,78.97758620689656
196109,70.24528301886797
196110,63.58793103448281
196111,45.34210526315791
196112,36.1
196201,31.200000000000003
196202,44.371153846153824
196203,47.54385964912282
196204,58.433928571428574
196205,76.66379310344824
196206,76.10181818181819
196207,82.71964285714284
196208,83.62758620689652
196209,71.05849056603776
196210,63.50172413793102
196211,49.29245283018868
196212,39.66730769230768
196301,28.70714285714285
196302,40.64509803921568
196303,53.430357142857154
196304,64.46181818181819
196305,71.45423728813564
196306,78.49629629629625
196307,84.53157894736843
196308,83.17586206896556
196309,74.51896551724136
196310,69.89508196721312
196311,50.83207547169812
196312,32.62777777777779
196401,39.31052631578948
196402,37.90555555555557
196403,46.78103448275861
196404,63.5571428571429
196405,71.78947368421056
196406,78.14545454545458
196407,85.58571428571429
196408,81.03225806451614
196409,72.11864406779661
196410,60.777419354838656
196411,49.38305084745767
196412,36.607142857142854
196501,38.44228187919465
196502,38.76666666666666
196503,39.509677419354865
196504,64.02733333333333
196505,70.24705882352939
196506,76.75466666666668
196507,84.62222222222218
196508,80.71935483870968
196509,72.50743243243244
196510,62.35548387096775
196511,54.34459459459461
196512,46.04563758389259
196601,31.446405228758167
196602,37.115217391304334
196603,53.457419354838734
196604,57.49266666666668
196605,68.38235294117648
196606,78.36133333333333
196607,85.94836601307192
196608,77.18645161290316
196609,70.17635135135134
196610,61.112258064516126
196611,52.79794520547945
196612,36.79470198675496
196701,40.10860927152315
196702,40.40507246376815
196703,55.19354838709676
196704,64.79800000000002
196705,65.88064516129032
196706,76.60800000000002
196707,78.07483870967744
196708,79.02903225806455
196709,69.06283783783783
196710,61.40774193548388
196711,46.65000000000001
196712,37.1384105960265
196801,35.43529411764705
196802,36.12758620689655
196803,50.09483870967742
196804,58.35200000000002
196805,64.77612903225804
196806,77.39933333333336
196807,81.05161290322579
196808,80.6445161290323
196809,71.52905405405406
196810,63.184516129032275
196811,45.930405405405395
196812,35.68431372549019
196901,36.71045751633987
196902,41.54782608695653
196903,41.13333333333333
196904,62.06866666666669
196905,69.24183006535945
196906,77.65600000000006
196907,88.22679738562091
196908,82.8238709677419
196909,74.49189189189187
196910,57.665806451612895
196911,49.88999999999999
196912,41.35309734513273
197001,31.43846153846154
197002,42.48902439024389
197003,44.6774193548387
197004,61.30222222222222
197005,72.82795698924731
197006,78.7777777777778
197007,83.98681318681318
197008,85.57096774193546
197009,75.2102272727273
197010,58.940860215053746
197011,45.65111111111109
197012,44.6054945054945
197101,35.5531914893617
197102,37.73780487804878
197103,50.61720430107526
197104,61.50222222222222
197105,68.37692307692309
197106,80.99666666666666
197107,82.91098901098903
197108,79.52580645161292
197109,74.20454545454545
197110,64.31123595505616
197111,50.43222222222223
197112,40.707692307692305
197201,33.9043956043956
197202,40.651764705882336
197203,54.59462365591396
197204,64.25111111111111
197205,68.65494505494506
197206,80.42666666666665
197207,81.2131868131868
197208,81.47634408602151
197209,75.52840909090911
197210,61.201123595505614
197211,43.22777777777778
197212,32.79310344827585
197301,33.06571428571429
197302,41.46818181818181
197303,54.89594594594592
197304,58.01392405063287
197305,69.83333333333333
197306,78.10147058823532
197307,82.36301369863008
197308,82.14342105263158
197309,71.78082191780824
197310,65.37391304347824
197311,54.20869565217391
197312,40.903225806451616
197401,35.55645161290322
197402,44.45932203389831
197403,55.11375
197404,62.3322580645161
197405,72.19292929292928
197406,75.59791666666662
197407,84.32156862745104
197408,78.31649484536081
197409,64.14673913043477
197410,62.31346153846154
197411,48.252173913043464
197412,39.301980198019805
197501,40.30238095238096
197502,34.850617283950626
197503,45.93125
197504,59.61315789473684
197505,68.55308641975304
197506,76.68260869565216
197507,80.83296703296702
197508,80.9903614457831
197509,69.46818181818183
197510,62.59438202247188
197511,51.029761904761905
197512,40.11770833333333
197601,38.5981308411215
197602,51.09799999999999
197603,53.40283018867925
197604,62.218095238095266
197605,64.04
197606,76.89484536082476
197607,80.3029702970297
197608,81.55500000000002
197609,71.34356435643565
197610,55.24787234042552
197611,43.44313725490198
197612,38.416666666666664
197701,30.099056603773576
197702,46.19130434782609
197703,54.851960784313746
197704,62.88367346938776
197705,72.97227722772276
197706,80.89042553191491
197707,84.95728155339805
197708,80.39626168224301
197709,77.07299999999995
197710,63.65728155339805
197711,52.06200000000002
197712,40.57963800904975
197801,27.29956521739129
197802,31.145581395348838
197803,47.19191489361702
197804,61.463285024154594
197805,64.74142259414226
197806,75.44909090909091
197807,82.97061403508773
197808,76.62456140350878
197809,72.99380530973451
197810,61.275925925925954
197811,50.832888888888895
197812,38.87468879668048
197901,26.352888888888888
197902,32.00132158590308
197903,51.52500000000001
197904,58.51171548117155
197905,66.2108208955224
197906,76.92142857142858
197907,81.65573122529646
197908,79.86995708154502
197909,72.4122641509434
197910,64.95367965367967
197911,46.588532110091755
197912,43.347867298578194
198001,37.59066666666667
198002,38.55742574257427
198003,47.426086956521736
198004,59.21954545454547
198005,68.36485355648537
198006,81.36428571428571
198007,89.64019138755984
198008,86.9675799086758
198009,77.22927927927928
198010,61.50610328638496
198011,49.890865384615374
198012,44.360101010101
198101,40.11741293532339
198102,44.129687499999996
198103,52.38106796116505
198104,67.26395939086292
198105,66.42429149797572
198106,79.57710843373494
198107,85.18941176470588
198108,79.80794979079498
198109,73.97916666666667
198110,59.56051282051282
198111,51.44010416666665
198112,39.74974619289338
198201,33.78666666666666
198202,35.49888888888889
198203,51.19732620320855
198204,56.94052631578948
198205,67.23279569892473
198206,72.58928571428571
198207,81.19358288770052
198208,83.1846994535519
198209,73.99244186046512
198210,61.39254658385094
198211,47.86333333333333
198212,41.974050632911386
198301,35.71988304093568
198302,39.813529411764705
198303,46.31731843575419
198304,52.271794871794874
198305,65.35597826086959
198306,73.21542857142857
198307,83.25878787878789
198308,85.18901734104044
198309,73.81555555555555
198310,62.447859922178985
198311,50.55222672064778
198312,24.955642023346297
198401,33.33861003861006
198402,45.89128630705395
198403,46.27176470588237
198404,57.279098360655716
198405,69.09166666666667
198406,80.39006849315068
198407,83.45249169435215
198408,83.66591639871382
198409,73.18368055555557
198410,62.149504950495036
198411,50.59183673469388
198412,43.55389830508474
198501,31.81262458471759
198502,37.95363636363636
198503,54.829558011049734
198504,65.16577540106954
198505,72.41766233766234
198506,77.53478260869564
198507,83.57246753246754
198508,82.45109489051093
198509,74.05375586854458
198510,61.95184331797236
198511,47.781264637002344
198512,35.20956719817767
198601,43.658198614318714
198602,44.42222222222222
198603,56.69512195121948
198604,63.846728971962605
198605,69.60428893905191
198606,78.94245939675172
198607,85.39816933638444
198608,79.35677570093458
198609,75.05976470588234
198610,62.214077669902885
198611,46.11683417085427
198612,41.193006993007
198701,37.01666666666666
198702,45.975255102040784
198703,51.07002341920374
198704,62.89906323185017
198705,73.20310262529831
198706,78.60229591836735
198707,81.58300000000001
198708,83.27362110311755
198709,73.5564516129032
198710,61.66562500000001
198711,52.24032258064515
198712,41.191256830601084
198801,35.03397590361445
198802,40.579480519480526
198803,50.489974937343355
198804,60.00404040404041
198805,71.60024813895784
198806,79.70775862068966
198807,81.64222873900292
198808,84.21343283582092
198809,74.15981595092026
198810,59.84415204678367
198811,52.15429447852762
198812,43.980421686747
198901,43.1701754385965
198902,32.77667638483963
198903,51.05738636363633
198904,63.65146198830409
198905,70.12673521850903
198906,75.26719160104984
198907,81.13908629441622
198908,79.07607052896722
198909,69.7662561576355
198910,64.81063291139246
198911,52.413888888888906
198912,31.707871720116614
199001,45.32492753623188
199002,45.94056603773584
199003,51.90084033613447
199004,59.48523316062181
199005,68.22354430379745
199006,82.72020725388604
199007,81.49251870324187
199008,82.61496259351618
199009,76.82687338501297
199010,61.852853598014875
199011,55.586513994910945
199012,36.08375350140055
199101,34.855831265508705
199102,49.64313186813188
199103,55.168486352357306
199104,63.77153846153846
199105,72.43351498637598
199106,79.28284023668638
199107,83.31807580174929
199108,81.32591549295776
199109,71.2675257731959
199110,64.48413978494624
199111,45.356571428571414
199112,44.70655737704918
199201,42.86737588652482
199202,50.15681818181819
199203,56.024087591240885
199204,61.6163120567376
199205,67.84829931972791
199206,75.0134328358209
199207,82.51800000000003
199208,76.54838709677419
199209,74.44999999999999
199210,65.43533333333332
199211,48.459999999999994
199212,41.53716216216215
199301,36.51620111731845
199302,39.79852941176468
199303,50.08323699421966
199304,58.525
199305,67.81720430107526
199306,78.39055555555554
199307,85.71030303030305
199308,83.85205479452054
199309,70.91484374999999
199310,58.69207317073172
199311,46.00519480519481
199312,43.554487179487154
199401,37.83161290322582
199402,39.89208633093525
199403,54.89182389937104
199404,61.561874999999986
199405,68.9267515923567
199406,82.3705882352941
199407,81.52948717948719
199408,81.94634146341461
199409,73.08820224719099
199410,64.29184782608696
199411,52.16494252873566
199412,43.239779005524866
199501,40.30111111111109
199502,46.65740740740742
199503,51.19418604651164
199504,58.95798816568046
199505,66.39606741573034
199506,76.46341463414636
199507,84.63375796178345
199508,84.44761904761901
199509,71.7745098039216
199510,64.91955307262573
199511,51.17455621301775
199512,41.23333333333334
199601,37.01270718232046
199602,46.07218934911243
199603,47.17076023391813
199604,61.479761904761894
199605,75.22397660818713
199606,80.9418994413408
199607,83.83459459459455
199608,79.91189189189195
199609,71.1688888888889
199610,61.28778280542989
199611,46.186666666666625
199612,41.78367346938778
199701,37.10813008130081
199702,43.9122448979592
199703,53.85827586206893
199704,55.980936454849484
199705,67.75987055016189
199706,76.50167785234905
199707,82.89870967741938
199708,79.19483870967741
199709,75.11866666666668
199710,62.02322580645158
199711,46.65366666666667
199712,38.926537216828464
199801,40.132580645161305
199802,45.17535714285718
199803,46.75806451612903
199804,58.2675585284281
199805,74.17652439024386
199806,81.85575757575754
199807,87.49729729729725
199808,84.4146627565982
199809,81.19181818181818
199810,64.55528700906348
199811,53.67908496732025
199812,41.501212121212106
199901,40.15890410958901
199902,50.05759493670886
199903,49.41142061281338
199904,61.56615384615391
199905,68.86650124069484
199906,76.15171503957788
199907,84.11850000000008
199908,85.26234096692112
199909,72.09056603773581
199910,63.142118863049134
199911,56.66197916666664
199912,43.372499999999945
200001,40.622546972860135
200002,48.62258771929825
200003,53.34093686354379
200004,59.85466101694917
200005,72.36473029045644
200006,74.83945147679322
200007,82.0802904564315
200008,87.14180327868843
200009,76.81410256410251
200010,64.62854330708655
200011,43.96802443991852
200012,31.74790419161677
200101,36.470318725099595
200102,41.47218543046358
200103,47.33087378640777
200104,65.40201612903226
200105,70.64594059405945
200106,79.02862903225804
200107,87.80764705882346
200108,84.34607843137249
200109,72.04867075664619
200110,62.22816901408446
200111,54.785376344086046
200112,44.32848484848488
200201,41.57819999999994
200202,42.34491150442479
200203,48.635166994106065
200204,62.33919191919191
200205,68.18022388059698
200206,78.29054054054048
200207,81.31165413533837
200208,82.75530726256981
200209,75.36038461538463
200210,58.001113172541785
200211,48.53333333333332
200212,42.15580952380955
200301,37.900941619585716
200302,39.69550102249491
200303,51.08708487084872
200304,63.17370441458732
200305,71.36703703703706
200306,75.61821631878553
200307,85.73846153846159
200308,84.55528756957337
200309,71.00449218749995
200310,64.17024029574866
200311,51.893822393822425
200312,43.81791044776122
200401,40.58651685393259
200402,40.60790513833994
200403,56.78221830985915
200404,61.55435897435902
200405,72.73236903831116
200406,75.581100795756
200407,79.10947309417037
200408,77.07919015889287
200409,74.89515778019586
200410,64.85037154989385
200411,51.56426694692592
200412,42.51302083333334
200501,40.069426751592346
200502,45.99282560706401
200503,51.27977811396877
200504,61.03866809881846
200505,68.78186475409835
200506,79.12312687312685
200507,81.3525700934579
200508,80.75018365472914
200509,76.86222430783668
200510,62.589926739926774
200511,53.61894934333957
200512,39.17118491921008
200601,47.907068965517254
200602,42.39280983916746
200603,54.841990602306694
200604,67.2067996373527
200605,71.9991412623444
200606,79.219683655536
200607,85.09273447820348
200608,84.58890852850205
200609,70.84102564102561
200610,61.04930710773357
200611,51.35686365751512
200612,42.511454965357956
200701,36.10022655188038
200702,41.04034146341463
200703,58.80926489778163
200704,56.30700636942675
200705,69.37154756685668
200706,75.15519630484985
200707,78.63388614970864
200708,82.765490375802
200709,74.30164684354985
200710,64.44339955849891
200711,51.74851752021564
200712,39.14482911673324
200801,39.04967462039044
200802,41.280474198047436
200803,51.67149028077752
200804,58.65325077399383
200805,69.92848537005163
200806,79.1160233393178
200807,82.46286574870912
200808,79.44182713837887
200809,70.44316513761467
200810,60.77304270462634
200811,51.58150837988826
200812,39.393601895734605
200901,37.61082949308756
200902,48.198913043478264
200903,53.850930232558134
200904,60.45796460176991
200905,66.70384615384617
200906,79.97158590308369
200907,80.56750000000001
