194109,63.46666666666666
194110,52.06451612903225
194111,41.94666666666665
194112,30.81290322580646
194201,23.558064516129026
194202,23.578571428571433
194203,38.00645161290322
194204,48.63666666666667
194205,60.58387096774192
194206,66.65333333333334
194207,69.95483870967742
194208,68.83870967741937
194209,61.80333333333335
194210,51.554838709677426
194211,38.84
194212,24.374193548387098
194301,20.512903225806447
194302,25.98928571428572
194303,31.777419354838706
194304,40.870000000000005
194305,57.22903225806451
194306,69.95999999999998
194307,72.57096774193548
194308,68.01290322580645
194309,60.0
194310,51.20000000000001
194311,39.20666666666668
194312,23.741935483870964
194401,25.245161290322578
194402,24.506896551724136
194403,31.23548387096774
194404,42.50333333333334
194405,63.164516129032265
194406,66.55666666666667
194407,72.53225806451611
194408,72.6806451612903
194409,62.82999999999999
194410,49.66774193548385
194411,38.873333333333335
194412,25.532258064516117
194501,19.174193548387095
194502,26.439285714285717
194503,42.658064516129045
194504,51.22666666666667
194505,53.4
194506,65.73333333333333
194507,70.52903225806455
194508,68.68064516129033
194509,63.96
194510,48.841935483870955
194511,40.42333333333333
194512,23.474193548387102
194601,23.10967741935484
194602,22.675000000000004
194603,43.8258064516129
194604,43.88000000000001
194605,56.30967741935484
194606,65.96
194607,69.95806451612903
194608,65.12903225806453
194609,63.153333333333336
194610,52.893548387096764
194611,43.10000000000001
194612,28.374193548387098
194701,25.54838709677419
194702,25.17500000000001
194703,34.009677419354844
194704,44.01
194705,55.167741935483875
194706,63.50000000000001
194707,73.86818181818184
194708,73.07580645161292
194709,64.27796610169491
194710,61.05849056603774
194711,40.27333333333333
194712,27.523728813559316
194801,19.176923076923075
194802,21.78048780487805
194803,35.51290322580645
194804,46.583333333333336
194805,53.69462365591398
194806,63.146666666666675
194807,73.95434782608694
194808,72.77826086956522
194809,64.58333333333334
194810,51.74086021505376
194811,45.798876404494386
194812,31.851612903225803
194901,29.469677419354834
194902,29.25857142857143
194903,36.491612903225814
194904,48.53066666666667
194905,58.2316129032258
194906,70.458
194907,73.47483870967743
194908,70.97870967741935
194909,59.61610738255033
194910,54.51310344827586
194911,36.821111111111115
194912,29.303296703296702
195001,28.365934065934066
195002,20.821428571428573
195003,28.33655913978494
195004,43.615555555555574
195005,56.84623655913978
195006,67.22666666666666
195007,70.58260869565218
195008,67.96813186813186
195009,54.57666666666665
195010,51.45591397849463
195011,41.97191011235954
195012,28.8247311827957
195101,26.13913043478261
195102,27.210714285714282
195103,34.90575539568344
195104,47.432432432432435
195105,57.04645161290323
195106,63.80999999999999
195107,69.9258064516129
195108,66.53145161290323
195109,59.6575
195110,49.773387096774194
195111,34.618333333333325
195112,25.823387096774205
195201,24.85887096774194
195202,26.23706896551724
195203,32.39274193548386
195204,47.13666666666666
195205,53.31370967741937
195206,67.47416666666666
195207,73.73548387096771
195208,68.45322580645161
195209,61.19583333333334
195210,47.279032258064504
195211,38.637499999999996
195212,29.45483870967742
195301,27.61532258064516
195302,28.52321428571429
195303,35.5766129032258
195304,45.396666666666654
195305,57.10887096774195
195306,67.02583333333334
195307,70.5467741935484
195308,66.5733870967742
195309,61.145
195310,50.257258064516144
195311,40.76833333333333
195312,33.13629032258064
195401,19.035483870967738
195402,29.44642857142858
195403,33.1282258064516
195404,45.874166666666675
195405,53.81209677419355
195406,64.61000000000004
195407,67.78629032258064
195408,65.18951612903226
195409,58.17833333333333
195410,53.31935483870968
195411,38.94666666666667
195412,27.732258064516124
195501,21.42741935483871
195502,26.77857142857143
195503,32.03467741935483
195504,46.38416666666668
195505,60.11774193548389
195506,64.81083333333335
195507,74.96532258064515
195508,71.98629032258064
195509,59.271666666666654
195510,49.83870967741934
195511,35.35166666666667
195512,17.890322580645154
195601,24.229032258064514
195602,24.945283018867922
195603,25.77903225806451
195604,42.34571428571429
195605,53.422580645161304
195606,67.32222222222221
195607,68.58655913978494
195608,68.38548387096773
195609,57.0161111111111
195610,50.4241935483871
195611,40.821111111111094
195612,29.645161290322577
195701,17.181182795698927
195702,29.885119047619053
195703,35.34462365591398
195704,47.79611111111112
195705,57.703225806451606
195706,68.75
195707,69.98655913978496
195708,66.21451612903226
195709,63.034444444444446
195710,50.98064516129032
195711,42.661111111111104
195712,34.43118279569893
195801,25.820430107526885
195802,20.509523809523813
195803,36.46182795698925
195804,47.06333333333333
195805,54.72634408602152
195806,62.38944444444446
195807,70.06021505376344
195808,69.46021505376343
195809,61.42833333333331
195810,48.623655913978496
195811,40.20666666666667
195812,19.774731182795698
195901,22.159358288770054
195902,21.50714285714286
195903,32.74838709677419
195904,45.945
195905,60.65591397849463
195906,63.076666666666675
195907,72.39032258064516
195908,70.87204301075269
195909,63.711666666666666
195910,50.36290322580646
195911,39.790555555555564
195912,30.701075268817213
196001,24.893010752688173
196002,30.356321839080454
196003,28.96881720430108
196004,45.8188888888889
196005,58.77150537634409
196006,66.97388888888891
196007,70.14677419354838
196008,68.95913978494625
196009,60.76444444444446
196010,48.94516129032259
196011,41.36277777777779
196012,22.9494623655914
196101,17.081182795698922
196102,26.144047619047623
196103,33.15537634408602
196104,43.16
196105,54.443548387096776
196106,66.85
196107,69.42150537634407
196108,69.05913978494624
196109,66.78722222222223
196110,52.475806451612904
196111,40.56499999999999
196112,27.916129032258063
196201,22.362365591397847
196202,20.744642857142853
196203,34.78602150537634
196204,46.41000000000002
196205,55.339784946236556
196206,66.92555555555556
196207,67.28494623655915
196208,67.55322580645161
196209,59.102777777777774
196210,49.59193548387096
196211,36.96055555555555
196212,24.514516129032256
196301,23.188709677419368
196302,20.227380952380948
196303,35.07473118279571
196304,45.35944444444446
196305,56.94301075268819
196306,67.28944444444444
196307,72.4483870967742
196308,66.4510752688172
196309,57.89277777777778
196310,54.82580645161291
196311,43.22722222222222
196312,19.162365591397847
196401,24.654301075268812
196402,24.05680473372781
196403,35.046774193548394
196404,44.43055555555554
196405,61.10752688172044
196406,67.30111111111111
196407,71.30913978494621
196408,64.80913978494621
196409,59.44166666666667
196410,49.38763440860216
196411,39.61277777777777
196412,27.226344086021502
196501,22.077564102564104
196502,24.536428571428573
196503,34.005161290322576
196504,43.852
196505,60.33677419354839
196506,66.97733333333332
196507,70.81290322580645
196508,69.79290322580646
196509,62.18866666666666
196510,49.87870967741935
196511,37.92533333333333
196512,29.9516129032258
196601,24.150967741935485
196602,24.99285714285715
196603,34.98064516129032
196604,40.86222222222222
196605,52.752688172043
196606,64.88999999999999
196607,70.68319327731092
196608,68.5748387096774
196609,57.78533333333333
196610,48.72322580645161
196611,42.58733333333333
196612,28.927741935483873
196701,28.105806451612896
196702,20.270714285714288
196703,29.656129032258065
196704,43.25866666666666
196705,51.147741935483886
196706,68.37533333333334
196707,71.93870967741935
196708,69.98
196709,61.97200000000001
196710,52.069032258064524
196711,36.013333333333335
196712,30.078064516129036
196801,19.388387096774192
196802,21.608275862068965
196803,36.509032258064515
196804,49.59933333333333
196805,54.97999999999998
196806,63.155797101449274
196807,70.57204301075268
196808,66.09677419354841
196809,60.94666666666665
196810,52.324731182795695
196811,36.3811111111111
196812,24.795698924731184
196901,24.047311827956996
196902,25.58452380952382
196903,30.88817204301075
196904,45.23555555555557
196905,54.491397849462366
196906,64.6588888888889
196907,66.67419354838708
196908,71.60430107526882
196909,59.94999999999999
196910,49.438709677419354
196911,40.703333333333326
196912,27.252688172043005
197001,15.825806451612904
197002,25.644047619047623
197003,32.65483870967742
197004,44.82666666666666
197005,57.44516129032257
197006,64.86555555555555
197007,71.36559139784946
197008,70.63978494623656
197009,61.919999999999995
197010,52.23870967741935
197011,42.32333333333333
197012,23.753763440860208
197101,17.8741935483871
197102,26.24761904761904
197103,33.354838709677416
197104,42.53666666666666
197105,54.44946236559141
197106,66.53222222222222
197107,69.99677419354839
197108,69.83118279569891
197109,63.3611111111111
197110,53.96236559139786
197111,36.824444444444445
197112,28.90645161290322
197201,25.9
197202,23.657471264367814
197203,32.60645161290323
197204,41.81888888888888
197205,57.051612903225816
197206,63.63888888888891
197207,70.57311827956988
197208,67.6774193548387
197209,62.74666666666666
197210,46.124731182795706
197211,35.2511111111111
197212,25.719354838709684
197301,17.764968152866242
197302,17.406428571428574
197303,30.456774193548387
197304,39.451063829787216
197305,47.23696682464454
197306,60.41000000000002
197307,65.42608695652173
197308,64.38974358974357
197309,53.19111111111111
197310,43.22201257861632
197311,30.813605442176872
197312,27.532258064516128
197401,17.726451612903233
197402,15.487857142857141
197403,23.165161290322597
197404,39.5456043956044
197405,45.0887323943662
197406,56.31483516483516
197407,61.8473933649289
197408,62.230845771144274
197409,53.91875000000001
197410,38.485365853658536
197411,35.15263157894737
197412,25.93618090452262
197501,21.607692307692307
197502,17.228481012658232
197503,24.315976331360943
197504,30.61728395061729
197505,48.401898734177216
197506,55.213125000000026
197507,63.08639053254435
197508,60.464088397790086
197509,52.8351219512195
197510,47.530223880597
197511,40.7004132231405
197512,25.211832061068698
197601,19.587407407407404
197602,26.52442748091602
197603,31.49687499999999
197604,45.063235294117646
197605,52.01562499999998
197606,65.41967213114754
197607,64.84615384615385
197608,64.69613259668509
197609,57.2214689265537
197610,45.08351648351647
197611,32.89583333333334
197612,19.578296703296708
197701,15.080726256983237
197702,22.834545454545445
197703,35.23546099290781
197704,41.94639175257731
197705,54.97783375314861
197706,59.34727722772279
197707,66.3315649867374
197708,64.6707317073171
197709,56.37824933687002
197710,46.653050397878
197711,39.435632183908034
197712,23.12849162011173
197801,19.201891891891886
197802,17.01075949367089
197803,27.44194444444444
197804,38.94883720930235
197805,54.364469914040114
197806,61.251234567901264
197807,66.11062499999996
197808,65.18184523809524
197809,55.69916201117317
197810,45.83956043956044
197811,36.00388888888888
197812,24.799456521739142
197901,22.267204301075267
197902,14.528143712574854
197903,35.01756756756757
197904,41.34277456647398
197905,55.11229508196722
197906,62.335875706214715
197907,68.36022408963582
197908,63.875
197909,57.326988636363666
197910,46.31456043956044
197911,41.2735632183908
197912,28.213315217391294
198001,22.093484419263454
198002,19.256104651162783
198003,29.76936416184971
198004,42.36775147928993
198005,54.077118644067795
198006,59.587125748503034
198007,67.87011494252873
198008,66.36109510086455
198009,58.35289017341043
198010,43.90657142857143
198011,33.28579881656803
198012,18.96558823529412
198101,12.890087463556855
198102,29.738291139240506
198103,31.647988505747126
198104,44.058720930232546
198105,55.15819209039549
198106,63.36802325581397
198107,67.39917127071824
198108,64.66444444444444
198109,55.530999999999985
198110,43.88
198111,36.46
198112,25.932317073170722
198201,11.38857142857143
198202,20.64782608695652
198203,28.437583892617454
198204,37.749664429530185
198205,53.34254658385092
198206,57.537272727272715
198207,66.65764331210192
198208,61.944674556213
198209,57.773192771084354
198210,46.96205882352943
198211,39.79692307692307
198212,30.505899705014766
198301,22.190881458966565
198302,25.160371517027862
198303,32.96510989010988
198304,42.210204081632675
198305,51.01994459833795
198306,63.547462686567165
198307,67.91743119266054
198308,65.84373177842564
198309,60.31854103343466
198310,46.8530674846626
198311,37.2705128205128
198312,23.035759493670888
198401,17.229073482428117
198402,28.413013698630138
198403,24.66523178807947
198404,41.864808362369324
198405,51.008982035928135
198406,62.89050632911392
198407,66.08633093525182
198408,66.97916666666664
198409,54.51593220338983
198410,48.78017751479289
198411,36.57564935064936
198412,29.196825396825393
198501,14.193856655290094
198502,23.383512544802848
198503,30.869696969696985
198504,41.44652777777778
198505,53.23451327433628
198506,58.39320987654319
198507,66.30739549839225
198508,63.14290322580647
198509,57.941558441558406
198510,47.24935897435898
198511,36.93007246376809
198512,21.111418685121105
198601,21.2270358306189
198602,20.127797833935023
198603,32.73301886792454
198604,45.73936781609195
198605,54.735593220339005
198606,58.57846153846147
198607,64.75072463768117
198608,63.51111111111109
198609,54.98978978978981
198610,46.810989010989005
198611,34.21162790697675
198612,27.84447513812157
198701,20.978431372549007
198702,20.866463414634147
198703,33.25972222222222
198704,43.91681681681681
198705,54.45312500000001
198706,61.853750000000026
198707,67.67387640449435
198708,64.05893854748605
198709,57.57752808988764
198710,45.752762430939214
198711,36.77359550561798
198712,28.33801652892562
198801,20.159002770083113
198802,23.556269113149856
198803,31.426038781163427
198804,41.561695906432746
198805,54.672222222222224
198806,61.704802259887046
198807,69.27589041095892
198808,69.71411483253587
198809,58.29294710327455
198810,44.496499999999976
198811,38.6943181818182
198812,23.62197802197802
198901,24.979178082191776
198902,21.800000000000004
198903,29.06250000000002
198904,37.379513888888894
198905,54.02258064516128
198906,60.482608695652125
198907,63.79078341013819
198908,61.33282828282829
198909,56.15391304347828
198910,45.57817460317459
198911,33.17016129032256
198912,8.853629032258072
199001,27.660387811634347
199002,25.459580838323348
199003,33.53125000000001
199004,43.634261838440096
199005,50.40752688172044
199006,63.12200557103065
199007,68.68888888888888
199008,68.22849462365589
199009,58.32972222222222
199010,51.31680216802165
199011,39.725915492957746
199012,31.297222222222217
199101,21.540983606557376
199102,27.451785714285716
199103,34.36666666666666
199104,44.92228739002934
199105,56.82232415902141
199106,62.26190476190475
199107,66.26363636363635
199108,66.35958083832335
199109,54.503921568627455
199110,49.235795454545475
199111,38.70812500000001
199112,27.04839743589744
199201,22.691282051282048
199202,25.020533333333336
199203,29.031969309462927
199204,40.17676240208876
199205,52.05497382198954
199206,61.72841530054645
199207,63.36650124069479
199208,63.990074441687355
199209,57.762564102564106
199210,43.918453865336645
199211,35.08226221079691
199212,26.679900744416866
199301,23.102873563218385
199302,15.94108280254777
199303,28.945058139534876
199304,42.85
199305,53.50699708454809
199306,61.38277945619335
199307,67.1558479532164
199308,66.25425219941347
199309,56.5369696969697
199310,43.92228739002932
199311,36.473913043478255
199312,26.85601173020528
199401,12.258651026392965
199402,17.655194805194803
199403,30.543695014662756
199404,43.130792682926824
199405,50.81740412979351
199406,64.39515151515153
199407,69.11150442477877
199408,64.04398826979474
199409,55.71097560975611
199410,46.896735905044494
199411,39.70636363636362
199412,30.17917888563049
199501,26.78149253731342
199502,19.521103896103902
199503,33.507647058823544
199504,38.33030303030304
199505,50.99736070381231
199506,64.10457317073174
199507,68.76036036036035
199508,65.86158357771264
199509,55.51748466257668
199510,50.0692082111437
199511,33.14272727272728
199512,21.360049627791568
199601,20.035235732009927
199602,20.73368700265252
199603,27.357462686567175
199604,40.432820512820506
199605,50.461042183622816
199606,62.453984575835435
199607,65.10415512465379
199608,65.7652605459057
199609,58.08641025641024
199610,45.57419354838707
199611,32.66211340206185
199612,30.649379652605464
199701,19.961152882205514
199702,26.754670329670333
199703,27.79653579676674
199704,39.25089285714288
199705,48.56377440347072
199706,63.17199999999999
199707,65.74026258205693
199708,63.826781857451394
199709,56.58888888888889
199710,44.83440860215055
199711,33.82044444444443
199712,26.815334773218144
199801,25.91276595744682
199802,29.315075376884415
199803,34.049462365591374
199804,43.15924170616115
199805,56.47146067415733
199806,60.64457831325302
199807,66.76634146341468
199808,66.1075117370892
199809,58.86285714285717
199810,47.199530516431956
199811,36.293779904306184
199812,29.90187793427229
199901,20.173571428571424
199902,25.502777777777784
199903,31.53844393592677
199904,41.82177777777781
199905,55.044516129032246
199906,65.55755555555555
199907,68.73569892473117
199908,64.2262365591398
199909,60.857142857142875
199910,43.65530474040629
199911,39.3422018348624
199912,27.378279569892474
200001,17.928888888888896
200002,24.290744101633393
200003,35.85874363327673
200004,41.553157894736785
200005,53.01765704584044
200006,61.96060070671373
200007,63.70645161290319
200008,63.80954003407157
200009,56.760460992907824
200010,45.89369676320273
200011,36.61370826010543
200012,20.36893039049236
200101,20.229881154499147
200102,22.091165413533833
200103,27.708149405772513
200104,41.197872340425555
200105,55.40357751277682
200106,64.97333333333334
200107,64.52614601018679
200108,69.10674157303372
200109,58.72285714285716
200110,48.39600614439324
200111,40.04714285714285
200112,31.65929339477725
200201,27.567180277349784
200202,27.180272108843543
200203,32.12996941896026
200204,44.20444444444445
200205,51.171791044776114
200206,60.931645569620244
200207,68.24567164179105
200208,68.4284660766962
200209,61.76330275229356
200210,44.79208211143693
200211,34.72484756097558
200212,24.500586510263933
200301,13.644130757800886
200302,18.32781456953641
200303,30.455588235294123
200304,40.11146788990821
200305,51.911470588235275
200306,62.58509316770182
200307,68.69824046920819
200308,67.98123076923078
200309,59.98928024502297
200310,46.06592920353982
200311,38.33313069908815
200312,26.962688821752238
200401,12.411686390532543
200402,23.250315457413254
200403,33.01217008797653
200404,43.700909090909086
200405,55.407814992025536
200406,61.40929487179486
200407,66.75586510263932
200408,66.41348973607036
200409,59.529090909090904
200410,47.126539589442814
200411,37.38730407523511
200412,25.562652439024376
200501,18.19388489208634
200502,23.755753968253956
200503,27.913718411552342
200504,44.25277777777778
200505,48.22293906810037
200506,65.55074906367042
200507,68.54422382671483
200508,68.03172043010753
200509,61.778333333333336
200510,48.92921146953406
200511,37.82722222222226
200512,24.165591397849465
200601,27.70430711610487
200602,22.738056680161947
200603,30.418279569892483
200604,44.04351851851849
200605,52.80773381294968
200606,63.18513011152416
200607,69.95197841726625
200608,63.811111111111096
200609,57.02555555555556
200610,46.09154929577466
200611,41.84915824915825
200612,32.38338709677422
200701,22.922617124394193
200702,16.480714285714285
200703,29.508637873754154
200704,39.61505016722406
200705,54.50776699029128
200706,62.30420875420877
200707,65.63713355048861
200708,65.61821305841923
200709,59.37235494880548
200710,51.65619047619047
200711,34.37929936305735
200712,23.5405529953917
200801,23.810138248847924
200802,23.929251700680265
200803,28.775576036866354
200804,43.954792332268404
200805,51.52639751552794
200806,63.51382636655947
200807,67.95775729646695
200808,63.27210031347963
200809,58.34222222222223
200810,45.31874039938557
200811,37.44126984126983
200812,29.226086956521737
200901,17.721505376344084
200902,25.319047619047616
200903,32.117204301075276
200904,45.07888888888888
200905,54.03118279569893
200906,59.60222222222222
200907,60.79583333333333
