193610,58.57419354838708
193611,43.776666666666664
193612,37.79032258064516
193701,41.5258064516129
193702,35.153571428571425
193703,39.53225806451613
193704,51.723333333333336
193705,64.71935483870968
193706,73.25666666666666
193707,76.52580645161291
193708,76.12903225806451
193709,65.27333333333334
193710,54.79999999999999
193711,44.97333333333333
193712,35.012903225806454
193801,33.6
193802,37.48571428571428
193803,45.58709677419354
193804,54.823333333333316
193805,61.741935483870954
193806,71.29
193807,76.67096774193548
193808,77.59032258064518
193809,66.40333333333335
193810,56.983870967741936
193811,47.673333333333325
193812,36.87096774193548
193901,34.52258064516129
193902,38.64999999999999
193903,42.17741935483871
193904,50.690000000000005
193905,65.56129032258066
193906,73.55333333333334
193907,75.03225806451616
193908,77.7709677419355
193909,68.77666666666667
193910,56.63870967741937
193911,43.936666666666675
193912,37.76129032258065
194001,23.16451612903226
194002,34.344827586206904
194003,37.63225806451614
194004,48.11666666666665
194005,62.2258064516129
194006,72.00666666666666
194007,75.9193548387097
194008,72.51290322580644
194009,65.77999999999999
194010,52.974193548387106
194011,46.18666666666666
194012,39.99677419354839
194101,32.25806451612904
194102,31.585714285714293
194103,37.31935483870968
194104,57.88666666666667
194105,65.25806451612904
194106,71.19
194107,76.37419354838711
194108,74.55806451612905
194109,71.41000000000003
194110,62.603225806451604
194111,48.456666666666685
194112,39.59354838709677
194201,32.93225806451613
194202,32.16428571428571
194203,44.780645161290316
194204,55.15
194205,66.9483870967742
194206,72.84333333333332
194207,77.23870967741935
194208,74.0258064516129
194209,69.2
194210,58.970967741935496
194211,47.419999999999995
194212,32.458064516129035
194301,32.93548387096774
194302,35.01428571428572
194303,41.51290322580645
194304,47.96333333333333
194305,64.48387096774194
194306,77.18666666666668
194307,75.82903225806452
194308,75.64516129032259
194309,65.36999999999999
194310,53.45806451612902
194311,43.50333333333333
194312,33.058064516129036
194401,33.18064516129032
194402,34.01724137931035
194403,39.08387096774194
194404,49.660000000000004
194405,67.66451612903225
194406,72.08999999999999
194407,77.21612903225805
194408,74.60322580645159
194409,67.90333333333335
194410,53.89032258064516
194411,44.93
194412,31.574193548387083
194501,28.535483870967738
194502,35.42857142857143
194503,53.83790322580645
194504,57.92166666666665
194505,62.68455284552844
194506,74.52166666666669
194507,76.80322580645164
194508,75.10887096774194
194509,72.2747899159664
194510,58.446774193548386
194511,49.72933333333332
194512,32.63612903225806
194601,36.230322580645165
194602,38.06637168141594
194603,52.48225806451613
194604,54.9875
194605,65.44838709677418
194606,72.26333333333332
194607,76.78709677419353
194608,72.30483870967741
194609,70.05000000000001
194610,60.66075268817204
194611,51.09777777777777
194612,39.871264367816096
194701,40.31576086956521
194702,30.44464285714286
194703,38.91559139784947
194704,55.02277777777779
194705,63.753225806451624
194706,71.82384105960267
194707,75.95666666666664
194708,77.99886363636362
194709,69.79534883720933
194710,62.87247191011237
194711,45.139655172413796
194712,35.329670329670336
194801,28.07417840375587
194802,34.16896551724137
194803,46.001843317972366
194804,54.35761904761904
194805,63.461290322580645
194806,72.20904761904761
194807,76.90230414746546
194808,74.63870967741934
194809,68.59238095238095
194810,55.52903225806452
194811,51.62238095238095
194812,39.28248847926267
194901,40.732653061224504
194902,41.764573991031384
194903,45.07782258064517
194904,53.743096234309625
194905,64.57741935483871
194906,74.48874999999998
194907,80.13225806451614
194908,76.5108870967742
194909,66.03666666666668
194910,62.13967611336033
194911,47.21333333333333
194912,39.47499999999999
195001,44.774193548387096
195002,36.58883928571428
195003,40.0834677419355
195004,50.39958333333334
195005,62.33911290322581
195006,72.61749999999999
195007,75.21451612903228
195008,74.2282258064516
195009,65.66166666666668
195010,59.471370967741954
195011,46.56916666666664
195012,34.056048387096766
195101,37.02016129032258
195102,36.697321428571435
195103,44.01411290322581
195104,54.40874999999998
195105,64.01290322580644
195106,72.31375000000001
195107,77.6701612903226
195108,75.22137096774195
195109,69.24541666666666
195110,60.71133603238868
195111,42.5875
195112,38.27894736842106
195201,38.687903225806444
195202,39.335344827586205
195203,42.354435483870965
195204,56.23083333333334
195205,62.9741935483871
195206,75.83249999999998
195207,79.92983870967743
195208,75.41250000000001
195209,68.32416666666667
195210,54.386290322580656
195211,47.456666666666685
195212,38.18588709677421
195301,39.570564516129025
195302,41.013392857142875
195303,45.7451612903226
195304,54.61004184100418
195305,67.65080645161288
195306,73.65666666666667
195307,79.2084677419355
195308,76.44517543859651
195309,69.76017699115042
195310,60.16188524590163
195311,47.24510638297871
195312,40.39262295081967
195401,34.51934156378601
195402,42.31262135922331
195403,44.00081967213115
195404,58.30042372881354
195405,61.98806584362138
195406,74.23262711864407
195407,78.39098360655736
195408,74.77613168724281
195409,71.6542372881356
195410,62.61893004115226
195411,45.68547008547011
195412,37.006967213114756
195501,34.380425531914895
195502,36.709900990099015
195503,47.44868421052631
195504,57.74128440366972
195505,67.195
195506,70.69545454545455
195507,82.13535911602212
195508,78.71813186813185
195509,69.83636363636361
195510,60.811173184357536
195511,45.72272727272727
195512,33.24666666666668
195601,34.101117318435755
195602,40.478235294117646
195603,42.5021978021978
195604,53.19885714285713
195605,62.99395604395604
195606,74.17102272727273
195607,76.37292817679558
195608,75.84175824175824
195609,66.86914285714286
195610,59.66923076923074
195611,47.55681818181818
195612,44.681290322580644
195701,31.847252747252746
195702,39.94024390243902
195703,44.461797752808984
195704,57.209302325581376
195705,65.92865168539325
195706,75.71117647058827
195707,78.00000000000001
195708,74.52033898305083
195709,70.72222222222223
195710,55.066853932584266
195711,49.14210526315792
195712,40.795541401273894
195801,33.79455782312925
195802,31.178625954198473
195803,40.87793103448277
195804,56.2274647887324
195805,64.0972602739726
195806,70.8872340425532
195807,78.91768707482991
195808,75.36137931034482
195809,69.01619718309858
195810,58.45306122448979
195811,50.321428571428555
195812,32.07142857142858
195901,33.79137931034482
195902,37.40576923076923
195903,45.00782608695651
195904,58.358035714285734
195905,69.27894736842107
195906,75.85089285714288
195907,78.51864406779661
195908,79.60614035087724
195909,73.17321428571427
195910,61.51304347826086
195911,47.29009009009009
195912,40.85862068965518
196001,37.557894736842094
196002,37.96296296296299
196003,35.749999999999986
196004,61.17747747747748
196005,64.2869565217391
196006,74.72053571428576
196007,76.35724137931032
196008,77.97891156462588
196009,70.5478873239437
196010,58.88620689655173
196011,49.94184397163123
196012,31.66041666666668
196101,30.386896551724135
196102,38.31538461538463
196103,46.57482993197279
196104,52.28
196105,62.212925170068
196106,73.33169014084505
196107,78.54551724137929
196108,76.80680272108843
196109,74.88652482269502
196110,60.57586206896553
196111,50.5780487804878
196112,36.90722891566266
196201,33.57391304347825
196202,33.44166666666666
196203,43.89807692307693
196204,55.90588235294117
196205,67.8277777777778
196206,73.86666666666669
196207,74.94150943396227
196208,76.38148148148149
196209,66.41000000000003
196210,59.75925925925926
196211,45.07884615384616
196212,31.723076923076924
196301,30.564150943396225
196302,29.181250000000002
196303,47.16923076923078
196304,57.44807692307692
196305,64.07407407407406
196306,74.26599999999999
196307,79.03148148148148
196308,75.11320754716981
196309,66.82352941176471
196310,61.71851851851852
196311,51.59333333333335
196312,32.806451612903224
196401,38.05806451612903
196402,36.489655172413784
196403,47.04838709677419
196404,54.68666666666665
196405,68.33548387096772
196406,74.99666666666666
196407,77.61612903225809
196408,74.41612903225807
196409,69.17666666666668
196410,55.53548387096774
196411,51.903333333333336
196412,41.2225806451613
196501,32.60967741935484
196502,35.62142857142857
196503,40.477419354838716
196504,51.24000000000001
196505,67.9016129032258
196506,70.9
196507,76.33548387096775
196508,75.34354838709676
196509,70.84500000000001
196510,55.32258064516129
196511,47.81500000000001
196512,39.803225806451614
196601,31.748214285714287
196602,33.44081632653061
196603,45.17777777777777
196604,50.72156862745098
196605,62.91730769230769
196606,74.47884615384613
196607,80.04509803921569
196608,77.2851851851852
196609,66.83529411764705
196610,55.43396226415094
196611,48.265306122448976
196612,37.05576923076923
196701,38.93653846153846
196702,33.28936170212766
196703,42.98148148148148
196704,54.614
196705,58.764150943396224
196706,73.58269230769231
196707,76.31568627450982
196708,74.35185185185185
196709,67.182
196710,57.337735849056614
196711,42.378000000000014
196712,40.227450980392156
196801,30.894047619047623
196802,33.11666666666667
196803,47.679518072289156
196804,55.82804878048781
196805,61.86071428571428
196806,73.85125
196807,79.05952380952382
196808,77.8904761904762
196809,67.99499999999999
196810,58.95322580645161
196811,48.63833333333331
196812,35.580645161290306
196901,32.51290322580646
196902,34.778571428571425
196903,40.30967741935484
196904,55.958333333333336
196905,64.55806451612902
196906,74.12833333333333
196907,76.67903225806451
196908,75.10967741935481
196909,68.26166666666664
196910,56.9032258064516
196911,45.76666666666667
196912,36.03387096774195
197001,28.44677419354839
197002,35.88750000000001
197003,40.08387096774193
197004,52.71333333333333
197005,65.3774193548387
197006,72.11166666666665
197007,77.50267857142858
197008,78.27543859649124
197009,73.8390909090909
197010,61.649137931034495
197011,49.79245283018869
197012,39.973214285714285
197101,31.9418439716312
197102,38.41847826086956
197103,42.33846153846152
197104,54.256521739130434
197105,63.03310344827587
197106,75.0042857142857
197107,77.35248226950353
197108,75.6296551724138
197109,72.12746478873238
197110,64.1455782312925
197111,48.138571428571424
197112,45.14255319148936
197201,39.23795620437956
197202,36.019999999999996
197203,44.391034482758634
197204,53.37794117647059
197205,64.34125874125874
197206,69.6525
197207,77.59574468085108
197208,76.2530612244898
197209,70.8804347826087
197210,55.93655172413793
197211,46.84295774647888
197212,43.48391608391609
197301,38.21621621621622
197302,35.58955223880596
197303,48.02361111111111
197304,54.60416666666668
197305,62.15833333333334
197306,77.35
197307,78.37462686567162
197308,78.88059701492537
197309,73.17647058823529
197310,62.19402985074627
197311,52.08196721311473
197312,40.92156862745098
197401,39.06666666666666
197402,37.531578947368416
197403,46.11935483870967
197404,57.543478260869584
197405,65.94166666666665
197406,71.99130434782609
197407,78.8608695652174
197408,78.0086956521739
197409,69.77826086956524
197410,56.26800000000001
197411,49.86521739130434
197412,40.14761904761905
197501,38.715999999999994
197502,39.28181818181818
197503,43.42000000000001
197504,52.808333333333316
197505,69.02549019607845
197506,75.65333333333335
197507,79.26521739130432
197508,79.03749999999998
197509,67.66782608695655
197510,61.96894736842105
197511,52.6089947089947
197512,38.88453608247424
197601,31.090306122448983
197602,42.59574468085106
197603,46.85837563451777
197604,56.333499999999994
197605,62.1615
197606,73.63108808290156
197607,75.375
197608,74.67165775401068
197609,68.53617021276597
197610,53.89227053140098
197611,41.303960396039614
197612,33.55499999999999
197701,25.697285067873313
197702,36.245714285714286
197703,49.26812227074237
197704,58.3224880382775
197705,66.79896907216497
197706,73.04918918918918
197707,79.86479591836735
197708,78.3855072463768
197709,73.60932642487046
197710,58.41673469387755
197711,51.409163346613546
197712,37.90272373540856
197801,31.014176245210724
197802,29.286974789915963
197803,41.80038167938932
197804,55.482196969696965
197805,63.36296296296298
197806,73.63137254901957
197807,75.80637450199204
197808,79.30036101083031
197809,71.71299212598426
197810,59.436431226765805
197811,52.06206896551724
197812,41.86548672566371
197901,34.48634686346863
197902,28.551260504201682
197903,47.92214022140221
197904,54.31196911196912
197905,65.40479704797048
197906,70.63384615384616
197907,75.77148288973385
197908,75.88365758754863
197909,70.15669291338581
197910,57.820676691729325
197911,53.07966101694914
197912,40.80037878787878
198001,36.077238805970154
198002,33.2
198003,42.77122302158275
198004,56.074242424242435
198005,67.03333333333332
198006,72.62690763052208
198007,80.31020408163266
198008,80.28533333333328
198009,73.97154471544717
198010,57.61026490066227
198011,46.75483870967741
198012,37.49967948717951
198101,29.921321321321315
198102,39.04133333333333
198103,43.150000000000006
198104,57.36340694006308
198105,63.44637223974766
198106,75.43517915309447
198107,78.46978193146418
198108,75.45634674922603
198109,69.09453376205788
198110,56.438291139240555
198111,48.45849673202616
198112,36.647484276729564
198201,27.408360128617364
198202,36.01378091872792
198203,43.70434782608695
198204,54.213095238095235
198205,68.62622950819673
198206,71.7936416184971
198207,78.66144578313252
198208,74.83347639484977
198209,69.36806083650193
198210,58.96445182724252
198211,51.43509433962264
198212,44.29274447949527
198301,36.59822064056939
198302,37.465037593984974
198303,46.00281690140845
198304,52.8462962962963
198305,62.7344086021505
198306,74.47653429602887
198307,80.50716845878136
198308,79.02664359861589
198309,71.6090579710145
198310,59.93564013840828
198311,49.8257462686567
198312,36.253472222222236
198401,30.836134453781504
198402,41.470000000000006
198403,39.11877551020408
198404,53.44778761061947
198405,63.6760299625468
198406,75.8507194244604
198407,76.56608996539791
198408,77.58979591836734
198409,68.0650909090909
198410,63.8314176245211
198411,46.05860655737706
198412,44.973507462686555
198501,30.611764705882358
198502,37.579527559055116
198503,47.4311418685121
198504,59.13620071684593
198505,66.62636986301368
198506,72.19440298507463
198507,77.42304964539004
198508,76.45296167247389
198509,71.84807692307689
198510,61.0422794117647
198511,52.072151898734184
198512,34.89528795811519
198601,33.32110552763821
198602,32.94886363636361
198603,46.14266055045873
198604,55.13218884120173
198605,66.8744680851064
198606,74.41266375545851
198607,78.91531100478468
198608,74.33620689655176
198609,69.89106382978721
198610,60.4716981132075
198611,45.44855769230768
198612,39.54533333333334
198701,33.59045454545455
198702,35.643500000000024
198703,46.64866071428571
198704,54.79248554913296
198705,65.65076923076927
198706,75.57201834862386
198707,81.8912195121951
198708,77.66837209302327
198709,70.57318181818182
198710,53.4431111111111
198711,48.86682242990653
198712,39.665198237885484
198801,28.545089285714305
198802,36.604306220095665
198803,45.85622317596569
198804,52.67722772277226
198805,64.34444444444448
198806,74.36981981981975
198807,80.15765765765761
198808,79.43333333333328
198809,68.1408256880734
198810,53.55605381165922
198811,48.57466063348418
198812,37.437004405286324
198901,38.99363636363635
198902,36.95396039603958
198903,43.424561403508754
198904,53.78248847926269
198905,63.18266666666664
198906,74.85142857142857
198907,77.60624999999996
198908,75.93348214285717
198909,70.52663551401868
198910,60.62949308755758
198911,48.169154228855724
198912,27.190952380952393
199001,41.76197183098593
199002,43.49702970297029
199003,47.86157205240174
199004,54.92488262910796
199005,62.9
199006,73.60047169811321
199007,77.79999999999998
199008,75.87351598173515
199009,68.18476190476191
199010,61.933484162895944
199011,49.71481481481483
199012,42.21697247706423
199101,35.553588516746416
199102,40.41711229946523
199103,46.57004405286342
199104,56.26139534883721
199105,70.74524886877829
199106,75.41490384615382
199107,79.0787330316742
199108,78.19675925925925
199109,69.4289340101523
199110,59.631730769230785
199111,47.75416666666666
199112,40.43004926108373
199201,37.0033653846154
199202,38.44232804232806
199203,42.35458937198066
199204,53.36111111111107
199205,61.19362745098039
199206,71.11557788944721
199207,77.447263681592
199208,73.5030456852792
199209,67.87979274611402
199210,55.31155778894477
199211,46.952688172043004
199212,38.79701492537316
199301,38.38009478672986
199302,32.886082474226804
199303,40.66896551724138
199304,54.006185567010306
199305,67.00564102564105
199306,74.18195876288658
199307,81.19948717948719
199308,78.02645502645504
199309,69.5578947368421
199310,56.93948717948722
199311,48.26382978723405
199312,37.12081218274112
199401,26.6461139896373
199402,33.49770114942529
199403,42.62338308457712
199404,59.69842105263158
199405,62.30000000000001
199406,77.67346938775513
199407,80.1485380116959
199408,74.14221105527636
199409,69.03802083333335
199410,57.135897435897434
199411,51.3243654822335
199412,41.52636815920398
199501,36.97070707070708
199502,32.50614525139665
199503,47.62985074626866
199504,54.26449999999999
199505,64.19954751131223
199506,72.52890995260663
199507,79.90320855614972
199508,77.63465346534653
199509,69.27927461139896
199510,61.454726368159186
199511,42.41428571428572
199512,32.699487179487186
199601,30.892972972972974
199602,34.958510638297874
199603,39.892753623188405
199604,54.18324324324324
199605,61.95081081081081
199606,74.39685863874347
199607,75.57357512953368
199608,74.96683417085428
199609,69.1478947368421
199610,57.25477386934676
199611,42.16382978723403
199612,40.12588832487309
199701,33.08172588832487
199702,40.70224719101122
199703,45.03197969543147
199704,52.51082474226805
199705,61.244670050761435
199706,72.63437499999999
199707,77.9822335025381
199708,75.01827411167514
199709,68.33385416666665
199710,58.13417085427134
199711,44.23279569892474
199712,39.09035532994925
199801,41.127692307692314
199802,42.11573033707865
199803,45.923115577889426
199804,57.19072164948454
199805,67.71780104712045
199806,72.46237113402063
199807,77.89095477386934
199808,77.01269035532994
199809,72.78894736842106
199810,58.63989637305699
199811,48.137162162162156
199812,42.6432258064516
199901,35.19533333333334
199902,37.255714285714284
199903,41.66709677419353
199904,53.73599999999999
199905,64.69386503067484
199906,72.36702127659575
199907,80.06569767441856
199908,75.74033149171274
199909,68.44000000000005
199910,55.71061452513967
199911,50.521348314606755
199912,39.614347826086956
200001,33.27365079365079
200002,38.70682593856656
200003,48.90971786833856
200004,52.758940397351
200005,65.06166134185302
200006,72.39566787003606
200007,72.7599206349206
200008,73.56541666666668
200009,65.72804878048782
200010,57.808835341365466
200011,44.57125506072874
200012,29.49055793991417
200101,32.59224489795918
200102,37.795909090909085
200103,40.696677740863784
200104,54.144897959183666
200105,62.840802675585316
200106,72.77517241379313
200107,72.94310954063603
200108,76.39893238434163
200109,66.60488721804509
200110,57.75125448028674
200111,51.86562500000001
200112,43.985084745762705
200201,39.98546712802768
200202,40.37824427480915
200203,45.54414715719063
200204,56.69285714285715
200205,62.415902140672785
200206,73.14756554307115
200207,78.36808510638299
200208,77.86411149825786
200209,70.69666666666667
200210,57.60173010380623
200211,46.08481481481481
200212,35.7522491349481
200301,29.650357142857132
200302,32.09007936507937
200303,43.98896797153026
200304,52.30069444444444
200305,59.288524590163945
200306,69.29693877551021
200307,75.93031358885017
200308,76.4515570934256
200309,69.21556420233463
200310,56.3515254237288
200311,51.811073825503364
200312,37.7035143769968
200401,29.008196721311464
200402,36.08536585365855
200403,46.11815384615383
200404,55.2296178343949
200405,69.86419753086419
200406,72.13970588235294
200407,76.69141274238227
200408,74.80804289544234
200409,69.95527777777777
200410,55.77122641509434
200411,48.90659898477158
200412,38.56414565826329
200501,34.58385269121813
200502,36.414690721649485
200503,40.82948490230907
200504,55.43156934306569
200505,59.842062193126026
200506,73.7577142857143
200507,78.81657657657657
200508,78.0614100185529
200509,72.73593429158113
200510,58.916939890710374
200511,50.09708561020036
200512,35.0673721340388
200601,41.80506993006991
200602,37.15891472868217
200603,44.93192982456141
200604,56.73271028037383
200605,63.263565891472844
200606,71.73227848101266
200607,78.075
200608,78.64464579901154
200609,66.46822580645163
200610,56.04776500638569
200611,49.63556085918854
200612,43.685662650602396
200701,40.38276283618582
200702,30.21847826086957
200703,45.772617611580216
200704,51.585928489042665
200705,64.96368593238822
200706,72.50763520678686
200707,76.0737060041408
200708,76.73492927094668
200709,70.39890350877192
200710,63.93647984267454
200711,46.40353892821032
200712,38.67599206349207
200801,36.23062622309199
200802,36.97464480874317
200803,45.048727984344424
200804,55.43653653653653
200805,61.27954545454546
200806,74.43391393442623
200807,76.78999999999998
200808,73.31873786407768
200809,69.47933398628794
200810,56.33029126213591
200811,46.9460407239819
200812,40.194047619047616
200901,30.962931034482757
200902,38.55725047080979
200903,43.277345132743356
200904,55.455693950177945
200905,64.24125412541254
200906,71.77499999999999
200907,72.79607843137255
