194204,68.41000000000004
194205,74.78387096774196
194206,79.25000000000001
194207,83.13076923076918
194208,79.66989247311824
194209,76.6431578947368
194210,68.93500000000003
194211,60.64062499999998
194212,52.85098039215689
194301,52.89901960784314
194302,52.88279569892474
194303,58.45940594059405
194304,66.60510204081633
194305,75.68811881188118
194306,81.47246376811596
194307,81.21304347826083
194308,81.5086956521739
194309,76.08823529411764
194310,65.92142857142858
194311,56.55671641791046
194312,51.74285714285713
194401,51.23142857142858
194402,61.044871794871796
194403,62.162
194404,66.77113402061855
194405,74.72129629629627
194406,82.16590909090907
194407,78.61453488372094
194408,79.05964912280702
194409,78.06909090909095
194410,66.51588235294116
194411,57.60426829268293
194412,47.61204819277107
194501,49.65675675675678
194502,53.43055555555557
194503,64.82437275985662
194504,67.01666666666667
194505,70.1467741935484
194506,78.70066666666666
194507,78.38709677419357
194508,78.43290322580648
194509,77.49433333333334
194510,64.97854671280274
194511,57.28851851851852
194512,44.76096654275093
194601,50.76648936170212
194602,53.05833333333333
194603,61.37380952380953
194604,67.18211920529801
194605,72.00580645161291
194606,77.19666666666667
194607,79.41935483870968
194608,79.20215053763442
194609,74.11910112359548
194610,65.78387096774193
194611,61.17333333333334
194612,52.179569892473104
194701,51.16666666666668
194702,42.56904761904762
194703,48.80537634408603
194704,65.74625
194705,69.76440677966103
194706,76.31333333333332
194707,78.32903225806452
194708,79.48870967741935
194709,75.59166666666667
194710,66.90645161290324
194711,49.455000000000005
194712,45.690322580645166
194801,42.03467741935485
194802,50.982327586206885
194803,59.33750000000002
194804,67.89833333333334
194805,73.14596774193548
194806,79.82083333333334
194807,80.30927419354838
194808,78.67692307692307
194809,73.91416666666666
194810,62.145564516129035
194811,60.002916666666664
194812,52.433200000000014
194901,55.80681003584229
194902,56.88492063492063
194903,56.39605734767027
194904,63.845185185185215
194905,73.09725085910654
194906,77.36933333333333
194907,80.73096774193546
194908,78.94612903225807
194909,74.03800000000001
194910,70.11612903225806
194911,53.794
194912,51.28612903225807
195001,59.252258064516134
195002,54.90035714285714
195003,54.619677419354836
195004,61.37433333333332
195005,74.02225806451615
195006,79.73966666666666
195007,77.9708737864078
195008,78.36
195009,73.81899999999999
195010,67.77226277372263
195011,50.94962962962963
195012,43.832616487455205
195101,48.48768328445749
195102,49.85389610389611
195103,57.046041055718476
195104,63.17606060606061
195105,71.83753665689149
195106,79.18484848484849
195107,80.5258706467662
195108,81.86377171215884
195109,76.55410256410258
195110,68.7665012406948
195111,52.41153846153847
195112,53.130272952853595
195201,54.792803970223325
195202,53.08408488063661
195203,57.77990074441687
195204,63.55615384615385
195205,73.63473945409429
195206,82.94102564102563
195207,82.31439205955334
195208,79.57841191066997
195209,74.63923076923076
195210,62.733746898263036
195211,56.27794871794873
195212,47.880645161290325
195301,51.82059553349876
195302,52.86785714285715
195303,60.683126550868465
195304,64.18025641025642
195305,77.24317617866006
195306,79.9574358974359
195307,79.87274826789839
195308,79.65829493087557
195309,74.93928571428573
195310,66.52199074074072
195311,54.78238095238097
195312,49.86313364055298
195401,50.87073732718894
195402,54.34770408163266
195403,56.792165898617505
195404,68.6452380952381
195405,68.85714285714285
195406,80.01952380952383
195407,82.41152073732721
195408,82.68440594059406
195409,78.32282051282051
195410,66.33821339950373
195411,53.08564102564102
195412,47.43920595533498
195501,47.34664723032071
195502,52.0922077922078
195503,59.983577712609964
195504,67.91212121212124
195505,74.4774193548387
195506,75.43575757575758
195507,79.87536656891496
195508,80.67126099706744
195509,76.49722222222222
195510,64.37231182795696
195511,54.21166666666665
195512,47.24973118279572
195601,44.46935483870968
195602,55.635344827586216
195603,56.56559139784946
195604,63.4875
195605,74.14623655913978
195606,77.28583333333333
195607,79.38440860215054
195608,80.38521505376345
195609,72.97583333333334
195610,66.37043010752687
195611,53.547222222222246
195612,55.78172043010753
195701,51.024258760107806
195702,57.305059523809526
195703,55.29032258064516
195704,66.61894150417827
195705,72.58844086021506
195706,78.34055555555557
195707,80.0293010752688
195708,79.7513440860215
195709,75.62999999999998
195710,61.75268817204303
195711,57.72367688022285
195712,49.03746630727763
195801,41.96388140161725
195802,41.68630952380953
195803,53.08924731182796
195804,64.73305555555557
195805,72.21612903225805
195806,78.11444444444446
195807,79.71747311827957
195808,79.84946236559139
195809,76.1747222222222
195810,63.22741935483872
195811,59.087777777777795
195812,45.94139784946237
195901,45.37251461988303
195902,52.13388157894738
195903,54.28967741935484
195904,65.13799999999999
195905,73.98806451612904
195906,77.83333333333331
195907,79.45161290322582
195908,80.02225806451611
195909,74.637
195910,67.9874193548387
195911,54.675
195912,48.62838709677421
196001,47.45677419354839
196002,47.275517241379305
196003,46.06806451612905
196004,65.44899999999998
196005,70.4883870967742
196006,77.06899999999999
196007,80.13516129032257
196008,78.92709677419353
196009,75.00099999999999
196010,66.99645161290321
196011,56.32433333333333
196012,43.24864864864865
196101,42.574482758620675
196102,52.76654411764705
196103,59.76689189189188
196104,60.42517482517482
196105,69.41643835616439
196106,75.590625
196107,79.37766666666667
196108,77.89105960264901
196109,75.50590277777778
196110,64.15771812080537
196111,59.22659574468086
196112,49.278424657534245
196201,45.953691275167785
196202,55.537956204379576
196203,53.227
196204,62.024137931034495
196205,76.97052980132452
196206,77.34236111111113
196207,81.11140939597314
196208,79.53033333333332
196209,74.37896551724138
196210,66.87565789473686
196211,53.28184931506849
196212,44.90758620689654
196301,43.30844594594594
196302,44.57350746268656
196303,59.97432432432431
196304,66.75486111111113
196305,72.29
196306,77.3822916666667
196307,78.52533783783781
196308,79.88020134228186
196309,72.89275862068963
196310,65.51483870967742
196311,54.82162162162162
196312,40.87862068965517
196401,45.58973509933776
196402,45.59424460431656
196403,56.52363636363636
196404,65.4542857142857
196405,72.39265175718849
196406,79.98797250859106
196407,77.90869565217393
196408,78.67099697885197
196409,75.18542372881353
196410,61.59117647058824
196411,58.476923076923086
196412,51.28899371069182
196501,49.01798780487804
196502,50.351000000000006
196503,55.51305637982196
196504,66.8463190184049
196505,75.58102409638555
196506,75.5383435582822
196507,78.58615384615383
196508,79.27451612903225
196509,75.30604026845637
196510,64.86354838709677
196511,58.030743243243236
196512,49.609210526315806
196601,43.83362831858407
196602,48.792857142857144
196603,54.85219941348974
196604,64.64060606060606
196605,70.41348973607037
196606,74.90303030303032
196607,80.24719764011797
196608,78.26891495601173
196609,74.37256097560976
196610,65.41563421828909
196611,55.850458715596325
196612,48.326706231454004
196701,49.602967359050446
196702,48.03021978021979
196703,61.08942065491184
196704,69.29184210526316
196705,71.81653944020357
196706,75.27225130890052
196707,77.5152671755725
196708,77.57898734177215
196709,70.5890625
196710,63.23846153846155
196711,54.51317829457363
196712,53.93652392947103
196801,44.35062344139651
196802,43.21546666666667
196803,55.78118811881188
196804,66.55438144329898
196805,71.2925187032419
196806,78.2694871794872
196807,79.66458852867828
196808,80.3543424317618
196809,74.70567010309279
196810,66.49106699751862
196811,53.89329896907216
196812,46.43067331670822
196901,46.83790523690773
196902,47.372099447513804
196903,52.38213399503722
196904,66.75923076923077
196905,71.51687344913152
196906,80.22025641025641
196907,81.33934837092733
196908,77.7029776674938
196909,73.63659793814433
196910,67.38064516129033
196911,52.97293814432989
196912,46.29949874686718
197001,41.256857855361595
197002,47.72292817679557
197003,57.392803970223326
197004,66.96384615384618
197005,72.06084788029924
197006,76.61051282051282
197007,79.50024937655859
197008,79.43846153846152
197009,77.80541237113403
197010,68.58684863523575
197011,53.036340206185564
197012,52.25835411471322
197101,48.81495601173021
197102,49.804901960784306
197103,53.53665689149559
197104,64.62757575757577
197105,69.85221238938053
197106,78.80151515151513
197107,77.9250737463127
197108,78.34838709677419
197109,76.58506097560976
197110,70.36824925816023
197111,56.226219512195115
197112,57.90268656716418
197201,54.90729729729729
197202,49.17369942196532
197203,58.088709677419374
197204,65.74972222222223
197205,69.46513513513514
197206,74.93222222222222
197207,79.31486486486487
197208,79.63790322580645
197209,76.99916201117317
197210,66.81902173913043
197211,56.47849162011173
197212,55.03579234972678
197301,48.83480825958702
197302,48.922222222222224
197303,62.00557184750733
197304,63.661818181818205
197305,71.53834808259587
197306,78.25363636363633
197307,80.63082437275983
197308,78.11182795698923
197309,77.65074626865672
197310,68.36654545454546
197311,61.05037313432836
197312,50.53108614232208
197401,61.42400000000001
197402,52.796800000000005
197403,63.27598566308244
197404,66.17296296296298
197405,74.61335740072202
197406,76.57142857142857
197407,79.94279475982533
197408,79.18924731182793
197409,75.08202247191011
197410,63.88461538461539
197411,58.60090909090909
197412,51.92162162162163
197501,54.04424778761062
197502,56.18155339805826
197503,58.8701754385965
197504,65.17787610619466
197505,74.9008547008547
197506,78.71913043478261
197507,78.59166666666663
197508,80.4583333333333
197509,74.9123552123552
197510,69.20586206896553
197511,59.35147058823527
197512,51.32518518518517
197601,46.24710144927537
197602,56.752719665271975
197603,64.58377192982455
197604,68.32964601769912
197605,72.15000000000002
197606,76.70460829493089
197607,82.09126637554583
197608,78.44981549815496
197609,75.77715517241379
197610,64.96741071428572
197611,54.29911504424779
197612,51.68801843317973
197701,42.44107142857141
197702,50.402304147465436
197703,63.28987341772152
197704,68.74409090909091
197705,73.87963800904977
197706,82.02272727272725
197707,82.47577092511015
197708,80.37342342342345
197709,78.5111111111111
197710,65.84809523809524
197711,61.85170731707316
197712,52.01921182266012
197801,44.798598130841114
197802,44.91083743842364
197803,56.532510288065836
197804,67.91448598130842
197805,73.63056768558951
197806,79.83658536585364
197807,81.454
197808,81.6526066350711
197809,78.07644444444443
197810,68.73287037037036
197811,64.34103773584906
197812,52.173563218390804
197901,45.59730941704037
197902,48.07512953367874
197903,60.08036529680365
197904,68.57910447761193
197905,73.20416666666667
197906,77.29951923076918
197907,81.9293269230769
197908,81.20096153846151
197909,76.96257668711657
197910,69.20952380952383
197911,61.11875
197912,52.36842105263158
198001,52.874698795180706
198002,50.13846153846154
198003,59.49518072289157
198004,67.4586592178771
198005,73.58196721311475
198006,79.1759776536313
198007,83.66767676767675
198008,83.19411764705882
198009,79.52122905027933
198010,67.17029702970298
198011,58.48717948717947
198012,50.93425414364642
198101,46.11250000000001
198102,54.8526627218935
198103,58.46051282051279
198104,70.61604278074867
198105,73.18044692737428
198106,83.85310734463273
198107,83.65833333333329
198108,78.3824489795918
198109,74.76400000000001
198110,65.45336134453781
198111,57.40814479638008
198112,48.049576271186446
198201,46.719196428571436
198202,54.04028436018957
198203,60.80085470085469
198204,63.23205128205129
198205,73.1025641025641
198206,78.82270742358077
198207,79.36875000000002
198208,79.7086956521739
198209,74.45135135135135
198210,66.41673819742489
198211,59.95363636363634
198212,56.67142857142857
198301,44.63247863247864
198302,50.10560747663551
198303,56.158333333333346
198304,61.705128205128176
198305,71.06774193548388
198306,75.76416666666667
198307,82.01416666666668
198308,81.70578512396693
198309,73.48135593220336
198310,66.78266666666667
198311,56.665957446808505
198312,47.35314685314687
198401,45.7095238095238
198402,51.25857142857142
198403,56.88
198404,62.95999999999998
198405,71.55562913907283
198406,78.61712328767126
198407,77.95133333333331
198408,79.308
198409,73.04226804123712
198410,70.56966666666668
198411,54.558219178082204
198412,56.117894736842096
198501,41.894999999999996
198502,50.32370370370371
198503,60.68
198504,66.50833333333334
198505,72.99555555555555
198506,79.58881987577641
198507,79.89633027522936
198508,78.7279279279279
198509,74.88607594936708
198510,70.70607902735561
198511,65.3248520710059
198512,48.153516819571884
198601,47.21052631578947
198602,55.31960784313728
198603,58.83038348082597
198604,66.26398809523809
198605,72.88640483383685
198606,80.49761904761905
198607,84.13665689149562
198608,79.10957746478874
198609,76.69029411764707
198610,67.69971346704871
198611,62.62080745341618
198612,51.06938110749184
198701,46.76273885350318
198702,48.93846153846153
198703,55.84534534534534
198704,62.466257668711656
198705,73.36024464831806
198706,78.38567073170735
198707,81.38055555555556
198708,81.68031249999999
198709,75.23416927899686
198710,60.907250755287016
198711,59.15949367088608
198712,53.3219135802469
198801,43.48369230769231
198802,49.073114754098356
198803,57.39339339339342
198804,65.45917721518987
198805,71.86915887850466
198806,78.4608280254777
198807,81.2846394984326
198808,81.31446153846154
198809,75.85833333333335
198810,62.46300940438871
198811,59.30222929936305
198812,49.5743119266055
198901,54.169631901840496
198902,52.68557046979867
198903,58.66066066066066
198904,64.25601265822783
198905,70.88544891640866
198906,78.27165605095543
198907,80.21072555205046
198908,79.87723076923076
198909,74.51378205128208
198910,66.88535825545172
198911,58.62987421383649
198912,43.266563467492254
199001,53.93700305810398
199002,58.2070469798658
199003,61.23963963963965
199004,65.49873417721516
199005,74.05555555555557
199006,81.45862068965515
199007,82.39724137931033
199008,81.22384105960266
199009,77.22300000000001
199010,68.09040247678017
199011,59.31612903225806
199012,53.562857142857155
199101,49.29221183800624
199102,54.3683734939759
199103,60.72741514360313
199104,68.56096256684492
199105,75.74081081081079
199106,78.5970588235294
199107,82.01704545454541
199108,80.4036414565826
199109,76.9425925925926
199110,67.73870129870129
199111,55.69243697478993
199112,53.82451612903223
199201,50.175949367088606
199202,54.9831932773109
199203,59.00295857988168
199204,64.77971830985915
199205,71.08701298701297
199206,77.59385026737968
199207,82.48328912466843
199208,79.12166666666667
199209,76.28011695906433
199210,65.59724517906335
199211,59.06135135135136
199212,50.99632545931758
199301,53.76325459317583
199302,49.943678160919525
199303,56.13401534526856
199304,62.45833333333337
199305,73.03255813953487
199306,80.05582010582012
199307,84.78475452196383
199308,81.80229007633588
199309,77.96322751322757
199310,66.97090909090909
199311,58.0724598930481
199312,48.95192802056553
199401,46.05260416666669
199402,54.6954128440367
199403,61.34725274725276
199404,69.00994152046783
199405,72.29942857142859
199406,79.52965116279071
199407,79.41149425287358
199408,78.93370786516851
199409,74.94606741573031
199410,66.47694444444444
199411,62.51509433962265
199412,53.77223650385604
199501,49.060110803324115
199502,50.77471590909093
199503,61.445244215938295
199504,67.70324324324325
199505,75.64569190600523
199506,77.97941176470587
199507,83.43749999999999
199508,82.24999999999996
199509,75.15389221556889
199510,69.50650887573968
199511,54.98214285714287
199512,48.90804597701148
199601,48.251412429378554
199602,51.53451536643026
199603,53.2300220750552
199604,63.54999999999999
199605,74.98665105386416
199606,78.4457894736842
199607,81.37647058823529
199608,78.18893905191872
199609,74.62352941176471
199610,65.10909090909091
199611,54.97529411764706
199612,50.76009852216748
199701,50.16388888888889
199702,54.260893854748616
199703,64.27675438596494
199704,62.75087719298246
199705,69.85741626794255
199706,74.60814479638012
199707,80.72836538461542
199708,78.63317535545023
199709,75.86446700507614
199710,64.73364055299541
199711,52.44354838709676
199712,48.32304347826086
199801,50.483076923076915
199802,51.03032786885245
199803,54.154275092936814
199804,62.82598425196849
199805,74.26818181818182
199806,81.36889763779529
199807,81.28401486988847
199808,78.69505703422051
199809,75.79042145593868
199810,66.61503759398494
199811,58.94131274131275
199812,52.463940520446094
199901,50.69659863945576
199902,51.39362549800798
199903,53.18413793103448
199904,66.73641975308641
199905,69.86878787878788
199906,75.78181818181818
199907,79.65077399380809
199908,81.0382530120482
199909,72.84119601328901
199910,63.31555555555556
199911,56.36677115987465
199912,47.01559633027527
200001,45.279961089494186
200002,51.4934156378601
200003,59.33262135922329
200004,61.000804828973834
200005,74.02451361867705
200006,77.94701195219125
200007,80.78674463937622
200008,79.33217054263574
200009,72.2843373493976
200010,63.42578849721711
200011,53.46999999999998
200012,40.7421153846154
200101,43.68942486085343
200102,53.77064777327937
200103,53.817064220183475
200104,64.90721062618596
200105,71.21064220183473
200106,75.62213592233006
200107,78.83893805309738
200108,78.79683333333332
200109,71.51873905429072
200110,61.333498349835075
200111,59.2129914529914
200112,52.09716193656095
200201,48.12859531772577
200202,48.15009208103132
200203,57.38016949152549
200204,68.17417218543041
200205,70.45799739921982
200206,77.16693657219973
200207,80.12786666666666
200208,79.32908366533863
200209,76.44029649595684
200210,67.34843749999997
200211,52.46368563685638
200212,45.598062015503885
200301,42.434832904884324
200302,48.703453237410066
200303,58.65173299101416
200304,63.293429697766065
200305,71.46818791946308
200306,75.85169147496619
200307,78.10774193548383
200308,78.67325728770595
200309,72.8129581151833
200310,64.00964467005078
200311,58.9407209612817
200312,43.98130601792573
200401,44.420486555697806
200402,45.69582210242587
200403,59.12617534942824
200404,63.30252324037187
200405,74.40849110728624
200406,77.49161849710987
200407,80.13174818840584
200408,77.79803921568623
200409,74.04407766990288
200410,67.8763863216266
200411,58.233708414872815
200412,47.202890173410424
200501,49.67730027548208
200502,51.320617355853244
200503,54.287872451646635
200504,61.93863157894734
200505,68.58604302151069
200506,76.42354771784234
200507,80.21231701161025
200508,79.71781781781779
200509,76.93001555209953
200510,65.16287575150302
200511,57.27555205047319
200512,44.99079601990051
200601,51.71677614957048
200602,47.618484187568164
200603,56.396089108910864
200604,67.38544529262087
200605,70.7071071071071
200606,77.548275862069
200607,80.82371399176951
200608,80.99672801635994
200609,72.64166233766231
200610,62.77866868381237
200611,54.006118251928
200612,51.21082294264339
200701,48.741138292561175
200702,46.78827160493826
200703,59.99218191108841
200704,61.54560646900269
200705,71.62595066803698
200706,78.11015824400206
200707,78.29093186372745
200708,83.00950413223141
200709,75.54233912155267
200710,67.7889483933788
200711,54.35878481012656
200712,52.79705171580476
200801,45.066079923882015
200802,51.13496963562758
200803,55.95391834819331
200804,63.07621621621623
200805,71.23358669833728
200806,79.45630541871924
200807,79.34433734939755
200808,78.54975514201764
200809,74.29994934143872
200810,62.34997542997541
200811,51.81992551210431
200812,52.1098445595855
200901,46.279514824797836
200902,48.6870523415978
200903,56.60954773869347
200904,63.06042780748662
200905,71.59685230024213
200906,80.23389830508474
200907,79.76538461538462
