194503,39.05483870967742
194504,44.53
194505,52.803225806451614
194506,62.11666666666668
194507,70.42903225806452
194508,70.90322580645162
194509,60.01666666666667
194510,48.4483870967742
194511,32.006666666666675
194512,14.3
194601,16.032258064516135
194602,17.17142857142857
194603,41.9516129032258
194604,51.30666666666665
194605,55.66129032258065
194606,67.14333333333333
194607,73.13870967741934
194608,71.0290322580645
194609,62.603448275862064
194610,51.55
194611,34.43703703703704
194612,22.811999999999998
194701,20.02692307692308
194702,14.656
194703,29.038709677419348
194704,42.76923076923078
194705,54.29200000000001
194706,67.80416666666667
194707,75.54516129032258
194708,80.20666666666666
194709,64.52333333333334
194710,59.99999999999999
194711,29.695833333333336
194712,17.653846153846157
194801,7.306849315068496
194802,11.705755395683454
194803,25.90337837837837
194804,47.27533333333335
194805,57.282352941176484
194806,65.8273333333333
194807,73.56838709677419
194808,71.2032258064516
194809,65.47533333333331
194810,48.859999999999985
194811,34.043999999999976
194812,16.905069124423964
194901,10.88433179723502
194902,10.089795918367347
194903,26.100460829493066
194904,45.053809523809505
194905,59.13870967741935
194906,68.8504761904762
194907,72.87050691244242
194908,71.51152073732717
194909,55.91904761904762
194910,49.21981566820275
194911,34.54440000000002
194912,17.408602150537636
195001,3.2451612903225806
195002,13.81269841269841
195003,22.413620071684583
195004,34.737407407407424
195005,53.608243727598605
195006,66.31
195007,68.41971326164874
195008,65.2652329749104
195009,60.2451851851852
195010,50.75943775100401
195011,25.570833333333326
195012,10.516129032258062
195101,6.547177419354842
195102,15.705803571428572
195103,19.133064516129032
195104,39.65333333333336
195105,59.67056451612901
195106,62.32416666666666
195107,69.54556451612905
195108,65.61814516129034
195109,54.938749999999985
195110,46.307258064516134
195111,23.925
195112,13.940725806451612
195201,9.450806451612905
195202,21.580172413793107
195203,23.222580645161294
195204,47.55104602510462
195205,56.93790322580642
195206,67.73708333333332
195207,71.25443548387099
195208,67.39193548387098
195209,60.84166666666668
195210,42.41733870967742
195211,33.38916666666665
195212,21.760483870967736
195301,14.708064516129031
195302,16.52678571428571
195303,29.085080645161284
195304,39.595833333333324
195305,56.14274193548389
195306,67.23838862559244
195307,69.79999999999998
195308,70.62119815668206
195309,59.112380952380974
195310,53.74562211981569
195311,35.57904761904763
195312,18.30875576036867
195401,5.583410138248847
195402,28.727551020408164
195403,25.139170506912443
195404,43.014761904761905
195405,50.877419354838715
195406,67.79809523809521
195407,71.41612903225804
195408,67.08940092165899
195409,57.92619047619048
195410,45.077880184331796
195411,35.75333333333334
195412,21.409677419354843
195501,11.488976377952758
195502,10.978571428571428
195503,21.32983870967743
195504,50.486666666666686
195505,60.06854838709674
195506,65.44583333333334
195507,74.68064516129029
195508,72.14838709677419
195509,59.334999999999994
195510,47.887096774193544
195511,23.501666666666672
195512,9.666129032258068
195601,10.63467741935483
195602,11.275000000000002
195603,22.701612903225804
195604,38.32083333333335
195605,54.509677419354844
195606,70.00249999999998
195607,66.82016129032256
195608,67.51693548387092
195609,55.019999999999975
195610,53.201612903225794
195611,31.512500000000003
195612,19.844354838709684
195701,5.611290322580645
195702,16.554464285714285
195703,26.78387096774193
195704,43.37083333333332
195705,54.786290322580676
195706,63.59583333333331
195707,73.25000000000001
195708,67.35645161290326
195709,56.37666666666669
195710,46.491129032258044
195711,31.278333333333332
195712,21.775000000000002
195801,18.735483870967755
195802,12.519642857142854
195803,30.78951612903226
195804,45.63833333333333
195805,57.51612903225804
195806,60.21083333333332
195807,67.62338709677422
195808,67.89919354838706
195809,59.81333333333331
195810,49.91290322580648
195811,32.59499999999999
195812,10.674193548387096
195901,5.80483870967742
195902,12.384821428571419
195903,29.93306451612904
195904,43.855833333333365
195905,57.965322580645136
195906,68.29083333333334
195907,71.8596774193548
195908,71.61693548387095
195909,59.56999999999998
195910,42.29112903225808
195911,22.54333333333335
195912,26.583870967741934
196001,13.73145161290323
196002,16.00344827586207
196003,18.925806451612907
196004,43.6475
196005,56.31209677419357
196006,63.240833333333356
196007,70.47661290322583
196008,70.40241935483871
196009,60.04000000000003
196010,48.2532258064516
196011,33.283333333333324
196012,14.880165289256194
196101,11.467741935483874
196102,23.075892857142843
196103,32.724999999999994
196104,38.166666666666664
196105,54.70564516129032
196106,67.93416666666667
196107,70.05725806451612
196108,70.66693548387099
196109,57.94333333333334
196110,49.330645161290334
196111,31.61166666666667
196112,14.6991935483871
196201,4.831182795698923
196202,10.064285714285713
196203,25.069892473118276
196204,38.64111111111112
196205,57.30322580645162
196206,64.0766666666667
196207,65.63010752688169
196208,66.46989247311826
196209,54.93333333333333
196210,48.46129032258065
196211,33.82111111111113
196212,16.441935483870967
196301,0.8569892473118272
196302,9.310714285714283
196303,30.930107526881716
196304,44.173333333333325
196305,52.96559139784945
196306,67.5266666666667
196307,70.28924731182795
196308,65.96344086021507
196309,59.45666666666666
196310,55.97634408602153
196311,35.631111111111125
196312,7.391397849462363
196401,16.989247311827956
196402,19.056321839080457
196403,21.90752688172043
196404,42.84444444444444
196405,58.7989247311828
196406,64.70555555555552
196407,72.25161290322585
196408,63.8548387096774
196409,55.48111111111113
196410,45.02258064516128
196411,31.319999999999997
196412,9.713978494623655
196501,6.294193548387096
196502,8.575000000000001
196503,17.430322580645157
196504,39.712666666666664
196505,55.74451612903227
196506,63.16333333333332
196507,66.7716129032258
196508,65.16580645161292
196509,50.634
196510,47.736774193548364
196511,30.21800000000001
196512,24.51612903225806
196601,-0.709032258064516
196602,11.79285714285714
196603,31.129677419354834
196604,38.34599999999999
196605,50.54451612903225
196606,65.19466666666668
196607,72.39548387096775
196608,64.59290322580647
196609,57.25
196610,44.91870967741936
196611,27.202666666666673
196612,15.054838709677416
196701,12.22709677419355
196702,6.094285714285713
196703,26.70903225806452
196704,40.69399999999998
196705,49.07354838709676
196706,63.22866666666664
196707,66.77225806451614
196708,64.13225806451612
196709,57.72266666666666
196710,44.256774193548395
196711,28.539333333333335
196712,18.1916129032258
196801,10.842580645161295
196802,11.613793103448277
196803,34.11354838709679
196804,43.84733333333331
196805,50.82193548387095
196806,62.928666666666686
196807,67.5832258064516
196808,65.73225806451613
196809,57.75999999999999
196810,47.489677419354834
196811,31.360666666666674
196812,14.678709677419356
196901,7.138064516129033
196902,16.17285714285714
196903,22.007096774193542
196904,45.06066666666664
196905,55.31032258064516
196906,57.32533333333332
196907,68.31870967741932
196908,70.35806451612902
196909,58.69733333333333
196910,42.50322580645161
196911,30.64600000000001
196912,19.149677419354838
197001,3.270967741935485
197002,12.613571428571426
197003,23.1116129032258
197004,41.43866666666665
197005,52.56387096774194
197006,66.77866666666665
197007,71.76645161290328
197008,68.31612903225806
197009,58.41600000000001
197010,46.6135483870968
197011,29.516666666666673
197012,13.889032258064523
197101,2.8161290322580643
197102,14.499285714285717
197103,24.56903225806452
197104,42.888000000000005
197105,52.79290322580646
197106,67.48400000000001
197107,65.53225806451613
197108,66.27677419354838
197109,59.17666666666668
197110,49.87741935483871
197111,30.508666666666667
197112,15.90903225806451
197201,2.480107526881721
197202,7.758045977011493
197203,22.720967741935482
197204,37.792222222222236
197205,58.394623655913996
197206,63.57444444444443
197207,65.38279569892475
197208,66.03763440860213
197209,54.31000000000002
197210,41.21989247311826
197211,28.74444444444444
197212,8.624193548387096
197301,16.782488479262675
197302,20.73469387755101
197303,39.08055555555556
197304,45.12571428571428
197305,57.704147465437785
197306,70.08857142857143
197307,72.05115207373271
197308,73.25207373271888
197309,59.56985645933014
197310,53.66221198156681
197311,32.875369458128084
197312,15.04739336492891
197401,9.052995391705075
197402,16.73724489795918
197403,27.96175115207372
197404,46.31333333333333
197405,54.4705069124424
197406,68.30813397129187
197407,77.02119815668206
197408,67.89257641921397
197409,57.930801687763704
197410,50.86942148760331
197411,34.0172268907563
197412,23.628688524590167
197501,15.94322033898305
197502,14.82142857142857
197503,23.187449392712555
197504,38.84624999999999
197505,61.79041666666665
197506,68.17563025210086
197507,77.35349794238682
197508,70.94244897959184
197509,57.92458333333335
197510,52.01250000000002
197511,35.920087336244535
197512,19.479435483870965
197601,13.155241935483874
197602,26.487068965517246
197603,30.28518518518518
197604,51.76192468619248
197605,59.20927419354839
197606,71.81624999999998
197607,76.21935483870965
197608,73.77865612648222
197609,62.222845691382766
197610,44.1774193548387
197611,27.771278825995804
197612,12.769230769230768
197701,2.0540000000000007
197702,23.04497991967871
197703,35.766546762589925
197704,50.93356047700169
197705,63.06943573667716
197706,65.66063492063492
197707,71.14109149277688
197708,64.56248037676609
197709,59.05910596026491
197710,48.34821705426355
197711,30.951071428571424
197712,14.433761467889909
197801,4.465579710144928
197802,11.138095238095238
197803,28.738819320214677
197804,43.26551724137931
197805,59.59772296015179
197806,67.18622754491018
197807,70.28472998137806
197808,70.15981132075471
197809,63.84051172707888
197810,48.14446764091859
197811,29.34166666666667
197812,11.51060070671378
197901,-0.3236397748592871
197902,6.15475687103594
197903,25.80957854406131
197904,39.06384615384614
197905,52.49842519685039
197906,66.1447257383966
197907,71.07615384615386
197908,66.88688212927754
197909,61.735755258126204
197910,45.889463601532576
197911,31.03319327731094
197912,24.863709677419358
198001,13.03469387755102
198002,15.306092436974792
198003,25.8203422053232
198004,49.20194552529182
198005,62.08273244781783
198006,67.86402439024388
198007,74.14725897920607
198008,69.03146718146719
198009,59.677865612648226
198010,45.14407766990289
198011,36.27515527950312
198012,17.719298245614038
198101,18.066601941747578
198102,23.92660753880266
198103,37.79612244897959
198104,48.68960000000001
198105,57.602119460500965
198106,66.50971074380166
198107,72.39627450980392
198108,69.69277566539924
198109,60.436290322580646
198110,46.07749510763208
198111,38.28375000000001
198112,16.10623742454728
198201,0.014712153518123376
198202,15.132679738562084
198203,27.786519114688133
198204,42.58126272912423
198205,59.284023668639065
198206,62.10819672131146
198207,72.62525879917182
198208,69.30572033898304
198209,59.06372950819674
198210,48.670020120724345
198211,28.49817444219066
198212,23.8557251908397
198301,18.11043307086614
198302,24.020796460176996
198303,31.368389662027823
198304,41.84941634241245
198305,53.82399232245682
198306,66.64243697478992
198307,76.2
198308,76.17490774907746
198309,61.07861271676298
198310,47.54339285714286
198311,40.01592356687899
198312,10.478482758620686
198401,18.7918008784773
198402,31.11858864027539
198403,30.193871449925247
198404,47.267121212121225
198405,58.81540577716642
198406,67.25082458770616
198407,72.37187948350073
198408,73.17815602836878
198409,58.64031791907513
198410,49.11257941550193
198411,31.878865979381438
198412,14.215111695137978
198501,8.667432950191571
198502,13.706733524355306
198503,34.69535759096612
198504,49.95944584382872
198505,61.62073027090695
198506,63.40608272506084
198507,71.23557358053297
198508,65.33636363636364
198509,56.31737668161436
198510,46.64081218274112
198511,21.526542491268913
198512,5.832659932659935
198601,15.86968375136314
198602,14.56294964028777
198603,33.15243644067796
198604,46.61053837342497
198605,59.11443850267381
198606,67.4896842105263
198607,72.21778487752928
198608,66.1140504939627
198609,57.776444444444465
198610,47.99376979936642
198611,25.957207207207198
198612,22.530290010741144
198701,19.67939590075513
198702,30.122607781282852
198703,35.05750988142294
198704,53.91999999999997
198705,62.52767857142857
198706,71.54815195071868
198707,74.36700000000002
198708,67.90010672358594
198709,61.088665254237284
198710,43.46471754212091
198711,36.31048128342245
198712,23.480303030303023
198801,8.420946626384696
198802,11.021753607103218
198803,31.167028627838096
198804,45.72345041322311
198805,64.40755287009061
198806,73.52668024439922
198807,76.14964824120602
198808,71.9777668952008
198809,59.91102040816326
198810,43.17264437689972
198811,30.608744855967068
198812,17.671559633027517
198901,17.845699481865285
198902,6.871348314606743
198903,23.973891625615767
198904,42.53266384778012
198905,58.12325581395353
198906,65.42242152466368
198907,74.68284789644012
198908,70.22852598091198
198909,59.88671171171169
198910,47.69427890345649
198911,25.760570071258893
198912,6.823373493975901
199001,22.87490039840638
199002,19.58273894436519
199003,32.386726659167614
199004,44.19379562043796
199005,54.74193168433451
199006,67.28694581280789
199007,70.2086691086691
199008,70.36940903823871
199009,62.86843434343433
199010,46.52959064327487
199011,33.94710059171597
199012,14.823650975889786
199101,9.321406411582212
199102,21.59219114219114
199103,30.888924387646433
199104,45.768362831858404
199105,59.26666666666665
199106,68.73654266958424
199107,69.09838187702266
199108,70.04065040650403
199109,56.66571125265394
199110,41.767412140575104
199111,23.90803059273422
199112,19.327067014795475
199201,20.72962962962963
199202,25.03668499607228
199203,31.298647573587914
199204,39.352685624012636
199205,58.07914818101157
199206,63.254518950437344
199207,62.801328273244756
199208,62.69069529652352
199209,56.08244897959179
199210,43.76531932093776
199211,27.60705931495403
199212,14.94617575264443
199301,10.225109083696957
199302,12.213828425096045
199303,25.56789554531491
199304,40.40176423416197
199305,53.781441717791466
199306,60.73843750000001
199307,65.95451454476765
199308,66.49070294784582
199309,51.64763795156807
199310,42.01765827612511
199311,26.70579999999999
199312,17.05180814617433
199401,-1.2667710371819956
199402,7.847337278106513
199403,30.013925982449425
199404,41.84476377952756
199405,57.03804135778385
199406,65.56418383518222
199407,65.86042617960423
199408,63.52597059932153
199409,59.62306489444876
199410,48.61066066066068
199411,34.12413127413127
199412,21.20646359583954
199501,13.629052323454085
199502,14.818836452400324
199503,29.569798657718135
199504,37.22297559085625
199505,53.78409425625917
199506,68.14307634730541
199507,68.79458762886597
199508,69.94791066282426
199509,56.419760926410206
199510,44.478396191871106
199511,22.71075636640059
199512,14.793740795287178
199601,3.4193249258160203
199602,13.804133858267726
199603,20.764959469417814
199604,37.24891262876764
199605,51.94150735294121
199606,65.55461128048782
199607,65.89643916913946
199608,67.50425706099053
199609,57.29770114942527
199610,45.69982788296042
199611,21.587533156498672
199612,10.365457685664943
199701,7.108354011579815
199702,16.837006578947364
199703,25.419014084507058
199704,39.65709143268537
199705,50.35903114186846
199706,67.60480699198834
199707,67.99849570200571
199708,65.20161971830987
199709,60.4065656565657
199710,46.81265738899931
199711,26.30606262491671
199712,25.28630573248408
199801,16.10896376350921
199802,29.268844566712524
199803,28.46892551892553
199804,47.501260239445514
199805,61.22022058823527
199806,62.4586415601883
199807,69.39061488673138
199808,69.22538363171356
199809,63.09432176656155
199810,48.62725587144624
199811,33.64899244332492
199812,21.477518427518422
199901,11.432075471698122
199902,25.080649436713077
199903,31.900234604105524
199904,45.01043526785712
199905,57.55311827956991
199906,64.70323660714287
199907,71.87475409836058
199908,66.74351351351355
199909,57.58614420062695
199910,46.035702005730656
199911,38.328627671541085
199912,22.754225352112677
200001,12.395853269537481
200002,24.26360524814604
200003,36.78986737400532
200004,43.03056314926193
200005,57.64462109167996
200006,62.524355458036254
200007,68.92582184517491
200008,68.04093816631136
200009,57.964309210526345
200010,48.92252252252254
200011,29.154914881933
200012,4.912499999999999
200101,17.937612732095502
200102,8.95464705882354
200103,25.104131355932193
200104,43.93195299384446
200105,56.52161430119176
200106,65.37176795580103
200107,70.69594309799787
200108,69.49050251256287
200109,57.75458187280921
200110,45.2220104811815
200111,41.753264094955476
200112,24.361284139913757
200201,20.546323882748684
200202,25.71941489361702
200203,21.409754901960802
200204,41.54286419753089
200205,51.06941451990629
200206,67.57542331881956
200207,72.68117977528084
200208,67.21655722326462
200209,61.32748792270531
200210,39.37407580720639
200211,29.700048614487123
200212,23.586772983114475
200301,12.728157644824304
200302,12.25288611544462
200303,27.353361542078027
200304,44.33984488608821
200305,55.65124238162213
200306,64.61681286549714
200307,69.84840225563909
200308,71.17268041237114
200309,59.005222059541225
200310,48.16307034220531
200311,29.343121951219505
200312,23.35204513399154
200401,8.317299578059076
200402,19.6172932330827
200403,32.67281235376698
200404,44.56357487922704
200405,52.59562628806955
200406,61.98417977528092
200407,67.79648437500003
200408,62.11255292125321
200409,62.9010268734979
200410,47.713483146067446
200411,35.6877321814255
200412,19.875938281901604
200501,11.196564233888182
200502,22.845712954333635
200503,27.97986169321041
200504,48.2786828422877
200505,53.10171763720152
200506,68.22430675909885
200507,71.53252285951785
200508,67.32750991442288
200509,62.52938336624973
200510,48.46063025210081
200511,33.790275387263364
200512,18.611453835081246
200601,26.388595953402792
200602,15.280153015301536
200603,30.927728013029306
200604,49.61725440806044
200605,57.68754571312474
200606,66.59924528301882
200607,73.99881487535755
200608,68.6711732073146
200609,56.87486164325241
200610,43.002825907590726
200611,33.657845579078455
200612,26.0565760322256
200701,16.764975845410643
200702,9.782490013315577
200703,33.14851345922057
200704,42.1565379825654
200705,59.630690485748715
200706,67.49964649615309
200707,71.06384599959893
200708,67.41139554087529
200709,60.5749487074272
200710,50.49704236610713
200711,31.894177162915547
200712,14.652764326069413
200801,11.176079601990045
200802,12.655048287971898
200803,25.51481481481483
200804,40.42580844490215
200805,52.65123604465705
200806,63.74223199329986
200807,69.41701236537693
200808,67.62435999999997
200809,59.23996743996743
200810,46.84232494636238
200811,33.99523441524987
200812,11.61443298969072
200901,7.023188405797102
200902,19.045454545454547
200903,28.42954545454545
200904,42.69397993311037
200905,54.27354838709678
200906,61.60033783783784
200907,66.81944444444444
