194112,49.49677419354838
194201,47.49032258064516
194202,48.46071428571428
194203,54.78387096774193
194204,60.82666666666669
194205,65.7877192982456
194206,76.74166666666666
194207,87.56666666666665
194208,84.46559139784945
194209,75.74111111111111
194210,67.6032258064516
194211,54.068518518518516
194212,46.656451612903254
194301,45.7983870967742
194302,50.57321428571428
194303,54.891129032258064
194304,57.606474820143895
194305,65.62774193548388
194306,65.97977839335178
194307,72.00846774193548
194308,70.78339552238809
194309,71.14185185185184
194310,62.59511754068717
194311,56.86870503597121
194312,50.57486238532112
194401,49.427164685908316
194402,49.36007259528131
194403,53.87194092827004
194404,54.48733333333334
194405,61.19268817204301
194406,63.867037861915364
194407,68.84064516129031
194408,69.74365591397849
194409,67.84266666666666
194410,62.47389277389278
194411,52.60879120879121
194412,50.117562724014334
194501,48.2742857142857
194502,53.24717607973422
194503,52.25972222222223
194504,59.311307420494686
194505,62.7667381974249
194506,69.97867298578198
194507,73.80395604395602
194508,72.7402885682575
194509,72.29505747126439
194510,66.42928311057109
194511,56.95864978902954
194512,51.54357864357865
194601,51.51326699834162
194602,51.51952662721894
194603,55.11917525773197
194604,60.83290870488321
194605,62.229385964912275
194606,67.44195250659634
194607,70.70153846153846
194608,71.2094850948509
194609,70.41756373937679
194610,62.538759689922465
194611,55.73772151898733
194612,53.117048346055995
194701,50.06593406593406
194702,55.250568181818174
194703,58.47487922705314
194704,61.58575
194705,64.18089330024813
194706,67.96177285318562
194707,70.28917050691244
194708,70.0483870967742
194709,69.47410256410255
194710,63.87816377171216
194711,54.61589743589744
194712,51.43796526054591
194801,49.959641255605376
194802,47.49477434679336
194803,49.40909090909091
194804,54.58415300546447
194805,58.825591397849486
194806,64.87177777777778
194807,68.54569892473118
194808,68.23688172043009
194809,66.41091314031183
194810,60.49132369299221
194811,52.75039682539686
194812,44.60952380952378
194901,38.90115384615387
194902,45.10589285714288
194903,50.8083870967742
194904,59.753543979504705
194905,62.35093117408911
194906,69.87938060309699
194907,72.2981012658228
194908,71.34587378640778
194909,70.49374999999995
194910,59.999121405750806
194911,58.304068348250645
194912,46.303609831029185
195001,43.48764752163649
195002,50.614423076923075
195003,53.191693548387036
195004,59.192166666666694
195005,61.384951456310624
195006,66.2455
195007,72.43120967741939
195008,71.0183622828784
195009,67.18000000000004
195010,63.47831125827815
195011,58.28742514970059
195012,53.34718543046359
195101,47.82688172043013
195102,49.47673992673992
195103,53.06195202646816
195104,56.79999999999995
195105,61.949044056525324
195106,66.52521367521365
195107,70.65713153724244
195108,69.72419354838715
195109,68.72074999999998
195110,62.46218354430376
195111,54.60849673202616
195112,47.59817893903402
195201,45.979273008507356
195202,51.27670405521999
195203,50.42032388663967
195204,57.834695579649676
195205,64.23648103309118
195206,64.53931552587643
195207,71.70492730210017
195208,71.43769168684425
195209,69.99529914529914
195210,64.0561928512053
195211,53.13529914529912
195212,49.55551020408162
195301,53.136486486486476
195302,51.439285714285674
195303,53.39065343258892
195304,56.16726495726492
195305,59.868863261944
195306,65.65790816326529
195307,73.40557868442966
195308,70.3662479061977
195309,69.50371681415932
195310,62.74794520547943
195311,56.49062776304158
195312,50.918205128205145
195401,48.59443016281061
195402,54.79075875486384
195403,51.794592274678095
195404,59.67265342960289
195405,63.092395104895104
195406,66.04052346570394
195407,72.73378839590444
195408,69.07736170212765
195409,67.73074889867847
195410,61.63404255319149
195411,56.69837691614069
195412,49.1486013986014
195501,45.770281124497984
195502,49.05675675675677
195503,54.198286290322564
195504,54.87020833333333
195505,60.61582661290323
195506,65.405636743215
195507,68.32177419354838
195508,70.9359879032258
195509,68.77081589958159
195510,61.9343253968254
195511,54.29731404958676
195512,50.95282258064513
195601,49.46775431861804
195602,47.17799188640972
195603,53.47011385199242
195604,55.97225490196079
195605,62.145256166982904
195606,67.46186274509805
195607,70.27950664136625
195608,69.30863377609109
195609,69.90304219823355
195610,60.34738344433872
195611,56.22869822485207
195612,50.45080721747389
195701,45.789209302325546
195702,53.14085801838612
195703,54.26986175115207
195704,57.27428571428571
195705,61.03225806451613
195706,69.86167778836987
195707,71.90516129032261
195708,70.72502258355912
195709,68.78293795620438
195710,61.078956675508415
195711,53.62486187845303
195712,51.76876663708964
195801,51.13856382978721
195802,54.40750487329434
195803,51.3473175021988
195804,58.5757493188011
195805,64.52188317349605
195806,67.53045045045046
195807,70.24699215344374
195808,72.9279860505667
195809,70.71558558558559
195810,65.91587443946189
195811,55.910833333333294
195812,54.260053859964074
195901,51.9691479820628
195902,50.08015873015873
195903,57.560752688172045
195904,61.19441860465116
195905,61.24695340501794
195906,68.20501858736061
195907,72.69121265377859
195908,70.69270008795073
195909,67.23670309653916
195910,64.4599464763604
195911,57.74676979071883
195912,51.64176211453745
196001,47.25692850838484
196002,50.643421052631574
196003,55.62170474516695
196004,58.121110100090995
196005,61.408795074758125
196006,68.36397459165154
196007,70.91892605633802
196008,69.00272168568924
196009,68.3362727272727
196010,61.41741821396992
196011,53.05046296296295
196012,49.21184919210054
196101,50.63554585152839
196102,52.83600386100387
196103,52.81804707933742
196104,57.82434625789
196105,58.87956989247315
196106,67.40240740740742
196107,71.00241935483871
196108,70.35340501792112
196109,65.82842592592597
196110,61.26465284039674
196111,52.68990740740738
196112,47.64546271338725
196201,47.9313004484305
196202,48.8795634920635
196203,50.00268817204304
196204,58.84527777777778
196205,58.820161290322574
196206,64.55574074074073
196207,67.65044802867384
196208,69.26057347670253
196209,66.13453703703702
196210,61.040949820788505
196211,55.11435185185184
196212,50.33413978494625
196301,46.90268817204304
196302,56.24568023833168
196303,51.94306887532693
196304,53.52846846846848
196305,60.90653879686134
196306,63.912972972972995
196307,68.50000000000001
196308,69.34699828473418
196309,69.85882874889086
196310,62.95533731853119
196311,54.34380530973451
196312,49.01722365038559
196401,47.615839041095896
196402,50.22607502287285
196403,51.19580838323349
196404,55.37599293909974
196405,58.124242424242425
196406,63.863157894736844
196407,69.17724498692237
196408,69.50662598081954
196409,65.79124548736462
196410,64.10885188431202
196411,51.72279279279281
196412,50.60500438981563
196501,50.15198329853866
196502,51.02169373549885
196503,53.73305699481866
196504,56.866298342541434
196505,60.21226215644819
196506,63.10938547486031
196507,67.87869565217392
196508,70.4111232279171
196509,65.0905617977528
196510,65.03635346756151
196511,56.14653243847873
196512,47.49674267100975
196601,48.864897074756236
196602,50.40360576923078
196603,55.129891304347815
196604,60.72392776523706
196605,62.624891774891786
196606,66.88531073446327
196607,68.47350427350429
196608,70.5404761904762
196609,67.49667738478027
196610,63.61011351909185
196611,56.937849017580135
196612,51.356099999999984
196701,50.75651741293532
196702,53.18480874316939
196703,54.36241345202768
196704,51.55279755849439
196705,61.49254302103253
196706,62.7104433497537
196707,69.75409836065573
196708,71.73298178331736
196709,69.26821782178217
196710,64.87409931840313
196711,59.15454545454544
196712,48.91572815533982
196801,49.78910081743868
196802,56.204186952288225
196803,56.470247933884295
196804,58.67059942911513
196805,61.472232304900174
196806,66.57794392523365
196807,69.78202348690154
196808,69.00271985494106
196809,68.24906542056075
196810,62.15000000000002
196811,56.266856060606074
196812,48.57339366515838
196901,51.14119782214154
196902,50.189267803410225
196903,53.62902638762513
196904,58.147164461247634
196905,62.763330300272955
196906,64.91628545288201
196907,69.72037533512065
196908,71.2895022624434
196909,68.09664179104477
196910,61.2603260869565
196911,57.5240411599626
196912,52.78567493112946
197001,51.548470363288715
197002,54.6153601694915
197003,55.73196172248803
197004,55.76292246520875
197005,64.08048309178743
197006,67.37557100297913
197007,71.93955726660252
197008,71.17829010566763
197009,68.61397205588824
197010,61.670964660935994
197011,56.596878147029216
197012,48.79738372093025
197101,49.06475644699142
197102,50.96970338983052
197103,53.37126436781608
197104,56.27272727272729
197105,59.55723873441995
197106,66.12213438735175
197107,71.38782358581017
197108,73.43550295857986
197109,69.35586136595312
197110,59.88690476190477
197111,53.24856850715746
197112,46.24058116232466
197201,46.40525762355415
197202,52.37750556792873
197203,57.519784946236555
197204,58.26644444444444
197205,63.254475982532746
197206,68.19740112994351
197207,72.98013172338092
197208,71.89228260869561
197209,67.33124287343213
197210,61.6598907103825
197211,53.43626251390435
197212,47.022119815668226
197301,45.756742179072276
197302,50.81699266503669
197303,49.731156316916504
197304,57.23919213973798
197305,63.491519823788536
197306,69.86476079346558
197307,71.41500559910413
197308,70.12885682574915
197309,67.444128113879
197310,61.201744186046504
197311,52.53920653442239
197312,49.839222222222226
197401,47.51078107810781
197402,49.51372064276884
197403,53.18812989921614
197404,56.761664712778426
197405,61.91628162816281
197406,69.2068287037037
197407,71.93806451612907
197408,70.81938997821352
197409,69.52237600922723
197410,62.25906113537118
197411,54.40389908256881
197412,48.989414694894144
197501,47.95954022988505
197502,48.9228494623656
197503,50.82689173457509
197504,51.889114832535874
197505,61.446216530849846
197506,66.43333333333332
197507,71.27946324387398
197508,70.56547344110855
197509,69.47719869706842
197510,59.755192307692326
197511,53.40851703406815
197512,49.392199248120306
197601,50.02839879154078
197602,50.781291759465475
197603,51.23582718651212
197604,53.59233261339094
197605,61.12147995889004
197606,65.39733629300777
197607,68.86880841121494
197608,68.50138445154421
197609,64.9372479240807
197610,62.51835294117646
197611,56.13316391359593
197612,47.909860788863114
197701,45.99043927648578
197702,49.344042838018744
197703,45.8583222370173
197704,53.78094027954258
197705,53.99342403628116
197706,65.04182464454976
197707,68.5441483198146
197708,67.71130136986302
197709,66.31342434584755
197710,62.298039215686266
197711,56.404694835680736
197712,52.59076923076925
197801,52.134606205250584
197802,50.414267990074435
197803,55.28635851183764
197804,54.17273809523809
197805,61.92176949941791
197806,67.20567010309277
197807,69.23173302107728
197808,68.35730211817167
197809,66.89468085106384
197810,62.96942528735633
197811,51.66850117096019
197812,46.04776595744681
197901,46.506862745098026
197902,48.85628815628816
197903,53.156843267108165
197904,57.294597701149414
197905,62.54058139534883
197906,68.75050761421319
197907,71.68850432632881
197908,70.72386934673365
197909,71.90038659793815
197910,63.293130630630635
197911,54.08292682926828
197912,51.85244922341697
198001,51.27537313432835
198002,54.152866242038215
198003,52.7356971153846
198004,58.81458333333334
198005,59.58722860791825
198006,66.39817961165048
198007,73.00486935866982
198008,70.70602125147579
198009,67.674435196195
198010,62.617505995203835
198011,56.11595238095239
198012,52.48329326923077
198101,52.19699421965317
198102,53.80613718411553
198103,54.006063947078296
198104,60.005530973451314
198105,63.39841938883034
198106,73.57962529274005
198107,73.85733041575493
198108,74.98900414937762
198109,71.52844344904817
198110,61.8676470588235
198111,58.2649667405765
198112,53.97669902912622
198201,48.39042224510814
198202,54.1569536423841
198203,54.35104270109235
198204,58.43893442622951
198205,63.106471183013134
198206,66.15985090521832
198207,73.63952225841477
198208,74.50045197740113
198209,70.17570942111236
198210,64.57378854625553
198211,55.05174234424501
198212,50.25556756756756
198301,52.40010235414535
198302,53.99561883899233
198303,55.35911602209945
198304,56.554288240495126
198305,63.66758147512864
198306,67.50089047195014
198307,72.37021089630935
198308,73.7348713398403
198309,72.24472271914134
198310,66.23375277572168
198311,56.777743431221005
198312,52.79428341384863
198401,52.98265940902023
198402,54.30669354838709
198403,59.157811320754725
198404,59.06985894580548
198405,68.26256123163051
198406,69.1296918767507
198407,75.00676156583629
198408,74.2088888888889
198409,74.22589552238807
198410,61.29296615792966
198411,53.98462073764787
198412,47.86280056577086
198501,48.13829479768787
198502,51.359842519685046
198503,51.65179358086848
198504,60.86519766688268
198505,63.276178010471206
198506,71.45398773006133
198507,74.18895781637717
198508,72.64203454894435
198509,67.02047193877553
198510,62.86681222707423
198511,51.91379310344826
198512,48.84109686609686
198601,54.2887844190732
198602,53.908231046931405
198603,57.55158483530145
198604,59.14119122257052
198605,63.57132686084141
198606,69.98801036941026
198607,71.33200734394124
198608,73.28941538461541
198609,65.27965340179718
198610,63.22602484472049
198611,57.77971576227392
198612,50.59224194608811
198701,47.59726301735646
198702,52.22291086350975
198703,55.17585585585585
198704,63.22485436893204
198705,65.27794871794872
198706,69.83631319358818
198707,70.34780728844966
198708,73.06220371556701
198709,69.98679245283016
198710,65.8536082474227
198711,55.88063118811881
198712,48.1671199011125
198801,49.429761175750166
198802,55.25356217616582
198803,57.83042220936957
198804,59.41579247434435
198805,63.098727172108475
198806,67.94068090017315
198807,74.29850660539921
198808,72.7919553728714
198809,69.38034504004932
198810,65.41694813027743
198811,56.00807528840317
198812,49.26537313432834
198901,47.25953134895504
198902,49.47313848295061
198903,57.14899451553932
198904,63.53111979166666
198905,64.3792781580585
198906,69.58618750000004
198907,74.06765957446802
198908,71.03460393091126
198909,68.69813863928114
198910,62.53717948717952
198911,57.39409918392968
198912,50.30995749848208
199001,49.674114114114126
199002,48.859427828348494
199003,55.683101045296176
199004,61.28547008547009
199005,63.233998825601894
199006,70.18216249236409
199007,74.73650030066146
199008,73.00614657210404
199009,71.3223276407337
199010,66.2755053507729
199011,56.60934861278649
199012,46.99383155397391
199101,50.02644009216591
199102,55.91365435356203
199103,50.94570405727925
199104,58.067012195121976
199105,60.62840095465393
199106,66.07359413202934
199107,71.94863905325442
199108,71.46352941176471
199109,70.1351125401929
199110,65.2950704225352
199111,57.13832258064514
199112,49.700943989930785
199201,49.10870616686822
199202,55.50721784776903
199203,56.25159350571256
199204,63.11814241486067
199205,67.578627332932
199206,68.9753186558517
199207,72.93656387665197
199208,73.58066666666667
199209,70.65002915451898
199210,65.52464101091327
199211,56.50950030845161
199212,47.10218805440569
199301,47.694222751637895
199302,50.37147477360931
199303,57.11113610798651
199304,59.44241522903037
199305,65.0180153573538
199306,69.23060733613954
199307,71.14398791540788
199308,71.75846895720315
199309,68.74571085782844
199310,63.82885085574572
199311,54.34050939963616
199312,48.26185141509433
199401,49.73046010483401
199402,50.099345121152574
199403,57.02803297997641
199404,59.29520000000002
199405,62.25930993456276
199406,70.01960659898477
199407,72.05482456140355
199408,73.64374611076542
199409,69.40288040075143
199410,62.00932203389832
199411,50.088182973316385
199412,47.96909975669099
199501,50.74996945632254
199502,55.181159420289845
199503,55.22495585638613
199504,57.724343257443074
199505,60.712707182320436
199506,66.25731092436976
199507,72.77772778402702
199508,73.21609609609611
199509,70.41625821876869
199510,64.49341216216219
199511,59.07834740651388
199512,52.219897959183676
199601,51.55402107598445
199602,54.146894950667445
199603,56.57513935340022
199604,61.680643274853814
199605,65.52743902439025
199606,70.012617370892
199607,76.44960460100648
199608,75.47998661311912
199609,70.25781792911744
199610,62.92959731543625
199611,56.96236413043476
199612,52.32636122177955
199701,51.05554072096131
199702,53.23558460421205
199703,59.808095238095234
199704,61.34699042407662
199705,70.61196078431375
199706,70.45967523680652
199707,73.97513089005236
199708,75.67836065573772
199709,73.96651069518714
199710,64.16213402732596
199711,57.80668485675309
199712,49.05335085413929
199801,51.0644710578842
199802,50.22459478505987
199803,54.52397515527952
199804,56.15040049291432
199805,59.331788856304975
199806,66.0430076067876
199807,72.57164685908324
199808,74.16406593406599
199809,68.7680360157569
199810,61.0130247578041
199811,53.875737340011135
199812,47.295720476706386
199901,48.975745526838956
199902,49.870425776754864
199903,51.35492462311556
199904,55.123211091234324
199905,61.31166306695467
199906,66.81368702630405
199907,71.44027015618401
199908,70.77374324885753
199909,68.49291408325952
199910,65.98901909722223
199911,56.57345326897763
199912,49.91914893617021
200001,52.07770308123251
200002,53.105048715677604
200003,54.87640387275238
200004,60.78186274509808
200005,65.28234149054505
200006,71.07282608695651
200007,71.42613259668511
200008,73.43870172555467
200009,69.80546605293442
200010,61.0598942387977
200011,51.80885416666664
200012,51.50490708478508
200101,48.33682115439292
200102,49.53511166253104
200103,56.21577040958483
200104,55.717607683352746
200105,67.36688925987757
200106,70.31261802575106
200107,71.02856745479833
200108,72.36641304347823
200109,69.23028069180612
200110,64.22483677910772
200111,56.324021252796406
200112,49.33097870045833
200201,48.21014997321905
200202,52.95621890547261
200203,53.49637566137564
200204,57.971680927408165
200205,61.953207847295864
200206,68.19558578567461
200207,72.5844235924933
200208,70.86866666666668
200209,70.10504155124654
200210,61.172644782492675
200211,57.63068402104679
200212,50.720059315179284
200301,54.97933155080218
200302,51.86956521739133
200303,56.246544391281255
200304,55.24375345494754
200305,62.79144527098831
200306,68.09094898518929
200307,74.62697315971296
200308,73.67839786381846
200309,70.82412831241282
200310,66.22315086782376
200311,53.44125758411473
200312,50.686400214592254
200401,49.92888414308595
200402,50.75076923076929
200403,59.72425046431418
200404,60.657111893795744
200405,65.52884615384616
200406,68.6476459510358
200407,73.10454426743273
200408,71.96448478649961
200409,70.56726986624702
200410,61.152097635392806
200411,53.18416289592759
200412,50.323442750064636
200501,50.7244193762442
200502,53.79592592592595
200503,56.57106649111259
200504,58.1334087968952
200505,64.48827708703372
200506,66.69168483338527
200507,73.87098634294388
200508,72.75168240850057
200509,67.46113398796322
200510,62.633273164861606
200511,57.94900559353635
200512,52.77440873256516
200601,51.61376456161862
200602,53.24186277759362
200603,50.75167464114826
200604,57.03549969343961
200605,65.08582308142944
200606,72.15998780115898
200607,77.43513106357342
200608,71.98468335787922
200609,68.83089162413695
200610,61.78099027409371
200611,57.340829629629646
200612,50.02281105990782
200701,47.64885274469936
200702,52.48607154162709
200703,57.482178217821755
200704,58.45869114598751
200705,63.98727272727272
200706,68.16876640419947
200707,72.80805882352946
200708,73.39165415791052
200709,67.84622383985439
200710,62.22914544425577
200711,56.619228521332545
200712,48.07611940298507
200801,48.08889502762431
200802,50.62396644697423
200803,55.03827463827464
200804,58.53866287339969
200805,62.51887921653973
200806,69.94499569830799
200807,72.37190527448875
200808,73.0871451965065
200809,69.60906895626512
200810,64.02469040247676
200811,58.513865814696466
200812,47.72290502793295
200901,51.306259780907666
200902,49.900500417014165
200903,52.29918215613384
200904,55.037053910402435
200905,62.29617258176758
200906,63.31558350803633
200907,66.08856382978723
