194102,10.395652173913046
194103,22.33584905660377
194104,38.89491525423729
194105,48.487096774193546
194106,58.74499999999998
194107,57.449999999999996
194108,58.606451612903214
194109,45.613333333333344
194110,26.66290322580645
194111,9.021666666666668
194112,3.36774193548387
194201,12.582258064516122
194202,21.480869565217386
194203,20.234193548387093
194204,37.079333333333345
194205,50.22709677419354
194206,56.17266666666668
194207,57.25037037037039
194208,55.195145631067966
194209,51.322159090909075
194210,33.97917808219178
194211,14.28305555555555
194212,-3.1575268817204303
194301,0.5648793565683623
194302,16.82912087912088
194303,21.677128953771298
194304,30.40387243735762
194305,42.44383301707779
194306,51.62986512524086
194307,53.04804381846636
194308,52.01027190332326
194309,45.43001485884101
194310,37.00517241379309
194311,26.731594202898556
194312,16.37704918032787
194401,11.05694789081886
194402,20.909196891191716
194403,18.797228637413397
194404,26.226052332195664
194405,39.44984391259106
194406,49.24836601307189
194407,53.09423264907137
194408,51.3125498007968
194409,44.363444444444426
194410,35.011074561403504
194411,19.50031914893617
194412,14.769052419354844
194501,18.26119544592031
194502,15.686645636172445
194503,13.607533632286994
194504,26.87201086956522
194505,37.04012237762236
194506,47.403195488721806
194507,53.055327102803744
194508,50.62422243166824
194509,45.25373467112598
194510,32.350791139240506
194511,12.410165975103736
194512,13.787064676616922
194601,15.523588709677416
194602,14.016143497757842
194603,11.92148936170213
194604,25.68975903614458
194605,39.51195445920303
194606,49.851272015655574
194607,54.689122137404574
194608,50.29677419354839
194609,44.58811881188117
194610,36.79623655913978
194611,17.587592592592593
194612,4.634050179211473
194701,1.9885483870967715
194702,15.841836734693874
194703,19.270814132104462
194704,30.24349206349206
194705,42.15314900153609
194706,49.416878980891724
194707,55.67434715821814
194708,51.70384024577572
194709,44.529624277456634
194710,33.50041095890411
194711,25.42188905547226
194712,17.44706744868035
194801,13.105247813411077
194802,12.687387387387389
194803,17.446423562412345
194804,29.91847988077496
194805,40.00351906158357
194806,48.91496815286624
194807,53.26503026227304
194808,51.0860858257477
194809,43.50979020979022
194810,32.66213921901528
194811,14.86482456140351
194812,7.156621392190156
194901,11.836702508960576
194902,9.025793650793654
194903,27.068780487804858
194904,26.952403100775182
194905,40.306484893146646
194906,47.423578468536775
194907,53.98523238380812
194908,52.74303519061581
194909,48.07030303030301
194910,34.79919295671314
194911,26.486249045072597
194912,8.713128282070517
195001,11.801875468867218
195002,3.7166251039068983
195003,24.39489872468117
195004,31.153953488372085
195005,42.16736684171039
195006,51.390721649484576
195007,56.19033018867925
195008,55.630256012412694
195009,46.773413654618494
195010,33.5322580645161
195011,14.436138613861372
195012,13.84956452889944
195101,3.5632572777340688
195102,11.240856378233717
195103,11.660339256865909
195104,33.79558333333332
195105,45.088566552901
195106,51.91640350877191
195107,56.8473498233216
195108,54.605700325732904
195109,46.70626587637594
195110,30.342928039702226
195111,23.39397482014388
195112,9.105666957279858
195201,1.911544991511037
195202,11.885390199637019
195203,17.858488964346353
195204,28.243550955413998
195205,38.70703389830507
195206,51.64535087719298
195207,55.184869431643634
195208,52.50622119815669
195209,43.43945371775418
195210,35.133088235294125
195211,26.55851063829787
195212,12.432732732732731
195301,0.9291055718475071
195302,12.030438311688311
195303,14.725293255131964
195304,33.55083333333333
195305,44.40830985915492
195306,54.31069444444448
195307,57.38121170864536
195308,53.26932192231732
195309,45.31715277777774
195310,30.213751668891838
195311,17.31146666666666
195312,11.185161290322581
195401,2.884903225806453
195402,-0.48257142857142654
195403,18.35387096774194
195404,28.181466666666665
195405,45.17006451612904
195406,52.24846666666667
195407,54.24863787375412
195408,53.38548939082822
195409,44.56730496453903
195410,34.263555250514784
195411,21.778297872340428
195412,-3.414020618556702
195501,11.240824742268039
195502,1.7744680851063772
195503,15.065037852718508
195504,22.421134751773057
195505,40.64996568291008
195506,48.514822695035434
195507,55.31600265604244
195508,51.21994733377218
195509,43.925918367346945
195510,28.029821073558647
195511,7.244421768707488
195512,3.8967545638945205
195601,-2.4049865229110523
195602,2.0727729885057444
195603,11.485752688172045
195604,28.1163035839775
195605,42.244389204545435
195606,50.62702898550725
195607,55.937026647966306
195608,52.770336605890606
195609,43.3155797101449
195610,24.19165497896215
195611,6.849710982658966
195612,-5.465435540069687
195701,12.569565217391313
195702,6.597831138652208
195703,19.02201963534363
195704,32.32565217391304
195705,44.24964936886398
195706,56.85456521739135
195707,55.908944793850445
195708,55.096761658031056
195709,43.991301504251155
195710,33.20328820116054
195711,20.84938828074695
195712,-1.8782140595313483
195801,5.065194805194815
195802,8.429593267882185
195803,18.68345184227538
195804,29.553137516688924
195805,39.68513773222294
195806,53.11440960640429
195807,55.45939315687541
195808,52.49512195121952
195809,42.81071190951433
195810,24.402585649644465
195811,13.801739130434765
195812,7.329493087557612
195901,0.051643489254109616
195902,14.841213832039514
195903,1.0298768632534023
195904,22.628114590273142
195905,41.44483870967743
195906,52.694547872340436
195907,50.95825426944972
195908,52.200633312222884
195909,43.195641025641045
195910,29.393052109181145
195911,17.98856775850996
195912,2.3793039154754485
196001,6.403223767383067
196002,13.76646382691007
196003,12.051234958834701
196004,20.8822950819672
196005,43.80462025316458
196006,49.01509803921573
196007,54.76786843769766
196008,51.238330170778056
196009,41.405490196078425
196010,29.725253164556968
196011,13.060166551006244
196012,17.916419919246295
196101,12.507795698924726
196102,2.8835978835978895
196103,5.65013440860215
196104,23.253819444444453
196105,42.51443922095368
196106,49.27756232686979
196107,52.30995292535306
196108,50.76906523201077
196109,44.434815844336384
196110,26.67116935483874
196111,13.507203389830519
196112,-3.637002025658338
196201,6.997843665768194
196202,15.348175725986607
196203,13.218897108271673
196204,25.347612456747427
196205,37.243938379102445
196206,49.24934437543134
196207,55.85580296896084
196208,53.06693989071038
196209,41.37096317280456
196210,31.332580424366878
196211,16.223055162659126
196212,8.135621139327384
196301,13.474415497661994
196302,10.877884615384614
196303,12.657774798927617
196304,24.16544066620403
196305,41.84717741935482
196306,46.89784722222224
196307,53.10390946502056
196308,50.77714481811944
196309,45.525462304409665
196310,28.383800841514724
196311,6.43202898550725
196312,15.364375876577839
196401,3.2063814866760136
196402,3.8787106446776565
196403,6.112016865776522
196404,21.428043478260868
196405,34.137237026647966
196406,50.4587382160986
196407,53.5579958819492
196408,51.33417982155114
196409,44.618452803406655
196410,31.779189560439555
196411,16.195457771469133
196412,-3.414776632302403
196501,2.754426904598493
196502,-0.19080547112461618
196503,23.704873026767324
196504,27.377588652482245
196505,35.60907230559345
196506,47.199374130737155
196507,52.43745796906525
196508,50.16377104377104
196509,46.40626740947075
196510,24.505787348586793
196511,19.633380480905238
196512,4.611724137931032
196601,2.6935261707988976
196602,7.719283536585366
196603,4.668181818181811
196604,23.944002838892846
196605,36.08489010989012
196606,50.99808102345416
196607,53.23269230769233
196608,50.8793388429752
196609,45.31680911680911
196610,27.97100550964188
196611,17.35991471215352
196612,4.36662078458362
196701,6.608194444444444
196702,7.886986301369866
196703,18.86068728522336
196704,29.08477951635844
196705,41.08138736263737
196706,50.82369735902925
196707,53.593264604811026
196708,52.682911825017094
196709,44.39398986241857
196710,29.490721649484545
196711,20.003533568904604
196712,10.033651877133114
196801,7.367261496225121
196802,5.971417910447764
196803,17.20027624309393
196804,24.220521861777158
196805,40.15351239669423
196806,49.4659605551497
196807,56.40936619718313
196808,54.3508759635599
196809,41.91741366642176
196810,27.481478873239446
196811,15.056156156156142
196812,0.9522279035792542
196901,0.3767191977077358
196902,5.172274143302175
196903,14.58072546230441
196904,28.64941262848753
196905,42.46963649322878
196906,52.29504132231405
196907,52.35429200293472
196908,47.222163786626574
196909,45.33734472049691
196910,34.12927382753404
196911,11.48284839203674
196912,15.573735119047617
197001,-2.257024793388429
197002,12.839108494533225
197003,16.557718631178698
197004,23.12150706436421
197005,40.203132161955686
197006,48.39340746624304
197007,52.31755196304848
197008,49.8671790930054
197009,39.80765511684126
197010,22.09148936170212
197011,18.38566775244299
197012,4.024486571879935
197101,-8.438788426763107
197102,-2.533041575492342
197103,0.7793974732750241
197104,16.75563451776649
197105,32.631750741839774
197106,48.64660587639314
197107,52.22963689892052
197108,49.0099902056807
197109,41.4789847715736
197110,26.867546432062547
197111,12.985252525252529
197112,6.190382728164866
197201,0.14462193823216182
197202,1.1571589627959435
197203,-0.8830347734457381
197204,15.16716899892358
197205,35.66970649895178
197206,45.74407894736843
197207,56.72981818181818
197208,52.56705385427667
197209,41.023830734966594
197210,30.727142857142862
197211,17.105318039624617
197212,9.913441955193486
197301,6.277543859649125
197302,15.28182692307693
197303,17.058524590163938
197304,30.72743362831859
197305,41.47754385964911
197306,50.159209344115
197307,53.92348242811498
197308,51.355934959349604
197309,46.33211618257262
197310,32.43387888707037
197311,17.466804635761594
197312,15.923380726698266
197401,7.705998356614624
197402,5.239744758432091
197403,17.713856427378968
197404,31.7864135021097
197405,45.28527881040891
197406,51.57401263823064
197407,55.62552529182882
197408,56.24670797831136
197409,49.35912294440093
197410,30.443234323432343
197411,16.290950226244345
197412,7.090965948575398
197501,2.8288363171355466
197502,6.4545634920634924
197503,16.16352670878806
197504,25.474366359447004
197505,40.38687214611873
197506,49.18532055122827
197507,54.940458015267176
197508,52.24949748743717
197509,43.304502219403936
197510,29.050121506682864
197511,10.39260843005498
197512,4.120203951561501
197601,8.617961466749543
197602,4.195484293193722
197603,16.0093122337188
197604,28.184876543209878
197605,39.45195266272189
197606,50.59577377252952
197607,55.03145363408522
197608,54.34092326887086
197609,45.03926128590972
197610,29.9240915208614
197611,23.119738751814232
197612,10.201277235161529
197701,21.002516175413376
197702,19.52183098591549
197703,12.637492354740058
197704,24.72310630171866
197705,40.749069916613195
197706,52.60032573289902
197707,57.906548788474154
197708,58.35585412667947
197709,46.72269601100412
197710,32.85587467362926
197711,10.172207084468669
197712,4.51125319693095
197801,15.455182744158174
197802,14.028879610299242
197803,21.232955974842767
197804,33.61799729364006
197805,44.82957746478873
197806,50.131849791376915
197807,55.79569892473121
197808,56.38760942760941
197809,47.30559006211179
197810,32.062825520833336
197811,22.575684485006533
197812,17.015572715572713
197901,15.751041009463723
197902,0.6478386167146986
197903,22.863241590214074
197904,32.852675159235666
197905,45.96017857142856
197906,51.960945273631864
197907,56.97869264613451
197908,56.59713589274834
197909,47.888975864318304
197910,37.15711513583441
197911,28.567700258397938
197912,6.128182393920202
198001,6.403617412630279
198002,20.63694481830417
198003,22.262170447578175
198004,33.695706737120204
198005,44.721583178726036
198006,51.03477406679765
198007,55.61167127071824
198008,51.904318026045246
198009,43.74863921842289
198010,33.77711538461537
198011,21.9889192886457
198012,-2.834650856389985
198101,24.913984674329495
198102,15.762934631432554
198103,27.66350769230767
198104,31.682683706070275
198105,49.73827238335435
198106,52.87645536869337
198107,53.91803995006245
198108,52.852122795558465
198109,44.09012933968687
198110,32.79909031838857
198111,18.72892561983471
198112,10.272354497354499
198201,2.9903807615230407
198202,11.182452107279696
198203,19.85549095607235
198204,26.951569806279224
198205,41.02763684913218
198206,51.808321678321676
198207,55.29088983050845
198208,53.2920819112628
198209,46.32396280400573
198210,26.64378074490514
198211,17.774128312412824
198212,15.048317631224762
198301,6.733333333333333
198302,14.19690721649485
198303,20.738359788359787
198304,33.41852879944482
198305,44.81929133858268
198306,53.213872053872045
198307,56.29007427413908
198308,51.54478405315615
198309,42.1121212121212
198310,29.734752981260645
198311,21.693850964043776
198312,14.69477351916376
198401,9.406805293005668
198402,1.438185654008442
198403,24.62338670548277
198404,27.631535269709563
198405,42.07458847736625
198406,54.02958422174838
198407,54.90205587770165
198408,52.1001026167265
198409,46.39846560846558
198410,31.064404145077724
198411,15.227135416666666
198412,13.48849913743531
198501,24.497060454797563
198502,6.035464044253223
198503,18.963572204125935
198504,20.98410672853828
198505,41.476714601769906
198506,50.26347230864966
198507,56.58980203959207
198508,52.4497461928934
198509,44.59205753595995
198510,26.57250287026407
198511,13.321279069767447
198512,22.554081066074403
198601,12.759493670886071
198602,16.460921717171708
198603,15.89107438016528
198604,25.246381007527493
198605,43.146304347826074
198606,53.95558180744243
198607,56.746914952751524
198608,51.15307950727884
198609,45.71912507010657
198610,32.768938977460145
198611,16.965812983919
198612,22.156341320864982
198701,15.735534084809455
198702,16.28967046894803
198703,20.937202718006798
198704,30.762464669304688
198705,43.720077433628305
198706,50.82367653188829
198707,55.793742574257465
198708,54.95933796485491
198709,44.38558521560571
198710,36.65588346575859
198711,22.193585202676115
198712,14.358557844690964
198801,14.924858543945685
198802,17.44348178137652
198803,22.3217487958503
198804,31.805800998847477
198805,44.20841944125527
198806,52.46123160340822
198807,56.46731428571428
198808,53.18310331965681
198809,45.19628913799765
198810,31.365378670788267
198811,16.65296912114015
198812,17.394940711462453
198901,-1.0281876503608611
198902,19.13275468250343
198903,19.475356244761105
198904,33.77314261315114
198905,42.136301108139094
198906,52.22277580071175
198907,57.62419607843139
198908,55.33820224719101
198909,47.659782608695664
198910,33.500080840743735
198911,15.40228349849203
198912,20.9067157712305
199001,9.990215517241372
199002,1.3931414868105503
199003,23.51091882983107
199004,35.32712153518122
199005,46.39295261239371
199006,53.79494163424125
199007,57.89764560099133
199008,55.66813014504117
199009,45.39958915365654
199010,30.379740680713127
199011,13.298258598171527
199012,12.59337868480725
199101,12.499013010318523
199102,13.243452650657003
199103,19.91005988023952
199104,32.43575685339692
199105,43.58247422680412
199106,53.185890516576684
199107,54.34289454001496
199108,51.909812905689236
199109,47.24163756305782
199110,32.8744117647059
199111,19.7163993584603
199112,12.897470743676854
199201,14.576147540983607
199202,9.732043478260865
199203,19.263582908663285
199204,28.86568471337578
199205,39.00783553141971
199206,52.202394974479766
199207,55.268095572733664
199208,51.8832013769363
199209,36.5881504922644
199210,27.653224687933434
199211,20.479449152542372
199212,9.747086403214995
199301,9.102912942734186
199302,16.792377495462794
199303,21.638426675299456
199304,33.88470198675495
199305,45.12457436556378
199306,52.19225888324874
199307,57.691018891297595
199308,53.0974992185058
199309,44.28811723478815
199310,35.35607361963192
199311,22.343311506080436
199312,17.815627822944894
199401,13.03569312796208
199402,10.488685121107263
199403,16.442100538599636
199404,30.04746649231775
199405,42.859913258983894
199406,50.7877674864261
199407,55.25068202485603
199408,54.469438906294506
199409,43.6329997056226
199410,28.538845726970024
199411,13.630330603579015
199412,9.130534591194964
199501,10.94319136172765
199502,14.807379713914179
199503,14.070164126611951
199504,33.6463807785888
199505,45.1051779935275
199506,50.85676400476761
199507,54.6990880592762
199508,52.155243501643305
199509,48.7868797308663
199510,32.148506637168154
199511,16.110235533585346
199512,11.823986945879783
199601,3.4211915125136
199602,10.217232299590409
199603,22.633882289416864
199604,28.44258456201215
199605,43.0922965641953
199606,51.343636363636335
199607,55.38142380422689
199608,51.156688910073086
199609,42.537206178643366
199610,25.372401315789475
199611,18.64351092896175
199612,8.878092307692313
199701,8.190181124880844
199702,22.252957550452326
199703,15.878523057078358
199704,33.12104247104247
199705,45.40362017804156
199706,54.207712765957474
199707,57.547538151454056
199708,55.19231234866828
199709,48.336369193154056
199710,27.438589449541297
199711,24.613458056729023
199712,11.277700348432047
199801,7.971194518915696
199802,16.990295748613683
199803,25.093961352657008
199804,34.090631929046545
199805,41.989474940334134
199806,51.12655189136762
199807,55.57099200752234
199808,50.20818334533236
199809,44.947982854261205
199810,33.07975460122699
199811,21.108238776517034
199812,10.577393554457766
199901,4.178691315981509
199902,3.7956387169386674
199903,15.566104636746841
199904,27.413800738007374
199905,39.75825197582516
199906,51.26591182847509
199907,54.32005623242739
199908,52.788213627992626
199909,45.64512820512821
199910,28.634868421052644
199911,14.718808551525338
199912,3.897807217907716
200001,5.110009407337714
200002,19.298175987171774
200003,20.36947291361638
200004,27.526187322611168
200005,38.013849249908496
200006,51.64752617532337
200007,53.35373072970195
200008,50.77240809582821
200009,43.402803129074314
200010,31.37612223393044
200011,24.714547437295536
200012,20.739443202601088
200101,21.20055281342547
200102,21.252819715808172
200103,18.688308716455154
200104,30.099618482407813
200105,37.49937950360287
200106,52.43269029146569
200107,53.857347020934
200108,53.06725181598065
200109,45.77461227958362
200110,28.52033260740446
200111,17.87646823811426
200112,7.2940724256524305
200201,13.154287476866136
200202,13.623105809586926
200203,19.978674629165855
200204,26.06703574203573
200205,43.49225009359789
200206,51.192794174013024
200207,54.46782187441776
200208,52.02846253950546
200209,46.119269662921354
200210,36.937809840917474
200211,28.870000000000005
200212,18.90499813502425
200301,15.506330773553112
200302,20.041780390510198
200303,17.120037771482533
200304,32.1941822384897
200305,41.64015378844712
200306,52.33276529821844
200307,55.36349590469099
200308,52.77129097981109
200309,43.89017363851615
200310,36.465402038505104
200311,21.200058275058275
200312,11.700835707502375
200401,6.589321679650391
200402,15.320349075975372
200403,15.550286041189937
200404,31.66742259909289
200405,45.173992008717775
200406,55.27123739688358
200407,58.157364206128136
200408,57.17447632459072
200409,42.25754683633791
200410,34.688853838065185
200411,22.808084554051526
200412,15.531642641039344
200501,13.314225861740624
200502,13.388772146683158
200503,22.85492690336055
200504,28.88566082332086
200505,45.12859778597788
200506,53.031648983995716
200507,55.74707952146373
200508,54.87992311724623
200509,46.549955713020374
200510,32.485378236588254
200511,11.924573021958873
200512,17.8938710754843
200601,2.0725985021165667
200602,16.73779312852209
200603,13.129654276903107
200604,24.447088186356076
200605,41.2718291700242
200606,49.35851408222726
200607,53.763671814069625
200608,50.18557244802983
200609,46.90331624479334
200610,36.10565659679408
200611,13.83415394715248
200612,14.306229909689272
200701,10.090807626724537
200702,13.209965064049248
200703,6.507486959189943
200704,31.89098660170523
200705,40.69315403422983
200706,51.27774413323239
200707,55.769750580046434
200708,55.166500603864705
200709,47.49223211544366
200710,31.6185936343449
200711,25.59986392500757
200712,14.920746268656707
200801,7.127783685249888
200802,7.508563754147578
200803,17.220815961882074
200804,26.75535956580733
200805,40.36687907528153
200806,48.60279933059487
200807,52.01825350467291
200808,50.5262537764351
200809,44.78689262147569
200810,26.656473471741645
200811,17.851868568333646
200812,20.036621315192743
200901,15.201724137931029
200902,18.287936132465994
200903,20.231726694915253
200904,31.528192640692637
200905,43.52774896265561
200906,50.414736269711796
200907,57.32665289256198
