194306,72.15294117647059
194307,79.01612903225808
194308,78.54838709677418
194309,68.36000000000001
194310,55.052688172043
194311,38.07777777777777
194312,29.079569892473113
194401,14.593548387096769
194402,28.348275862068967
194403,36.298924731182794
194404,46.06999999999999
194405,59.912903225806474
194406,63.95333333333333
194407,78.34838709677419
194408,76.1774193548387
194409,64.74444444444445
194410,54.16451612903224
194411,37.78
194412,28.565591397849456
194501,30.737634408602155
194502,36.06785714285715
194503,38.21612903225807
194504,46.13888888888888
194505,60.94086021505376
194506,62.90666666666668
194507,79.1193548387097
194508,76.00967741935483
194509,62.716666666666654
194510,54.47741935483872
194511,38.11555555555556
194512,34.173913043478265
194601,28.154838709677424
194801,26.440860215053757
194802,27.065517241379307
194803,30.922580645161293
194804,45.75
194805,55.24086021505375
194806,64.45857142857143
194807,74.4353846153846
194808,73.97142857142858
194809,67.3142857142857
194810,50.0774193548387
194811,33.90814814814815
194812,25.178853046594984
194901,12.372043010752693
194902,18.90992063492064
194903,37.83180076628353
194904,52.30557620817846
194905,58.43655913978495
194906,66.27629629629631
194907,75.52939068100356
194908,73.54086021505375
194909,66.41777777777776
194910,47.6967741935484
194911,42.01074074074074
194912,26.39259259259259
195001,25.071002710027102
195002,34.64970238095238
195003,40.3146953405018
195004,50.4937037037037
195005,56.08458781362008
195006,68.09187675070027
195007,74.99086021505374
195008,74.11964809384165
195009,64.28393939393939
195010,57.35337243401759
195011,41.29909090909091
195012,34.12023460410557
195101,28.22991202346041
195102,33.54220779220778
195103,38.33489736070383
195104,51.12424242424243
195105,59.19442815249268
195106,67.1360119047619
195107,78.00107816711592
195108,73.72715053763439
195109,66.35302593659944
195110,50.56253369272238
195111,36.35398230088496
195112,26.534017595307915
195201,26.07302052785923
195202,30.268652037617557
195203,34.545747800586504
195204,50.65272727272727
195205,61.850439882697934
195206,69.54909090909092
195207,76.73284457478006
195208,77.08563049853373
195209,67.96757575757577
195210,56.34310850439881
195211,33.57454545454546
195212,30.674780058651024
195301,36.843108504398835
195302,33.857142857142854
195303,43.0707100591716
195304,48.664242424242424
195305,54.06099706744869
195306,70.16272727272727
195307,79.2477341389728
195308,75.41378299120234
195309,68.90363636363638
195310,52.84281524926688
195311,42.85666666666666
195312,27.38563049853372
195401,31.859824046920817
195402,36.29058441558441
195403,38.62140762463343
195404,55.30727272727273
195405,63.79325513196481
195406,68.45545454545456
195407,79.39530791788857
195408,74.55014662756598
195409,66.55757575757576
195410,53.32727272727272
195411,41.75515151515151
195412,28.053079178885632
195501,20.27058823529412
195502,22.562755102040814
195503,36.72995391705069
195504,46.25714285714286
195505,57.05714285714286
195506,66.80857142857144
195507,75.07327188940091
195508,74.78325581395347
195509,65.25619047619047
195510,52.762672811059915
195511,36.28380952380952
195512,34.39124423963134
195601,33.76021505376344
195602,24.368965517241374
195603,40.49569892473118
195604,48.12944444444445
195605,59.7263440860215
195606,71.6711111111111
195607,75.40752688172043
195608,72.3768817204301
195609,67.27777777777777
195610,51.349462365591386
195611,31.734444444444442
195612,27.778494623655916
195701,24.561290322580643
195702,36.76428571428571
195703,41.40860215053763
195704,46.90777777777777
195705,54.30806451612903
195706,68.05833333333334
195707,75.78602150537634
195708,74.33279569892473
195709,63.35166666666666
195710,49.60698924731182
195711,32.19555555555555
195712,31.833870967741937
195801,27.86589861751152
195802,38.70612244897959
195803,37.10875576036866
195804,47.174761904761894
195805,65.01612903225806
195806,72.68428571428572
195807,77.32304147465439
195808,78.1341013824885
195809,66.3404761904762
195810,54.578801843317954
195811,36.58714285714286
195812,34.97603686635944
195901,32.659447004608296
195902,33.183673469387756
195903,41.44746543778801
195904,52.271573604060926
195905,56.78602150537635
195906,73.2311111111111
195907,78.89569892473119
195908,73.89135135135137
195909,63.504591836734704
195910,53.00552995391706
195911,38.0152380952381
195912,28.027188940092163
196001,22.51198156682028
196002,29.903448275862072
196003,43.58156682027649
196004,51.49047619047619
196005,60.14562211981566
196006,73.59571428571428
196007,80.81336405529954
196008,75.42073732718893
196009,69.04523809523808
196010,52.44608294930876
196011,40.685714285714276
196012,28.65668202764977
196101,27.027649769585253
196102,37.107142857142854
196103,40.14884792626728
196104,49.66904761904761
196105,60.34516129032259
196106,75.71904761904761
196107,79.79032258064518
196108,75.54285714285716
196109,60.688571428571436
196110,50.32165898617511
196111,34.74761904761905
196112,29.11428571428571
196201,22.87603686635945
196202,32.61581632653062
196203,35.83179723502304
196204,54.42809523809524
196205,58.173732718894016
196206,69.26809523809526
196207,76.48433179723504
196208,76.22718894009218
196209,68.27904761904762
196210,54.744700460829506
196211,42.106666666666655
196212,28.115207373271893
196301,21.869124423963136
196302,39.37244897959183
196303,39.3331797235023
196304,45.37285714285714
196305,63.62534562211981
196306,64.61285714285714
196307,79.07834101382488
196308,76.1889400921659
196309,68.06619047619047
196310,58.32672811059907
196311,39.6090909090909
196312,26.094470046082954
196401,25.611981566820283
196402,28.561576354679804
196403,35.01751152073733
196404,47.030476190476186
196405,57.54976958525344
196406,65.97761904761904
196407,79.95069124423961
196408,74.46728110599078
196409,63.81952380952382
196410,55.50276497695854
196411,35.62047619047619
196412,33.184331797235025
196501,32.04139784946237
196502,32.60654761904762
196503,36.19086021505375
196504,48.73777777777777
196505,54.193548387096776
196506,64.24499999999998
196507,74.60000000000001
196508,71.00537634408602
196509,57.987222222222215
196510,53.25698924731182
196511,42.912222222222226
196512,27.272043010752686
196601,25.805913978494623
196602,28.577380952380945
196603,40.041935483870965
196604,49.18944444444443
196605,63.01935483870969
196606,69.055
196607,77.97989130434784
196608,73.8602564102564
196609,65.0141935483871
196610,48.88703703703704
196611,40.83166666666667
196612,26.718279569892474
196701,25.581720430107527
196702,33.679761904761904
196703,43.14086021505376
196704,43.677777777777784
196705,55.773118279569886
196706,63.342222222222226
196707,77.25913978494624
196708,76.37903225806451
196709,65.04666666666668
196710,52.791666666666664
196711,42.32238095238094
196712,23.695852534562214
196801,24.899539170506916
196802,37.82463054187192
196803,42.51705069124424
196804,44.81666666666667
196805,57.3110599078341
196806,69.41809523809522
196807,76.88156682027649
196808,68.28202764976956
196809,62.23285714285715
196810,50.965437788018434
196811,38.158373205741626
196812,25.754838709677426
196901,32.616129032258065
196902,30.94336734693878
196903,36.02442396313364
196904,49.38095238095238
196905,64.31059907834101
196906,64.91380952380953
196907,77.44976958525345
196908,78.08585365853659
196909,66.68579234972678
196910,45.4419689119171
196911,36.11091954022989
196912,30.57326203208556
197001,31.120320855614974
197002,37.76508875739645
197003,37.95315789473683
197004,42.79838709677419
197005,58.63858695652174
197006,67.60537634408601
197007,75.18947368421053
197008,75.45347593582888
197009,59.082513661202185
197010,45.93631578947369
197011,39.25204678362573
197012,28.240963855421686
197101,27.936111111111106
197102,30.611904761904757
197103,37.465753424657535
197104,45.67357142857143
197105,52.611111111111114
197106,65.81914893617021
197107,74.5099290780142
197108,71.96438356164383
197109,58.17446808510637
197110,44.87202797202797
197111,33.364285714285714
197112,24.412230215827332
197201,28.114583333333332
197202,34.30514705882353
197203,44.60890410958904
197204,47.223913043478255
197205,57.49862068965518
197206,67.10319999999999
197207,75.40915492957747
197208,69.4008064516129
197209,58.72916666666668
197210,47.85564516129032
197211,32.552499999999995
197212,19.32741935483871
197301,16.115859030837004
197302,25.648636363636367
197303,36.33469387755103
197304,45.581115879828324
197305,59.3322869955157
197306,67.32540540540542
197307,74.74043478260867
197308,75.08122448979591
197309,63.47620967741931
197310,54.48807339449539
197311,39.10294117647058
197312,29.39196141479099
197401,20.35591054313099
197402,25.37525773195876
197403,45.44620462046204
197404,48.9375
197405,65.27796610169493
197406,75.75238095238096
197407,77.76561264822136
197408,74.75827067669175
197409,66.82301587301588
197410,53.81381818181817
197411,39.22021276595744
197412,27.60541666666668
197501,23.59414414414415
197502,30.14669811320755
197503,38.177862595419846
197504,42.888
197505,54.09751037344399
197506,64.79460580912863
197507,75.79221311475412
197508,72.81679687500001
197509,65.05060240963856
197510,49.799166666666665
197511,35.78326359832636
197512,26.764757709251104
197601,25.42439024390244
197602,33.44894514767933
197603,34.01171171171169
197604,48.99199999999998
197605,62.05204081632653
197606,69.1782608695652
197607,77.99222222222224
197608,71.39829545454545
197609,64.45866666666667
197610,48.626288659793815
197611,37.922485207100586
197612,26.17485029940119
197701,25.24171779141104
197702,33.94896551724137
197703,37.449673202614385
197704,54.49718309859155
197705,57.083018867924544
197706,75.82812500000003
197707,75.04489795918369
197708,73.13209876543209
197709,66.1528409090909
197710,53.15348837209301
197711,38.04408602150538
197712,32.086702127659564
197801,25.586413043478263
197802,29.255714285714287
197803,47.531111111111116
197804,53.06815286624203
197805,59.746715328467175
197806,73.61219512195123
197807,80.54084507042253
197808,74.67185185185186
197809,62.49485714285714
197810,53.344723618090455
197811,34.89019607843138
197812,15.381818181818184
197901,13.417874396135266
197902,19.304519774011297
197903,35.586432160804016
197904,49.45806451612903
197905,58.596875000000004
197906,69.48715083798882
197907,76.58586387434556
197908,71.67962962962966
197909,67.62484848484847
197910,54.026315789473664
197911,30.990555555555552
197912,25.304639175257734
198001,26.27731958762887
198002,30.276190476190475
198003,37.99903381642511
198004,49.64215686274509
198005,56.5876288659794
198006,70.71459459459457
198007,77.36082949308754
198008,72.35515463917527
198009,64.52976190476188
198010,49.17388888888888
198011,38.91326530612246
198012,33.88282828282828
198101,31.727860696517418
198102,34.50357142857143
198103,43.417283950617275
198104,54.8263157894737
198105,57.91435185185187
198106,74.16096256684494
198107,77.38512820512823
198108,78.01767676767676
198109,70.16256410256409
198110,51.70492610837439
198111,42.24977777777778
198112,31.58632812499999
198201,22.91653225806452
198202,29.172169811320753
198203,40.746511627906976
198204,47.00686695278969
198205,58.14708737864076
198206,68.90334928229667
198207,76.20233918128655
198208,76.0550295857988
198209,62.34123222748815
198210,47.17040358744392
198211,36.388392857142854
198212,27.4186507936508
198301,29.419047619047628
198302,34.20497925311203
198303,42.418794326241155
198304,45.29498069498069
198305,55.5396
198306,68.00429184549353
198307,75.2575187969925
198308,76.4679856115108
198309,66.32386363636364
198310,52.67298245614034
198311,37.52159090909091
198312,25.50857142857143
198401,13.388255033557046
198402,20.089399293286217
198403,36.39462025316456
198404,47.02760942760942
198405,62.968571428571416
198406,67.82526315789475
198407,77.45283687943262
198408,74.13523809523805
198409,64.33222591362126
198410,46.55353846153848
198411,37.5248427672956
198412,25.989968652037614
198501,18.057843137254903
198502,22.022101449275365
198503,37.79408099688472
198504,54.502877697841726
198505,62.422903225806444
198506,72.44192439862542
198507,77.24177631578944
198508,75.53964912280703
198509,60.737751004016076
198510,51.10000000000001
198511,35.310727969348655
198512,27.821355932203414
198601,30.901567398119095
198602,40.748571428571424
198603,50.23914285714285
198604,53.4178913738019
198605,60.88176291793314
198606,76.4288590604027
198607,76.77465753424657
198608,78.06993670886074
198609,62.25220125786165
198610,52.79498432601879
198611,43.04871794871794
198612,31.747720364741664
198701,26.174924471299086
198702,36.35134328358209
198703,42.888118811881206
198704,59.06593406593407
198705,63.87675070028011
198706,74.77107438016527
198707,76.15378590078329
198708,75.14285714285717
198709,67.87352941176466
198710,56.55525606469002
198711,40.21592178770949
198712,28.852722063037245
198801,20.48702064896756
198802,31.200923076923058
198803,41.176357827476025
198804,53.151582278480994
198805,61.28794117647058
198806,75.82278106508875
198807,80.61847133757962
198808,75.78821752265858
198809,63.356574923547385
198810,59.727999999999994
198811,39.6708092485549
198812,25.811235955056194
198901,20.157948717948713
198902,25.490331491712716
198903,45.77287671232876
198904,57.02895522388059
198905,62.26463768115945
198906,70.23615160349854
198907,81.11698717948718
198908,73.92621082621085
198909,65.35754385964911
198910,52.258006042296074
198911,39.584385382059786
198912,28.625684931506857
199001,30.46391437308869
199002,31.20544871794873
199003,47.39436997319036
199004,56.361154855643
199005,60.14959785522787
199006,74.33183023872678
199007,79.66486486486482
199008,76.20081967213115
199009,69.68045977011495
199010,52.31562500000002
199011,38.491228070175445
199012,22.31
199101,19.390566037735844
199102,31.389966555183968
199103,41.08016528925621
199104,47.396784565916384
199105,56.775949367088586
199106,68.93843283582089
199107,77.18181818181819
199108,75.59562043795621
199109,64.996015936255
199110,51.55999999999999
199111,36.9293103448276
199112,25.978996865203772
199201,19.93609467455622
199202,34.972277227722785
199203,46.14018987341771
199204,56.54521072796937
199205,64.16061538461537
199206,70.57193548387096
199207,75.11771428571427
199208,76.00515759312323
199209,67.66461126005362
199210,56.44533678756478
199211,35.34535519125683
199212,25.427248677248677
199301,25.942329545454548
199302,30.399999999999995
199303,43.28816705336426
199304,50.74042553191493
199305,62.676373626373625
199306,67.78677685950413
199307,74.19889502762432
199308,70.5781512605042
199309,63.98961748633879
199310,50.68405405405407
199311,34.453532608695646
199312,29.17574123989219
199401,32.2044502617801
199402,32.38210227272728
199403,46.688205128205134
199404,52.36430517711168
199405,63.01553672316381
199406,75.65772357723574
199407,79.79706666666667
199408,78.18800000000003
199409,67.5671270718232
199410,51.10911680911682
199411,34.06076923076924
199412,30.857344632768353
199501,32.72768817204303
199502,40.91471471471472
199503,45.07282608695654
199504,48.93655352480417
199505,55.881122448979596
199506,66.38793565683645
199507,75.69498607242336
199508,77.79472049689439
199509,67.90485714285718
199510,52.115644171779174
199511,43.26058823529412
199512,34.976836158192064
199601,31.252777777777762
199602,35.33571428571429
199603,44.795490716180396
199604,53.089488636363654
199605,64.06275659824047
199606,74.71942446043165
199607,80.87740585774058
199608,78.5557768924303
199609,64.52377358490567
199610,52.62284768211919
199611,41.61573033707866
199612,34.07173144876325
199701,29.041999999999994
199702,33.5107142857143
199703,47.38316498316498
199704,49.55892857142856
199705,66.49139784946233
199706,73.73584905660378
199707,77.36186770428014
199708,77.1516
199709,67.89070631970259
199710,54.03129032258064
199711,41.98754208754209
199712,29.484228187919456
199801,35.46851211072665
199802,37.18036363636361
199803,43.5808080808081
199804,49.675477707006365
199805,60.36096774193547
199806,66.1625
199807,79.66586102719036
199808,77.62507122507122
199809,67.64688279301745
199810,51.57244258872651
199811,40.158750000000026
199812,26.594409937888194
199901,33.59154929577464
199902,37.18939393939395
199903,47.30225225225226
199904,47.20972222222222
199905,59.1114155251142
199906,70.74784688995219
199907,77.72084309133487
199908,74.62005012531328
199909,65.84473007712086
199910,55.25436893203884
199911,43.28708133971292
199912,30.670308788598586
200001,34.43858064516127
200002,38.54610303830907
200003,42.625710754017305
200004,56.142914438502665
200005,64.62415048543689
200006,73.2024421593831
200007,79.7084306095979
200008,77.61258023106556
200009,65.51908496732025
200010,52.226832460733036
200011,31.978494623655934
200012,30.542211055276386
200101,27.769586374695894
200102,33.28628808864264
200103,44.69747899159668
200104,50.40866752910738
200105,64.04949748743714
200106,72.22267037552153
200107,77.40012690355333
200108,75.9134253450439
200109,68.53615084525357
200110,54.31565217391302
200111,41.37309644670049
200112,25.462836185819057
200201,26.911723329425545
200202,30.1207894736842
200203,40.12196878751505
200204,54.3061199510404
200205,61.32183353437881
200206,74.20307692307689
200207,81.45006535947718
200208,75.1787688442211
200209,64.42437745740499
200210,49.48522292993628
200211,36.8150720838794
200212,30.511794228356358
200301,34.83153374233131
200302,33.82145804676753
200303,43.6069825436409
200304,50.175622542595036
200305,62.311180904522644
200306,71.58626666666666
200307,82.69751633986925
200308,77.2017766497462
200309,65.36675358539769
200310,57.0264080100125
200311,36.694266666666664
200312,31.128117048346024
200401,23.29603580562661
200402,29.275098814229235
200403,48.24283950617287
200404,52.174809160305315
200405,62.27331670822946
200406,71.34762569832405
200407,77.4393421052632
200408,73.03189873417716
200409,63.97273885350314
200410,52.11276595744683
200411,38.03877822045154
200412,30.47330779054917
200501,35.37285945072696
200502,37.174955908289256
200503,43.41368078175894
200504,51.19266211604098
200505,62.0219903691814
200506,68.60506756756757
200507,81.35542168674702
200508,74.7521739130435
200509,65.43531409168082
200510,53.83822580645162
200511,40.52378559463984
200512,30.164039408866998
200601,31.464676616915423
200602,33.58866906474822
200603,41.22073365231261
200604,53.80597269624576
200605,65.69792027729642
200606,76.01274685816875
200607,81.19764705882353
200608,75.38608000000009
200609,62.83619210977699
200610,50.36324786324785
200611,40.9998254799302
200612,28.282174688057015
200701,22.51361344537817
200702,36.60332717190388
200703,47.066499162479055
200704,53.71308243727592
200705,63.51236749116605
200706,75.17272727272724
200707,82.58217468805705
200708,79.25852842809368
200709,67.39153439153442
200710,52.78283333333334
200711,42.42547332185884
200712,26.465180102915948
200801,24.079084967320266
200802,31.41007326007327
200803,41.405076142131975
200804,49.15044247787618
200805,58.922689075630274
200806,72.39356725146193
200807,81.46262833675563
200808,78.0092307692308
200809,66.45212355212364
200810,53.06576576576571
200811,43.079826464208224
200812,29.302369668246442
200901,29.596650717703362
200902,36.37864583333333
200903,43.7771144278607
200904,50.38994974874373
200905,64.57440758293836
200906,67.93034825870649
200907,78.00377358490567
