194801,24.668817204301074
194802,34.99770114942528
194803,46.51075268817204
194804,56.242222222222225
194805,59.84470588235293
194806,67.82
194807,71.14999999999998
194808,68.95483870967742
194809,63.96333333333333
194810,50.088709677419374
194811,46.30333333333333
194812,36.109677419354824
194901,39.97419354838709
194902,39.89743589743589
194903,42.214746543778794
194904,50.341904761904765
194905,62.77096774193548
194906,72.5352380952381
194907,76.45069124423961
194908,72.13594470046081
194909,61.45857142857141
194910,59.648387096774215
194911,43.494285714285716
194912,37.73548387096772
195001,43.97327188940092
195002,35.25459183673469
195003,37.722580645161294
195004,48.25714285714287
195005,62.494470046082945
195006,69.22809523809524
195007,70.6889400921659
195008,70.22119815668202
195009,63.00952380952379
195010,57.116129032258065
195011,39.957416267942584
195012,29.63410138248848
195101,34.739170506912444
195102,35.12040816326532
195103,41.994930875576046
195104,51.39190476190476
195105,62.338248847926266
195106,70.37238095238094
195107,73.74654377880186
195108,71.55668202764979
195109,65.20571428571427
195110,57.42903225806452
195111,38.31666666666668
195112,36.15115207373271
195201,37.95576036866358
195202,37.289162561576354
195203,41.15253456221198
195204,53.34523809523808
195205,61.27327188940094
195206,74.53619047619048
195207,76.20046082949304
195208,72.33917050691244
195209,65.23428571428572
195210,50.80230414746542
195211,45.739047619047604
195212,36.464055299539154
195301,38.28294930875577
195302,38.048469387755105
195303,43.787096774193564
195304,50.895238095238085
195305,66.94239631336404
195306,72.59857142857145
195307,75.51474654377878
195308,73.25656565656568
195309,66.63222222222223
195310,57.69301075268819
195311,44.045
195312,37.58440860215054
195401,33.832258064516125
195402,40.791071428571435
195403,41.10913978494624
195404,59.50666666666666
195405,57.852903225806436
195406,70.43866666666663
195407,73.00645161290322
195408,70.79677419354839
195409,67.19533333333332
195410,55.572258064516134
195411,41.400666666666645
195412,32.87032258064516
195501,30.44842105263159
195502,34.415476190476184
195503,44.45483870967742
195504,56.071111111111115
195505,63.75268817204301
195506,64.52111111111111
195507,76.0021505376344
195508,74.09677419354838
195509,66.5122222222222
195510,54.2236559139785
195511,40.09000000000001
195512,30.482795698924743
195601,29.250537634408598
195602,38.328735632183914
195603,40.44623655913977
195604,49.74111111111113
195605,61.52258064516129
195606,68.28
195607,71.18602150537633
195608,70.03333333333333
195609,61.60555555555555
195610,56.28279569892473
195611,42.739999999999995
195612,43.39139784946237
195701,30.19677419354839
195702,38.90238095238094
195703,41.88709677419355
195704,55.35666666666667
195705,62.98172043010753
195706,71.23333333333333
195707,73.03440860215055
195708,70.43655913978495
195709,66.43777777777778
195710,49.668817204301085
195711,44.59999999999998
195712,37.83333333333332
195801,29.122580645161296
195802,25.945238095238103
195803,37.050537634408585
195804,52.27
195805,60.78709677419353
195806,66.12555555555556
195807,73.26344086021507
195808,69.81935483870969
195809,63.98888888888889
195810,53.047311827956975
195811,45.546666666666646
195812,28.556989247311815
195901,30.36021505376344
195902,35.40833333333334
195903,40.03763440860216
195904,53.821111111111115
195905,64.85053763440861
195906,69.06555555555555
195907,72.95376344086023
195908,73.84623655913981
195909,67.06444444444445
195910,55.76559139784947
195911,41.83222222222221
195912,37.07634408602151
196001,35.27526881720431
196002,32.49655172413793
196003,30.3247311827957
196004,56.73555555555556
196005,59.3989247311828
196006,68.72333333333334
196007,70.64946236559139
196008,72.73225806451613
196009,66.1522222222222
196010,54.21612903225808
196011,44.28222222222223
196012,26.940860215053757
196101,26.319354838709682
196102,36.828571428571415
196103,44.640860215053756
196104,47.103333333333325
196105,57.48709677419355
196106,66.7888888888889
196107,71.16989247311827
196108,71.21827956989246
196109,68.11
196110,53.338709677419324
196111,45.242222222222225
196112,34.735483870967734
196201,31.852419354838716
196202,35.880357142857136
196203,40.28951612903227
196204,50.65916666666667
196205,66.65564516129032
196206,69.64249999999998
196207,70.46290322580646
196208,71.09435483870966
196209,62.135000000000026
196210,55.76451612903229
196211,41.50666666666666
196212,28.878225806451614
196301,26.83064516129032
196302,26.448214285714293
196303,45.68064516129032
196304,54.88333333333333
196305,60.16524822695036
196306,67.122
196307,69.49677419354839
196308,68.26645161290324
196309,61.479333333333344
196310,56.449677419354835
196311,45.06333333333333
196312,25.038064516129037
196401,32.975483870967736
196402,30.22758620689655
196403,43.02451612903225
196404,54.15333333333332
196405,63.99741935483871
196406,69.762
196407,72.20451612903229
196408,69.75290322580646
196409,64.41133333333333
196410,49.95677419354839
196411,46.323333333333345
196412,37.447096774193554
196501,32.22480000000001
196502,34.00625
196503,38.17741935483871
196504,52.902499999999996
196505,66.22338709677422
196506,67.56916666666666
196507,70.43225806451613
196508,69.54758064516128
196509,66.55083333333333
196510,50.94032258064515
196511,45.03083333333333
196512,38.37016129032258
196601,26.279838709677414
196602,33.0625
196603,44.158870967741926
196604,50.272500000000015
196605,60.18709677419356
196606,68.73666666666666
196607,73.05645161290323
196608,68.88709677419354
196609,61.89833333333334
196610,51.3241935483871
196611,45.086666666666666
196612,33.75161290322581
196701,36.91612903225807
196702,30.27053571428572
196703,45.5532258064516
196704,54.835833333333326
196705,56.39354838709677
196706,69.36333333333336
196707,68.38467741935484
196708,67.14112903225806
196709,59.257500000000014
196710,52.70967741935484
196711,39.50250000000001
196712,37.85000000000001
196801,27.944354838709682
196802,25.478448275862068
196803,44.19435483870967
196804,53.71416666666667
196805,58.14596774193548
196806,67.57416666666667
196807,71.21935483870966
196808,70.82580645161289
196809,63.01499999999999
196810,53.71612903225806
196811,44.926666666666655
196812,31.677419354838708
196901,29.855645161290326
196902,32.80714285714285
196903,36.241935483870975
196904,54.25333333333333
196905,61.990322580645156
196906,69.47916666666667
196907,73.35645161290323
196908,69.44758064516131
196909,61.895
196910,52.58387096774193
196911,40.06916666666666
196912,29.524193548387096
197001,25.293548387096777
197002,32.64464285714286
197003,39.33145161290322
197004,54.329166666666666
197005,63.72338709677418
197006,68.40499999999999
197007,70.70645161290321
197008,70.04919354838711
197009,67.71833333333332
197010,55.728225806451604
197011,44.00833333333333
197012,36.82903225806451
197101,27.88306451612904
197102,34.23928571428571
197103,38.121774193548376
197104,50.95083333333335
197105,58.42741935483871
197106,70.65833333333333
197107,70.00806451612901
197108,68.68709677419355
197109,67.25916666666666
197110,60.229838709677416
197111,43.160833333333336
197112,44.67338709677419
197201,35.75
197202,32.08620689655172
197203,41.32258064516129
197204,51.476666666666674
197205,60.6733870967742
197206,63.264166666666675
197207,70.61370967741935
197208,69.5185483870968
197209,65.63499999999999
197210,50.36451612903226
197211,41.62166666666668
197212,40.12016129032258
197301,33.399516908212576
197302,33.34120879120879
197303,51.12672811059906
197304,52.18557692307692
197305,59.54603960396038
197306,72.73529411764706
197307,73.8720930232558
197308,72.46990740740738
197309,67.78203883495148
197310,57.56523809523811
197311,47.29154228855722
197312,36.34901960784314
197401,42.17244897959188
197402,35.54189944134077
197403,47.7316666666667
197404,55.75652173913044
197405,63.033333333333324
197406,66.5404109589041
197407,71.8337748344371
197408,70.98506493506493
197409,62.61063829787233
197410,53.546258503401354
197411,44.65422535211269
197412,35.53615384615385
197501,36.902758620689625
197502,38.723387096774196
197503,39.39932432432431
197504,49.87153284671533
197505,64.35390070921981
197506,68.76690140845069
197507,71.08108108108108
197508,73.64797979797983
197509,62.525742574257436
197510,56.8785
197511,48.217766497461945
197512,35.85121951219512
197601,29.11862745098039
197602,42.97872340425533
197603,49.89253731343283
197604,55.64239130434782
197605,59.920202020202034
197606,69.554
197607,70.26875000000004
197608,69.12475728155339
197609,62.796482412060286
197610,49.22745098039216
197611,36.565608465608435
197612,30.729743589743578
197701,18.77301587301587
197702,32.769767441860466
197703,49.4741116751269
197704,57.96612903225807
197705,66.80250000000001
197706,66.84771573604061
197707,76.01256281407036
197708,72.9673170731707
197709,68.22893401015226
197710,51.85255102040817
197711,47.44598930481282
197712,33.925654450261774
197801,22.85806451612904
197802,23.225000000000005
197803,39.94924623115578
197804,54.39090909090912
197805,60.754028436018984
197806,69.31999999999998
197807,71.73962264150944
197808,72.91374407582938
197809,68.2612745098039
197810,52.211274509803914
197811,47.40207253886013
197812,36.483068783068795
197901,26.36173469387754
197902,25.677647058823535
197903,44.7047619047619
197904,51.466153846153844
197905,60.186764705882354
197906,65.21479591836732
197907,68.89556650246307
197908,69.36872037914695
197909,62.94271356783919
197910,50.828500000000005
197911,45.30967741935485
197912,36.082474226804116
198001,31.54946808510639
198002,26.891954022988493
198003,38.735789473684235
198004,51.69020618556698
198005,61.32952380952381
198006,65.95714285714286
198007,72.57428571428574
198008,71.70192307692307
198009,66.50150753768845
198010,50.19004975124378
198011,41.57216494845361
198012,34.6258883248731
198101,26.051562499999992
198102,35.71849710982658
198103,38.45076923076921
198104,57.38291457286432
198105,59.21930693069305
198106,70.76051282051282
198107,71.98761904761903
198108,69.75528846153844
198109,62.75970149253734
198110,51.27272727272729
198111,42.58870967741935
198112,30.11746031746031
198201,26.48716577540107
198202,34.66882352941176
198203,44.50157068062827
198204,50.29435897435898
198205,66.63819095477385
198206,66.55495049504954
198207,72.09711538461536
198208,68.33152709359605
198209,63.08673469387756
198210,55.765463917525786
198211,46.974725274725266
198212,41.328042328042336
198301,31.543010752688183
198302,34.63999999999999
198303,43.610937500000006
198304,49.44021164021164
198305,59.71206030150752
198306,68.280829015544
198307,74.4076530612245
198308,74.72731958762888
198309,64.42164948453605
198310,55.03969072164945
198311,44.81593406593405
198312,30.55210526315791
198401,28.691443850267387
198402,38.786285714285725
198403,38.60372340425533
198404,51.211764705882366
198405,59.99950248756219
198406,72.45372340425531
198407,70.0627551020408
198408,71.33157894736846
198409,62.237837837837816
198410,61.915053763440866
198411,42.687341772151875
198412,45.8404761904762
198501,25.8857142857143
198502,33.12551020408164
198503,46.62559241706161
198504,58.370476190476175
198505,63.68279069767441
198506,67.802
198507,71.6364055299539
198508,69.80230414746543
198509,65.53095238095239
198510,58.3741935483871
198511,52.72428571428573
198512,30.27188940092165
198601,30.733333333333338
198602,36.62619047619048
198603,44.67526881720431
198604,56.68777777777778
198605,62.656989247311806
198606,71.06759776536312
198607,74.60543478260868
198608,69.53076923076927
198609,66.50111111111113
198610,55.83118279569894
198611,45.31333333333332
198612,35.50967741935484
198701,30.57419354838709
198702,34.598809523809514
198703,45.130107526881716
198704,50.277777777777786
198705,66.1739130434783
198706,71.25
198707,74.71397849462367
198708,74.32365591397851
198709,65.24444444444444
198710,49.539784946236544
198711,47.374444444444464
198712,38.505376344086024
198801,28.427173913043475
198802,34.540229885057464
198803,45.59247311827957
198804,53.67
198805,63.72795698924731
198806,70.32666666666667
198807,75.747311827957
198808,75.24891304347828
198809,64.28539325842698
198810,47.70430107526884
198811,45.62888888888888
198812,34.89784946236559
198901,38.74408602150538
198902,33.694047619047616
198903,46.56236559139784
198904,51.33666666666666
198905,58.089247311827975
198906,69.87999999999997
198907,72.69139784946238
198908,69.8
198909,64.23222222222223
198910,55.27096774193548
198911,43.959999999999965
198912,24.025806451612908
199001,39.8236559139785
199002,42.55714285714287
199003,47.61182795698925
199004,52.413333333333334
199005,59.8881720430108
199006,69.33999999999999
199007,73.01075268817202
199008,70.84838709677419
199009,64.57333333333335
199010,55.87311827956988
199011,48.45000000000001
199012,40.761290322580635
199101,34.34408602150537
199102,37.898809523809526
199103,45.325806451612905
199104,56.557777777777815
199105,68.06666666666663
199106,70.89
199107,74.4655913978495
199108,72.0225806451613
199109,65.20777777777779
199110,56.529032258064504
199111,42.75555555555557
199112,38.38602150537634
199201,33.93870967741937
199202,38.4632183908046
199203,42.17419354838709
199204,52.30333333333331
199205,59.01935483870969
199206,66.29444444444442
199207,72.87311827956988
199208,68.30860215053767
199209,64.95888888888886
199210,52.73655913978496
199211,44.79999999999999
199212,34.59139784946237
199301,36.773118279569886
199302,31.673809523809524
199303,38.78064516129031
199304,52.137777777777806
199305,63.276344086021496
199306,69.76555555555557
199307,76.34623655913977
199308,73.19999999999999
199309,65.38333333333331
199310,53.01290322580646
199311,44.60777777777776
199312,33.31827956989249
199401,26.097849462365595
199402,36.941975308641986
199403,42.80222222222221
199404,58.592222222222226
199405,58.05913978494622
199406,72.09111111111113
199407,73.87204301075266
199408,70.35698924731182
199409,63.56555555555556
199410,54.64086021505375
199411,49.74888888888889
199412,39.88602150537636
199501,33.30860215053763
199502,31.797619047619037
199503,46.913978494623656
199504,54.521111111111104
199505,61.896774193548396
199506,69.59333333333335
199507,74.95698924731181
199508,75.32444444444441
199509,63.87888888888887
199510,56.56666666666668
199511,38.93908045977012
199512,31.08064516129033
199601,30.307608695652174
199602,33.33678160919539
199603,38.15913978494621
199604,52.57222222222221
199605,63.482795698924704
199606,71.61555555555557
199607,71.01956521739132
199608,71.2774193548387
199609,64.03777777777778
199610,55.26451612903225
199611,38.465555555555554
199612,39.77849462365592
199701,32.543010752688176
199702,39.774999999999984
199703,47.01720430107526
199704,50.017777777777795
199705,58.048387096774206
199706,68.26111111111109
199707,73.81290322580648
199708,69.96989247311826
199709,63.6211111111111
199710,54.35483870967744
199711,40.26222222222221
199712,34.479569892473116
199801,37.786021505376375
199802,39.096428571428575
199803,43.552688172043
199804,54.65222222222221
199805,65.33440860215056
199806,69.17777777777778
199807,73.24731182795695
199808,72.33763440860214
199809,68.66888888888889
199810,55.22258064516126
199811,45.75111111111109
199812,39.09139784946237
199901,36.34888888888889
199902,36.73333333333333
199903,38.29247311827959
199904,55.69555555555555
199905,62.69569892473119
199906,69.57777777777777
199907,75.14193548387101
199908,71.2225806451613
199909,64.44444444444446
199910,53.431182795698945
199911,49.318888888888885
199912,37.3236559139785
200001,29.72795698924732
200002,38.788505747126436
200003,46.56129032258063
200004,51.522222222222226
200005,64.57526881720429
200006,70.60000000000002
200007,69.23010752688171
200008,69.58387096774197
200009,63.23666666666665
200010,54.92688172043012
200011,40.116666666666674
200012,24.327956989247323
200101,28.593548387096764
200102,35.86309523809523
200103,35.20537634408603
200104,53.96666666666667
200105,59.223655913978504
200106,66.70561797752808
200107,67.64516129032255
200108,70.02636363636367
200109,60.53083333333331
200110,51.744354838709654
200111,46.767500000000005
200112,38.11290322580643
200201,35.319354838709685
200202,35.30892857142856
200203,41.773553719008255
200204,53.50593220338987
200205,57.92661290322581
200206,69.20666666666666
200207,72.27235772357722
200208,70.22419354838709
200209,65.07166666666663
200210,52.29590163934425
200211,40.32222222222222
200212,31.306593406593418
200301,23.69673913043477
200302,28.008333333333326
200303,44.31181818181817
200304,53.6588235294118
200305,58.5725806451613
200306,64.48839285714287
200307,70.56166666666665
200308,71.22113821138213
200309,62.66000000000003
200310,51.920967741935485
200311,47.04745762711863
200312,32.99586776859504
200401,26.65950413223139
200402,31.608823529411758
200403,42.67741935483866
200404,52.81754385964911
200405,65.64307692307689
200406,67.39066666666668
200407,71.02967741935483
200408,68.47065217391301
200409,65.33016759776537
200410,54.64946236559138
200411,46.953333333333326
200412,35.08270270270269
200501,35.21354838709678
200502,36.20428571428572
200503,38.32064516129034
200504,53.37533333333332
200505,56.58193548387097
200506,69.62333333333336
200507,72.67012987012986
200508,73.27784431137724
200509,66.7365269461078
200510,54.98000000000002
200511,45.881005586592174
200512,31.474316939890727
200601,40.54516129032258
200602,34.21428571428572
200603,42.81935483870968
200604,56.507777777777775
200605,58.06881720430107
200606,66.55388888888888
200607,71.80752688172045
200608,72.10645161290324
200609,61.29388888888889
200610,51.53350515463917
200611,46.20619047619049
200612,41.326267281105984
200701,37.43917050691243
200702,26.517857142857128
200703,48.023004694835684
200704,50.5004761904762
200705,63.3479069767442
200706,68.72524752475246
200707,69.60657276995308
200708,74.6453658536585
200709,67.1795238095238
200710,59.51116279069768
200711,43.98701923076924
200712,38.82806122448981
200801,32.99462365591397
200802,35.97456647398844
200803,43.22795698924731
200804,54.64545454545454
200805,58.32119815668202
200806,69.67190476190477
200807,71.28254716981132
200808,68.11624365482234
200809,65.91871921182266
200810,51.45760368663593
200811,42.416770186335405
