193612,31.44193548387096
194308,87.6
194309,73.61
194310,63.14516129032257
194311,52.37
194312,48.2225806451613
194401,47.916129032258056
194402,58.2103448275862
194403,59.714999999999996
194501,18.94193548387097
194502,24.808928571428574
194503,44.04731182795699
194504,47.324444444444424
194505,50.3763440860215
194506,62.54888888888892
194507,68.70860215053763
194508,70.14901960784316
194509,65.84916666666668
194510,53.18448275862067
194511,46.42777777777778
194512,30.79139784946237
194601,34.15483870967743
194602,34.77023809523809
194603,44.068253968253984
194604,47.43166666666666
194605,55.51129032258064
194606,66.67999999999999
194607,74.12295081967213
194608,68.61451612903228
194609,65.34333333333335
194610,57.027419354838706
194611,42.64166666666667
194612,30.933870967741928
194701,28.21774193548387
194702,21.86071428571429
194703,30.688709677419357
194704,44.53333333333331
194705,53.514516129032245
194706,65.82333333333335
194707,70.77258064516128
194708,77.49516129032261
194709,65.78999999999999
194710,60.15161290322582
194711,37.036666666666676
194712,28.79354838709677
194801,16.70146627565983
194802,20.46006289308175
194803,29.601759530791803
194804,46.7920245398773
194805,52.48816568047339
194806,63.752905198776816
194807,70.69849397590363
194808,69.55181818181815
194809,64.15683229813664
194810,48.0967455621302
194811,41.628787878787875
194812,27.78117408906883
194901,27.216129032258067
194902,26.2042857142857
194903,31.845376344086027
194904,44.501458333333325
194905,57.16250000000003
194906,69.43194154488519
194907,72.40479166666668
194908,69.46923076923079
194909,56.824374999999996
194910,53.45621181262733
194911,35.64791666666665
194912,29.012298387096788
195001,26.141733870967766
195002,22.58571428571429
195003,26.30060483870966
195004,36.840000000000046
195005,55.05846774193543
195006,64.51375
195007,67.16088709677419
195008,64.62338709677418
195009,58.80750000000001
195010,52.42782258064511
195011,33.56187500000002
195012,22.772580645161298
195101,22.624516129032255
195102,23.32809523809524
195103,30.902586206896547
195104,42.48311111111111
195105,57.539569892473125
195106,63.34755555555555
195107,68.64430107526887
195108,65.08706896551729
195109,57.869555555555536
195110,50.28091106290671
195111,30.265555555555547
195112,25.20301075268818
195201,25.1078629032258
195202,26.079741379310345
195203,29.6241935483871
195204,46.30958333333333
195205,54.34637096774193
195206,67.72372881355925
195207,71.9918200408998
195208,67.77197580645165
195209,61.16520833333334
195210,44.21834677419357
195211,39.223958333333364
195212,30.792024539877325
195301,26.28750000000001
195302,27.037723214285727
195303,33.55665322580647
195304,40.71008064516129
195305,55.92049335863375
195306,66.67179487179487
195307,70.39637404580144
195308,69.5206896551724
195309,60.1723865877712
195310,52.542314990512416
195311,40.964705882352966
195312,30.14098671726754
195401,21.315749525616695
195402,30.26785714285713
195403,28.87134724857682
195404,45.14803921568631
195405,51.15513307984796
195406,67.33490196078432
195407,68.41385199240983
195408,66.6793893129771
195409,60.63732809430251
195410,49.76034155597726
195411,38.60156862745097
195412,26.475142314990492
195501,23.25783972125434
195502,24.366666666666667
195503,30.607526881720442
195504,51.240740740740726
195505,58.96881720430108
195506,66.55666666666667
195507,76.15663082437277
195508,73.92831541218635
195509,62.04851851851854
195510,52.482795698924775
195511,34.7811111111111
195512,24.253046594982074
195601,23.742652329749113
195602,24.76091954022989
195603,28.673118279569877
195604,41.315925925925946
195605,52.94767025089604
195606,67.36592592592594
195607,67.62831541218637
195608,68.01971326164873
195609,57.91074074074074
195610,54.46758409785931
195611,37.26757575757576
195612,28.652785923753672
195701,16.292082111436947
195702,24.38928571428571
195703,30.632551319648087
195704,44.22151515151518
195705,53.58533724340175
195706,64.59787878787877
195707,70.03049853372434
195708,66.77184750733139
195709,58.440606060606086
195710,47.65425219941347
195711,36.701212121212116
195712,29.286557377049178
195801,23.953405017921146
195802,19.550793650793658
195803,33.397132616487475
195804,45.87880794701988
195805,53.62727272727272
195806,60.036969696969685
195807,68.05835777126099
195808,67.36891495601175
195809,60.126363636363635
195810,50.845161290322615
195811,39.52518518518519
195812,19.555161290322594
195901,17.80354838709678
195902,20.846428571428586
195903,30.40129032258066
195904,44.315666666666665
195905,59.76598240469208
195906,67.89575757575757
195907,71.4856304985337
195908,73.15073313782996
195909,64.11444444444447
195910,47.454739336492906
195911,31.499273607748187
195912,30.850230414746544
196001,24.506451612903238
196002,23.477011494252874
196003,22.69827956989247
196004,45.42466666666667
196005,54.83075268817202
196006,63.62599999999999
196007,68.15591397849465
196008,68.76172043010749
196009,62.34177777777774
196010,49.7632258064516
196011,39.51311111111112
196012,21.811827956989244
196101,18.409247311827947
196102,26.162380952380968
196103,33.7720430107527
196104,40.43466666666667
196105,52.49655913978495
196106,64.08666666666667
196107,69.43999999999997
196108,68.41806451612901
196109,64.24533333333332
196110,51.2825806451613
196111,37.63355555555555
196112,25.520430107526884
196201,17.370537634408606
196202,18.280714285714293
196203,30.606666666666662
196204,43.13533333333333
196205,60.34301075268819
196206,65.00666666666669
196207,67.45720430107528
196208,67.63376344086024
196209,58.114222222222224
196210,51.02322580645162
196211,37.13088888888888
196212,23.038709677419348
196301,12.737849462365592
196302,14.196904761904758
196303,31.572903225806446
196304,45.40866666666668
196305,53.18408602150539
196306,66.67822222222225
196307,70.87741935483868
196308,65.64473118279574
196309,58.72177777777776
196310,57.18838709677417
196311,41.653777777777776
196312,20.233905579399135
196401,25.97075268817204
196402,24.42735632183908
196403,30.39376344086022
196404,44.52624728850325
196405,59.782459677419354
196406,65.03437500000001
196407,71.04072580645165
196408,64.61209677419355
196409,58.88645833333333
196410,46.508467741935476
196411,39.90437500000001
196412,24.483870967741947
196501,20.072247706422026
196502,20.627806122448987
196503,25.782258064516128
196504,40.33238095238095
196505,58.80668202764976
196506,64.03690476190475
196507,66.76935483870966
196508,65.43617511520738
196509,59.68880952380953
196510,47.99308755760369
196511,37.79690476190476
196512,31.659447004608285
196601,16.989861751152073
196602,23.41658163265306
196603,33.894470046082944
196604,41.03214285714284
196605,50.076958525345624
196606,66.78047619047618
196607,72.21059907834102
196608,66.69447004608293
196609,58.738333333333344
196610,48.07188940092166
196611,37.311190476190475
196612,25.69078341013825
196701,25.02165898617512
196702,17.835969387755103
196703,30.102304147465432
196704,44.1442857142857
196705,49.943087557603675
196706,67.20238095238096
196707,66.93640552995392
196708,64.70990783410137
196709,58.51285714285714
196710,48.12235023041477
196711,33.48499999999999
196712,28.304838709677426
196801,19.557142857142864
196802,19.078078817733992
196803,34.83940092165898
196804,46.92333333333333
196805,52.40714285714286
196806,64.05142857142856
196807,68.76566820276497
196808,68.19078341013824
196809,62.220476190476184
196810,51.05086848635236
196811,36.9671794871795
196812,25.032707774798933
196901,21.66478494623656
196902,23.77946428571429
196903,28.460215053763434
196904,45.066388888888895
196905,54.654301075268805
196906,60.22055555555555
196907,69.60887096774194
196908,71.21182795698925
196909,61.18805555555553
196910,47.458479532163764
196911,35.31969696969697
196912,25.198533724340177
197001,15.622580645161294
197002,20.346428571428568
197003,27.080938416422285
197004,44.45575757575757
197005,55.46539589442818
197006,65.30545454545455
197007,70.16451612903225
197008,68.74046920821114
197009,60.565757575757566
197010,51.16686217008797
197011,37.4990909090909
197012,25.66803519061583
197101,19.289999999999996
197102,24.068253968253966
197103,28.917625899280583
197104,42.78148148148147
197105,54.54910394265233
197106,69.2711111111111
197107,68.58566308243728
197108,67.39856630824374
197109,64.05074074074074
197110,57.45017921146955
197111,38.304074074074066
197112,31.43978494623655
197201,21.476344086021506
197202,21.727586206896543
197203,28.310394265232976
197204,40.860370370370376
197205,58.49713261648745
197206,62.08555555555555
197207,69.35591397849461
197208,65.91407624633432
197209,59.12212121212122
197210,44.514662756598234
197211,34.987878787878785
197212,24.571847507331373
197301,23.253794037940388
197302,22.371320182094085
197303,38.472557471264366
197304,43.38422535211265
197305,51.13223593964334
197306,66.28705234159777
197307,70.348
197308,70.51413333333333
197309,60.892372881355925
197310,53.84177897574122
197311,37.006034482758615
197312,23.580195258019533
197401,19.827445652173907
197402,18.35505952380952
197403,29.915528781793835
197404,44.53151260504202
197405,51.99825503355704
197406,62.983521126760564
197407,71.42410958904111
197408,67.76581081081076
197409,55.95350140056023
197410,47.4895945945946
197411,37.5687323943662
197412,28.12226775956284
197501,22.4169376693767
197502,22.639339339339344
197503,27.42437325905293
197504,37.74379905808476
197505,60.007462686567145
197506,65.98230994152046
197507,72.05078459343794
197508,69.14780141843973
197509,55.67107558139534
197510,50.87968970380819
197511,41.03588235294119
197512,23.925473071324593
197601,15.535588633288231
197602,26.422644163150498
197603,30.67357992073975
197604,45.086559139784946
197605,51.705111402359115
197606,67.95607613469987
197607,69.889145183175
197608,68.58652575957728
197609,58.23450608930988
197610,43.77209908735334
197611,29.516666666666662
197612,15.458453473132371
197701,9.12161125319693
197702,21.169765342960286
197703,35.667651888341545
197704,46.70125313283207
197705,61.01142638036811
197706,62.37623529411762
197707,70.72764423076923
197708,65.12894098625708
197709,59.88506437768238
197710,48.244341994970675
197711,36.70103211009174
197712,23.86589698046182
197801,17.967170818505345
197802,17.38312318137731
197803,28.039878892733554
197804,40.33710368466152
197805,55.322231686541755
197806,62.066049382716066
197807,67.06583904109588
197808,68.32831632653067
197809,61.94372217275152
197810,48.29549393414212
197811,36.33388429752065
197812,23.138809523809524
197901,14.135144609991228
197902,13.257617187500003
197903,30.8573073516386
197904,39.87804232804232
197905,51.021828358208964
197906,62.01006711409397
197907,68.48575471698112
197908,65.64715447154468
197909,60.625936329588036
197910,46.4316344463972
197911,36.247942754919485
197912,29.14027420736931
198001,20.613345521023767
198002,19.05684803001876
198003,27.486106623586434
198004,41.904664484451715
198005,56.07529880478088
198006,60.3534710743802
198007,69.17681388012616
198008,69.41596707818931
198009,59.76038047973528
198010,44.6142857142857
198011,36.215633423180606
198012,22.536904761904758
198101,18.51733833177132
198102,24.55273348519362
198103,32.420810514786425
198104,43.95764944275583
198105,51.204976076555035
198106,63.027838427947614
198107,69.13070270270273
198108,67.78461538461538
198109,57.12166998011928
198110,44.7264675592173
198111,38.61783840503673
198112,26.620647773279348
198201,11.589152542372883
198202,18.642490842490844
198203,28.177236693091732
198204,38.04791454730418
198205,57.1685093780849
198206,57.88783638320774
198207,69.06197802197802
198208,64.71189773844645
198209,58.54038657171922
198210,50.55560209424084
198211,36.58154506437769
198212,31.176300000000012
198301,24.063956310679618
198302,27.248445595854925
198303,31.985583524027444
198304,39.161655011655
198305,48.54740484429063
198306,64.58391521197005
198307,73.20752688172044
198308,71.74817432273261
198309,61.544844720496904
198310,49.18289473684212
198311,38.00431499460625
198312,17.348160173160178
198401,15.599427262313863
198402,29.040786240786243
198403,25.355938242280278
198404,43.68925518925517
198405,50.58614718614719
198406,63.92569521690767
198407,67.82648305084747
198408,69.46230690010302
198409,57.89428571428571
198410,51.854794520547955
198411,36.18503184713376
198412,25.641945773524732
198501,16.653140096618365
198502,18.273090909090914
198503,32.95138211382113
198504,45.16134185303515
198505,56.270157819225254
198506,59.08756756756757
198507,65.86834112149533
198508,66.00106761565836
198509,60.52149280575539
198510,49.7774336283186
198511,33.202842377260986
198512,17.27518037518038
198601,20.149561403508777
198602,20.73636363636363
198603,32.32943820224718
198604,45.6555879494655
198605,55.332320441988934
198606,60.68144624167459
198607,68.29165876777252
198608,64.9399069767442
198609,58.86759927797834
198610,48.27715355805244
198611,33.17800192122959
198612,28.673928896991796
198701,24.867499999999996
198702,28.420364741641347
198703,34.7712454212454
198704,46.36463768115944
198705,56.09498141263939
198706,66.20622140896612
198707,71.15180608365023
198708,67.86470588235295
198709,61.503568075117386
198710,44.55152073732721
198711,38.53893129770994
198712,30.181602112676064
198801,18.116526610644254
198802,17.605608465608466
198803,29.883577981651367
198804,41.552957233848936
198805,55.42764227642277
198806,64.9798887859129
198807,71.3111607142857
198808,70.23031674208143
198809,60.47577916295639
198810,44.13005050505049
198811,38.466387959866225
198812,24.921440261865786
198901,26.528167877320403
198902,17.568670309653914
198903,26.465898251192375
198904,39.72242833052275
198905,53.26264367816093
198906,60.840503035559415
198907,69.44532312925169
198908,66.96483233018056
198909,59.89135135135133
198910,49.13649698015532
198911,32.68586387434556
198912,15.641860465116276
199001,28.472518457752244
199002,24.69622302158274
199003,33.28519736842106
199004,44.85348639455782
199005,51.01900161030596
199006,62.021390845070435
199007,66.81738410596029
199008,66.45194054500412
199009,59.67401574803149
199010,47.260375747224586
199011,39.71490845684394
199012,26.498331943286075
199101,18.638146911519197
199102,26.037158469945354
199103,33.10970790378007
199104,45.229769033361855
199105,57.71376751854907
199106,66.5841539838854
199107,68.33131313131311
199108,68.8380255941499
199109,58.211732851985566
199110,47.49486510008703
199111,33.34798165137615
199112,26.9329944547135
199201,23.936419753086415
199202,25.94582942830366
199203,29.99594470046084
199204,39.387969924812026
199205,53.38669314796423
199206,59.26459923664118
199207,61.85025083612041
199208,63.14617968094039
199209,57.978961038961025
199210,46.52451612903228
199211,33.85800970873785
199212,26.554225352112667
199301,22.4468218442256
199302,19.26938202247191
199303,29.183074265975815
199304,39.5937777777778
199305,51.90076142131981
199306,59.57565217391298
199307,67.64137638062876
199308,67.99974683544302
199309,54.90610079575595
199310,45.10267782426778
199311,34.2659965034965
199312,26.157396449704137
199401,10.615162138475016
199402,15.044776119402977
199403,30.43142361111111
199404,41.610933333333335
199405,51.700613496932526
199406,63.093750000000014
199407,66.0095081967213
199408,63.86890624999999
199409,61.02489762489763
199410,50.96011102299761
199411,40.47035256410256
199412,31.582023346303504
199501,23.565160796324648
199502,20.024911347517744
199503,32.0230308219178
199504,37.94962476547841
199505,52.71457943925233
199506,65.76943192064925
199507,68.56273701566363
199508,70.88686956521738
199509,57.5674127126231
199510,50.14302925989672
199511,30.35206834532374
199512,22.274623115577874
199601,18.122835314091677
199602,20.180956678700362
199603,25.51059322033899
199604,37.793850042123005
199605,50.314124293785305
199606,62.43634840871022
199607,64.94258289703316
199608,67.47301349325338
199609,59.88578595317726
199610,47.425257731958766
199611,31.065472312703577
199612,25.49999999999999
199701,17.859379615952733
199702,24.270801033591745
199703,30.373454157782525
199704,40.604357066950065
199705,47.95658995815899
199706,65.33027426160336
199707,67.24969325153378
199708,63.191798418972326
199709,59.30281837160755
199710,47.913612565445035
199711,33.995634095634095
199712,30.116301239275508
199801,26.074356530028613
199802,32.86638655462186
199803,34.1680608365019
199804,46.37588235294117
199805,61.33988764044946
199806,64.46891615541922
199807,69.64787878787878
199808,69.99024390243903
199809,63.66843137254903
199810,51.002656546489575
199811,40.451503759398484
199812,31.240035906642724
199901,21.88922651933703
199902,29.087855787476276
199903,32.86798780487805
199904,46.749540229885056
199905,58.95645342312012
199906,67.37211981566816
199907,73.09988738738738
199908,66.42048894062867
199909,61.581370038412295
199910,49.183343248066635
199911,42.424221453287196
199912,29.041248606465984
200001,21.80189753320684
200002,29.77492385786805
200003,40.024098671726684
200004,44.008725490196056
200005,58.103041825095
200006,64.79625984251959
200007,66.87852348993285
200008,67.09684813753587
200009,59.55359605911332
200010,51.96125356125356
200011,37.546474677259205
200012,18.085482330467997
200101,25.15861084681258
200102,24.93256059009486
200103,30.89677419354842
200104,47.42822025565388
200105,57.55067024128691
200106,65.13111313868615
200107,69.08196286472155
200108,70.09319327731082
200109,58.50016722408023
200110,49.15266558966071
200111,44.82627615062764
200112,33.680826446281
200201,29.710204935173575
200202,29.683617594254926
200203,29.546319642130985
200204,44.268020917135914
200205,50.06133079847915
200206,65.25442885771547
200207,72.69289596273286
200208,68.63498287019412
200209,64.14515612489987
200210,45.694921725849554
200211,35.6548857368006
200212,28.23981024667932
200301,18.73750476917209
200302,18.139493670886072
200303,30.456352537199518
200304,42.365880503144666
200305,53.15260753711454
200306,62.06775848460938
200307,67.87543252595158
200308,69.0983827493261
200309,59.968866060845535
200310,47.371776340813966
200311,39.13527101335426
200312,30.179791747011183
200401,16.23865481252414
200402,24.451378033730993
200403,35.17077220077216
200404,44.503494837172305
200405,54.194671201814025
200406,62.10920733817928
200407,66.74369693011103
200408,63.96253213367604
200409,63.57561136814278
200410,50.10524271844659
200411,39.83719309887198
200412,26.28972307692306
200501,20.101828153564913
200502,26.63623285379726
200503,28.74689759036145
200504,46.28562765312315
200505,52.147777450691805
200506,68.91298661800485
200507,70.61129707112966
200508,69.64846589216558
200509,64.49958834705508
200510,51.38893540669857
200511,39.08530599565079
200512,24.959313278638703
200601,31.886159062885344
200602,24.611189044756188
200603,33.47379951980791
200604,47.51911810052419
200605,55.40485664131065
200606,63.949663402692735
200607,71.45419642857149
200608,68.39499254843517
200609,58.38673562519013
200610,46.04409246575341
200611,39.752138663684676
200612,33.380304265145355
200701,26.307704443860114
200702,16.971007299270074
200703,35.38263926446731
200704,41.870926430517706
200705,57.673599789639724
200706,66.43619848156185
200707,67.78800627123073
200708,68.70696585903086
200709,62.30322320709107
200710,55.148750000000014
200711,36.65284552845532
200712,26.821413986727926
200801,25.008163790883312
200802,20.96281871672736
200803,28.51200607902737
200804,45.39283116883121
200805,51.13802109492717
200806,64.01122611464965
200807,68.46690194101332
200808,67.03777721131783
200809,61.25727155727156
200810,48.28504859207577
200811,38.476230529595036
200812,22.788127413127416
200901,15.562293488824105
200902,23.973214285714278
200903,30.498179979777532
200904,41.707523510971804
200905,52.25062439961575
200906,59.556145251396615
200907,59.451567944250876
