194111,48.66818181818181
194112,43.849999999999994
194201,30.264516129032252
194202,29.92142857142857
194203,44.690322580645166
194204,56.71333333333333
194205,63.32903225806452
194206,72.62666666666668
194207,76.81935483870969
194208,73.38387096774194
194209,66.15000000000002
194210,56.30322580645161
194211,45.926666666666684
194212,30.9
194301,32.228888888888896
194302,35.060714285714276
194303,39.041935483870965
194304,50.583333333333336
194305,64.37419354838711
194306,76.58333333333334
194307,77.44838709677421
194308,77.21451612903228
194309,64.49833333333335
194310,55.2951612903226
194311,41.223333333333336
194312,31.277419354838703
194401,34.34677419354838
194402,37.11206896551725
194403,40.23548387096775
194404,52.94000000000001
194405,69.56451612903226
194406,77.15333333333334
194407,77.58064516129032
194408,75.0806451612903
194409,66.81666666666668
194410,55.659677419354864
194411,44.79166666666665
194412,29.33709677419354
194501,27.206451612903226
194502,31.860714285714277
194503,51.380645161290325
194504,53.375
194505,57.570967741935476
194506,68.5025
194507,73.63145161290323
194508,73.08870967741936
194509,67.6701030927835
194510,52.39655172413793
194511,45.61000000000001
194512,27.635483870967743
194601,32.874193548387105
194602,37.04642857142857
194603,54.1516129032258
194604,56.74666666666666
194605,62.1483870967742
194606,73.55666666666669
194607,75.30645161290323
194608,70.06129032258063
194609,67.32333333333334
194610,58.890322580645154
194801,21.860215053763437
194802,30.644827586206894
194803,41.21612903225806
194804,54.91
194805,59.91075268817205
194806,70.68222222222222
194807,74.90967741935482
194808,73.31827956989248
194809,67.48555555555555
194810,51.155913978494645
194811,45.48888888888889
194812,33.41129032258065
194901,32.961290322580645
194902,32.76696428571428
194903,39.86290322580645
194904,49.28833333333332
194905,62.903225806451616
194906,72.98416666666667
194907,77.2741935483871
194908,72.81774193548388
194909,60.225
194910,57.781451612903226
194911,41.48583333333334
194912,35.020161290322584
195001,35.724193548387106
195002,30.267857142857142
195003,35.02903225806451
195004,44.69916666666665
195005,62.39758064516129
195006,69.00833333333334
195007,71.46129032258065
195008,69.6774193548387
195009,63.8825
195010,58.09838709677421
195011,36.47333333333334
195012,23.88064516129032
195101,29.601612903225803
195102,30.078571428571422
195103,37.84112903225806
195104,47.92583333333334
195105,63.44350649350649
195106,69.54244186046512
195107,73.79516129032257
195108,71.51290322580645
195109,63.11499999999998
195110,56.12150537634407
195111,34.64277777777778
195112,29.860752688172056
195201,31.69516129032258
195202,34.18735632183908
195203,38.411290322580655
195204,51.0635761589404
195205,59.93677419354838
195206,75.23466666666668
195207,76.13548387096775
195208,71.71548387096773
195209,64.63066666666666
195210,48.20322580645161
195211,42.56399999999999
195212,34.0
195301,32.55096774193547
195302,34.112142857142864
195303,40.813548387096766
195304,46.93399999999999
195305,63.15225806451612
195306,74.75238095238096
195307,75.88064516129035
195308,73.67096774193548
195309,66.25166666666668
195310,56.74032258064516
195311,43.23166666666667
195312,33.07258064516128
195401,30.038709677419362
195402,38.33214285714286
195403,36.754838709677415
195404,55.420833333333334
195405,57.1685483870968
195406,74.36666666666666
195407,75.88467741935484
195408,72.24274193548386
195409,68.3125
195410,54.770967741935486
195411,41.8225
195412,31.929838709677416
195501,28.642105263157895
195502,32.37976190476191
195503,41.15591397849463
195504,57.37777777777778
195505,64.06129032258065
195506,67.55555555555557
195507,78.83978494623655
195508,76.49247311827959
195509,68.38111111111111
195510,55.00752688172043
195511,38.56111111111111
195512,29.01292517006802
195601,27.434437086092718
195602,32.175862068965515
195603,39.05741935483871
195604,48.68066666666667
195605,62.29096774193549
195606,72.61600000000001
195607,73.34645161290324
195608,73.3051612903226
195609,64.644
195610,59.82903225806453
195611,41.710666666666654
195612,37.21483870967742
195701,23.677419354838715
195702,35.805
195703,39.73612903225807
195704,52.73333333333334
195705,62.349032258064504
195706,71.89800000000001
195707,76.03225806451614
195708,73.23677419354838
195709,64.69733333333332
195710,51.271612903225794
195711,41.51666666666666
195712,36.475483870967736
195801,27.681935483870966
195802,23.030714285714286
195803,36.247096774193544
195804,51.91200000000001
195805,61.859354838709685
195806,66.916
195807,73.72967741935483
195808,72.58387096774193
195809,66.01266666666668
195810,55.205806451612915
195811,43.742000000000004
195812,23.72967741935484
195901,23.961935483870974
195902,30.597142857142853
195903,38.45483870967742
195904,51.426
195905,66.0425806451613
195906,72.91199999999999
195907,74.75806451612904
195908,77.21806451612902
195909,68.51466666666666
195910,53.629032258064505
195911,36.264
195912,36.18645161290323
196001,30.532903225806454
196002,28.340689655172422
196003,26.247741935483873
196004,54.501999999999995
196005,58.872258064516124
196006,69.154
196007,72.82064516129032
196008,73.91612903225808
196009,69.43266666666666
196010,55.08774193548388
196011,43.05800000000001
196012,26.310322580645163
196101,24.156774193548387
196102,33.929285714285726
196103,42.769677419354835
196104,45.43866666666666
196105,56.59677419354841
196106,68.47066666666666
196107,72.78322580645163
196108,71.10387096774194
196109,69.15
196110,55.385245901639344
196111,41.62888888888889
196112,29.348924731182795
196201,23.319892473118276
196202,30.425000000000004
196203,37.19247311827956
196204,50.1225988700565
196205,68.20270270270268
196206,71.25921787709495
196207,72.39408602150539
196208,72.28589743589745
196209,62.371999999999986
196210,55.95483870967742
196211,41.19866666666666
196212,25.56322580645161
196301,18.271612903225808
196302,21.775714285714287
196303,41.96903225806452
196304,52.53333333333333
196305,59.175483870967746
196306,71.10399999999998
196307,72.75290322580646
196308,68.84129032258065
196309,64.082
196310,60.61870967741937
196311,44.69133333333333
196312,19.56064516129032
196401,30.677419354838705
196402,28.395862068965513
196403,38.733548387096775
196404,53.147999999999996
196405,65.31612903225808
196406,72.14866666666668
196407,74.13548387096775
196408,71.18774193548388
196409,65.18999999999998
196410,50.22774193548386
196411,44.45533333333333
196412,30.817419354838716
196501,27.19139784946237
196502,27.74821428571429
196503,31.574193548387093
196504,50.60833333333334
196505,66.70322580645158
196506,69.8
196507,71.75483870967741
196508,69.80053763440861
196509,66.065
196510,52.44193548387098
196511,43.18999999999999
196512,37.46290322580645
196601,21.954301075268816
196602,29.159523809523815
196603,40.88225806451613
196604,48.00666666666665
196605,56.390322580645176
196606,71.57722222222223
196607,77.35860215053762
196608,71.28817204301075
196609,62.478888888888896
196610,50.29462365591397
196611,42.175
196612,30.63655913978495
196701,30.527419354838717
196702,24.805357142857144
196703,39.76720430107527
196704,52.496111111111105
196705,56.715053763440864
196706,71.655
196707,70.93709677419356
196708,68.37258064516129
196709,62.75722222222222
196710,52.588709677419345
196711,37.10722222222222
196712,32.48387096774193
196801,22.979569892473123
196802,24.481034482758623
196803,40.93602150537635
196804,52.199444444444445
196805,58.11774193548388
196806,71.715
196807,73.89784946236558
196808,73.35645161290323
196809,65.10444444444443
196810,53.91935483870968
196811,42.320000000000014
196812,29.293548387096777
196901,24.133870967741935
196902,30.18928571428571
196903,34.45913978494623
196904,52.49500000000001
196905,61.64516129032257
196906,68.56555555555556
196907,75.10430107526882
196908,73.09946236559138
196909,64.64611111111111
196910,52.88602150537634
196911,37.873333333333335
196912,28.83817204301075
197001,18.093548387096774
197002,27.91488095238096
197003,35.825806451612905
197004,52.123888888888885
197005,64.61612903225807
197006,70.59611111111111
197007,73.88333333333333
197008,72.92311827956988
197009,68.03277777777778
197010,55.2263440860215
197011,40.76833333333334
197012,33.469892473118286
197101,23.3491935483871
197102,29.38660714285714
197103,36.476612903225806
197104,50.611666666666665
197105,59.497580645161285
197106,75.55416666666669
197107,72.53629032258064
197108,71.02983870967742
197109,68.37249999999999
197110,61.028225806451616
197111,42.465
197112,38.17096774193549
197201,26.625
197202,28.428448275862067
197203,38.16774193548387
197204,50.030000000000015
197205,63.50241935483872
197206,67.54833333333335
197207,73.34516129032258
197208,71.63306451612904
197209,66.37083333333334
197210,50.69193548387098
197211,39.5375
197212,31.09677419354839
197301,31.553571428571423
197302,33.867142857142845
197303,50.039999999999985
197304,52.958536585365856
197305,60.15888888888887
197306,74.90149253731343
197307,77.64126984126983
197308,75.9456790123457
197309,70.75465116279071
197310,60.32528735632183
197311,47.44426229508199
197312,34.533333333333324
197401,32.775510204081634
197402,35.48913043478261
197403,45.22631578947368
197404,53.73250000000004
197405,61.85135135135134
197406,68.82727272727273
197407,78.2103896103896
197408,74.72500000000002
197409,62.69354838709677
197410,53.7590909090909
197411,41.134375000000006
197412,31.25483870967742
197501,30.396969696969688
197502,28.771428571428583
197503,35.983333333333334
197504,46.71666666666666
197505,66.35555555555557
197506,70.56999999999996
197507,75.0657894736842
197508,76.01764705882353
197509,62.749999999999986
197510,55.00789473684208
197511,46.87419354838709
197512,31.93124999999999
197601,24.226829268292686
197602,38.2560975609756
197603,46.35250000000001
197604,54.87027027027027
197605,59.419444444444444
197606,71.58378378378379
197607,74.18648648648647
197608,70.07222222222222
197609,64.32666666666667
197610,48.0032258064516
197611,32.1258064516129
197612,22.796774193548384
197701,7.900000000000002
197702,25.683333333333334
197703,43.08602150537634
197704,54.54719101123597
197705,68.67446808510638
197706,68.15444444444445
197707,76.8378947368421
197708,71.66421052631581
197709,67.15777777777778
197710,51.750537634408595
197711,42.69605263157893
197712,26.61075268817204
197801,18.6752688172043
197802,15.602380952380955
197803,31.760215053763428
197804,48.74444444444446
197805,59.44301075268818
197806,70.73777777777777
197807,72.1516129032258
197808,73.07477477477477
197809,71.97058823529413
197810,51.92210526315788
197811,42.204597701149424
197812,30.52150537634409
197901,16.391397849462365
197902,17.40714285714285
197903,39.20108695652173
197904,46.10888888888889
197905,61.30133333333331
197906,69.35546218487394
197907,73.44149659863947
197908,71.53237410071944
197909,65.24659090909091
197910,53.041414141414116
197911,42.13181818181818
197912,34.12580645161289
198001,26.55444444444444
198002,23.62333333333334
198003,33.90537634408602
198004,46.580000000000005
198005,60.69999999999998
198006,68.06222222222223
198007,77.78387096774195
198008,75.86847826086955
198009,67.69222222222221
198010,50.57173913043478
198011,40.444444444444436
198012,30.923529411764704
198101,23.42073170731707
198102,31.102941176470587
198103,39.816049382716045
198104,53.16896551724139
198105,57.01318681318681
198106,71.67111111111113
198107,73.82307692307693
198108,72.26926829268292
198109,64.35555555555558
198110,51.56912442396314
198111,42.43333333333335
198112,29.23744292237443
198201,16.821074380165296
198202,25.03436123348017
198203,37.16175115207374
198204,45.59411764705883
198205,67.16238532110093
198206,66.52579365079363
198207,76.08308270676689
198208,71.46301886792455
198209,65.495703125
198210,56.26795774647885
198211,43.9321554770318
198212,39.60727272727272
198301,29.87814814814815
198302,34.334814814814806
198303,41.673754152823925
198304,47.53416370106763
198305,59.470671378091865
198306,73.83795620437954
198307,79.76415094339626
198308,79.08212927756657
198309,68.4980079681275
198310,56.23245283018863
198311,45.16796875
198312,19.82927756653994
198401,21.839622641509433
198402,36.520463320463335
198403,31.601785714285715
198404,48.90813953488373
198405,58.40763358778624
198406,75.73070866141731
198407,74.57380073800738
198408,76.5843137254902
198409,65.24499999999995
198410,59.41190476190476
198411,42.226785714285725
198412,36.20714285714284
198501,20.979464285714293
198502,25.97735849056605
198503,43.594166666666666
198504,55.75728155339804
198505,66.33518518518518
198506,69.601
198507,76.14822134387354
198508,72.27275985663081
198509,68.37481481481481
198510,57.20036101083032
198511,44.56666666666666
198512,23.406451612903222
198601,29.02903225806451
198602,29.483043478260868
198603,43.710727969348675
198604,54.602611940298495
198605,62.87617328519855
198606,71.54738805970148
198607,77.99243697478988
198608,71.64592592592594
198609,69.65475285171102
198610,55.97582417582415
198611,39.259328358208954
198612,32.8544776119403
198701,27.470748299319737
198702,34.68175675675677
198703,43.14740259740257
198704,52.90520833333333
198705,67.90207612456749
198706,75.4397058823529
198707,77.50753424657535
198708,74.28160535117057
198709,67.63680781758957
198710,49.68280254777069
198711,46.54313099041533
198712,34.61962864721487
198801,24.876967930029142
198802,27.13826815642459
198803,40.63685714285715
198804,51.52685185185187
198805,66.14264264264264
198806,75.93364779874211
198807,79.7086505190311
198808,78.53986254295535
198809,67.8738255033557
198810,48.95874587458745
198811,43.441197183098566
198812,31.63573883161512
198901,35.276595744680854
198902,26.33900709219859
198903,40.14524590163936
198904,50.03239436619718
198905,60.310580204778184
198906,71.39681978798588
198907,76.42558139534884
198908,74.031541218638
198909,65.55559701492537
198910,56.37835820895521
198911,41.2578358208955
198912,20.47436823104693
199001,36.96487455197131
199002,35.81071428571428
199003,44.301428571428566
199004,51.90661764705882
199005,59.077011494252865
199006,72.24549180327867
199007,74.04798206278025
199008,73.29163346613548
199009,68.84346153846153
199010,55.138194444444444
199011,48.00327272727272
199012,33.22666666666666
199101,26.57918215613383
199102,33.434684684684676
199103,42.55338645418329
199104,55.162592592592574
199105,69.58997050147492
199106,76.19999999999999
199107,77.54692082111436
199108,75.4059701492537
199109,66.87228915662647
199110,57.213506493506486
199111,39.37441860465114
199112,34.711369509043934
199201,30.980609418282548
199202,36.76801075268816
199203,41.47976470588235
199204,50.22896039603963
199205,61.66666666666668
199206,69.01131578947368
199207,72.8683574879227
199208,70.35784313725492
199209,65.87692307692309
199210,53.86383495145634
199211,41.972340425531925
199212,33.061772151898744
199301,30.693111638954868
199302,26.266388888888883
199303,37.280235294117645
199304,49.86642335766424
199305,63.77654028436018
199306,70.9026699029126
199307,77.51634615384613
199308,75.78399999999998
199309,62.69294403892942
199310,52.72345360824742
199311,41.89776119402983
199312,32.26311881188119
199401,20.851566265060246
199402,29.014489311163892
199403,41.24979508196722
199404,54.70790598290599
199405,61.415082644628086
199406,75.0701271186441
199407,76.092688172043
199408,72.125
199409,67.44498933901917
199410,57.29773195876285
199411,48.20504385964911
199412,38.280638297872336
199501,29.52569002123141
199502,30.24109589041096
199503,44.78744680851062
199504,51.29647887323944
199505,62.54602150537634
199506,73.98171296296296
199507,78.34646924829157
199508,79.75732323232322
199509,65.96527777777779
199510,57.36337719298244
199511,37.86534883720932
199512,29.91620370370372
199601,26.167488789237662
199602,31.203233256351012
199603,35.16465517241379
199604,49.025114155251124
199605,61.525485961123124
199606,72.5957683741648
199607,73.83980582524272
199608,75.6004608294931
199609,66.17333333333335
199610,56.42870370370369
199611,37.935922330097085
199612,34.43925233644859
199701,24.907441860465113
199702,35.60561224489796
199703,43.30046082949308
199704,50.187142857142874
199705,58.498604651162786
199706,72.0309523809524
199707,76.81111111111112
199708,72.06465116279071
199709,67.20536585365852
199710,56.27953488372098
199711,40.53540669856457
199712,33.985446009389676
199801,36.0361111111111
199802,40.901530612244905
199803,42.55806451612904
199804,53.894711538461564
199805,68.94697674418605
199806,72.43712871287129
199807,76.35150000000003
199808,75.87216981132072
199809,71.56666666666668
199810,57.097235023041435
199811,46.73684210526315
199812,37.550241545893726
199901,30.063223140495886
199902,37.71813725490197
199903,38.778297872340424
199904,54.51305970149255
199905,65.00290909090913
199906,72.97283018867925
199907,79.16752767527672
199908,71.77728937728936
199909,67.2543650793651
199910,54.850191570881215
199911,48.33544776119404
199912,33.9830882352941
200001,27.67560975609757
200002,37.69655172413791
200003,46.74381720430107
200004,51.860277777777746
200005,65.37535014005601
200006,71.22383720930233
200007,73.37651933701662
200008,73.33506849315074
200009,65.40281690140843
200010,58.33405994550407
200011,40.865642458100574
200012,20.767528735632176
200101,28.14793388429751
200102,33.188392857142844
200103,37.696236559139805
200104,57.699423631123956
200105,64.50268817204297
200106,70.78666666666668
200107,75.09675675675678
200108,74.71365979381441
200109,63.97893258426962
200110,54.66650000000001
200111,49.6659793814433
200112,37.07428571428572
200201,34.8825870646766
200202,35.236263736263744
200203,38.71400000000001
200204,53.79020618556708
200205,59.007980049875286
200206,73.74274611398961
200207,78.245013477089
200208,75.20564102564103
200209,69.92261306532663
200210,52.82669789227166
200211,40.87139423076927
200212,32.61697674418604
200301,23.201401869158893
200302,26.648062015503868
200303,42.64976958525348
200304,54.30479616306954
200305,60.84055944055944
200306,68.46738095238094
200307,74.07046511627912
200308,74.4216589861751
200309,64.12619047619049
200310,54.07667436489609
200311,46.820481927710894
200312,34.439675174013956
200401,24.647429906542044
200402,31.12014925373131
200403,44.51059907834103
200404,54.54832535885167
200405,66.29271070615033
200406,70.60426966292134
200407,72.9158940397351
200408,69.58593073593076
200409,68.65567928730518
200410,55.919912472647695
200411,46.16868008948546
200412,32.04585152838428
200501,30.21397590361446
200502,34.985459183673484
200503,38.22085747392817
200504,54.79017964071854
200505,60.60119760479042
200506,74.85459057071957
200507,75.92621118012427
200508,75.40703125000002
200509,69.95700712589071
200510,56.236236933797905
200511,45.4558004640371
200512,27.71418994413407
200601,39.32329988851726
200602,32.451002506265645
200603,41.362764771460434
200604,56.64582366589323
200605,61.21757990867578
200606,70.45309523809524
200607,76.59807909604517
200608,74.07809307604995
200609,63.29734717416379
200610,51.79427262313858
200611,44.714702450408396
200612,38.18913773796193
200701,32.50496141124588
200702,20.87177033492821
200703,46.80419580419582
200704,49.85023584905659
200705,67.30152046783631
200706,72.97490636704119
200707,73.25941860465117
200708,76.62536231884056
200709,69.20562347188266
200710,60.93770685579198
200711,42.622000000000014
200712,32.70111982082865
200801,28.63681257014591
200802,28.24582338902147
200803,38.39525386313464
200804,52.64370709382152
200805,59.304333333333346
200806,72.35986316989737
200807,74.2668838219327
200808,72.22991452991448
200809,67.47871179039299
200810,54.15030303030299
200811,42.167341772151914
200812,29.145018450184505
200901,21.828799999999998
200902,32.54843049327355
200903,44.08508064516129
200904,51.129629629629626
200905,61.68129770992365
200906,70.78053435114502
200907,67.49531249999998
