194412,33.47096774193548
194501,30.143010752688173
194502,35.73571428571428
194503,52.723404255319146
194504,55.584444444444436
194505,60.064130434782605
194506,69.0711111111111
194507,75.44301075268817
194508,76.29247311827957
194509,68.82888888888887
194510,56.74408602150538
194511,45.912222222222226
194512,26.758064516129032
194601,32.739784946236554
194602,39.33690476190476
194603,55.73978494623656
194604,59.635555555555555
194605,61.57956989247312
194606,74.94666666666667
194607,80.0258064516129
194608,72.80645161290325
194609,68.04333333333334
194610,61.17096774193548
194611,46.394999999999996
194612,39.18709677419354
194701,33.946774193548386
194702,27.22142857142857
194703,35.725806451612904
194704,53.50000000000001
194705,62.179032258064524
194706,72.05499999999999
194707,75.22741935483872
194708,83.58870967741935
194709,71.435
194710,64.63709677419355
194711,39.89
194712,36.76935483870968
194801,24.063172043010752
194802,31.26379310344827
194803,40.04999999999998
194804,59.084722222222226
194805,63.42284946236559
194806,72.38805555555555
194807,76.59112903225808
194808,75.36236559139783
194809,69.32361111111108
194810,54.16720430107527
194811,44.67111111111111
194812,35.039516129032265
194901,28.0720430107527
194902,32.31964285714285
194903,41.48844086021505
194904,52.96361111111111
194905,66.61505376344087
194906,74.56194444444444
194907,77.76075268817205
194908,74.16621621621623
194909,62.05166666666669
194910,58.183064516129036
194911,46.07361111111109
194912,35.65175438596492
195001,32.902073732718904
195002,34.763265306122456
195003,39.20990783410139
195004,49.99690476190477
195005,64.92406417112299
195006,72.71805555555557
195007,72.19327956989245
195008,70.24005376344086
195009,65.36527777777778
195010,62.104838709677416
195011,38.6713888888889
195012,28.86209677419355
195101,32.00769230769231
195102,35.290714285714294
195103,40.36870967741935
195104,51.084
195105,65.72354838709676
195106,70.53733333333334
195107,76.27612903225805
195108,75.77903225806453
195109,64.99166666666667
195110,57.456774193548384
195111,37.81966666666666
195112,33.14322580645161
195201,35.568709677419356
195202,39.32896551724138
195203,41.09741935483871
195204,54.06533333333333
195205,64.7741935483871
195206,81.13866666666668
195207,79.44870967741934
195208,75.60322580645158
195209,68.36833333333334
195210,52.83064516129031
195211,44.64799999999999
195212,35.16935483870966
195301,34.826451612903234
195302,39.44607142857142
195303,46.66000000000001
195304,50.595666666666666
195305,65.13645161290322
195306,81.05833333333335
195307,79.4193548387097
195308,78.0432258064516
195309,72.44900000000003
195310,61.186774193548366
195311,46.42666666666666
195312,36.17999999999999
195401,31.48935483870968
195402,43.673928571428576
195403,41.8641935483871
195404,61.5846666666667
195405,60.86161290322581
195406,77.37400000000001
195407,84.45290322580648
195408,79.58193548387098
195409,73.49199999999999
195410,58.05354838709676
195411,46.00633333333332
195412,35.85612903225807
195501,33.5623076923077
195502,34.3169642857143
195503,44.11451612903226
195504,61.87833333333332
195505,66.73790322580645
195506,69.25
195507,80.44596774193546
195508,78.08790322580647
195509,71.78750000000001
195510,57.46370967741935
195511,41.19749999999999
195512,32.119354838709675
195601,29.24758064516129
195602,36.037931034482774
195603,44.506451612903234
195604,53.225
195605,67.44435483870967
195606,74.17999999999999
195607,76.96612903225805
195608,78.1959677419355
195609,70.72250000000003
195610,63.4975806451613
195611,44.18416666666666
195612,38.12258064516127
195701,27.349193548387095
195702,40.39107142857142
195703,42.72580645161291
195704,54.764166666666675
195705,64.89354838709679
195706,73.39750000000001
195707,78.8483870967742
195708,77.06532258064516
195709,66.57166666666664
195710,54.58870967741934
195711,42.734166666666674
195712,40.862096774193546
195801,31.20241935483871
195802,26.220535714285713
195803,36.663709677419355
195804,54.5275
195805,65.55000000000003
195806,71.12750000000001
195807,75.07499999999999
195808,76.44516129032257
195809,68.50416666666668
195810,57.98870967741935
195811,48.40749999999999
195812,31.327419354838714
195901,27.03790322580644
195902,35.371428571428574
195903,44.77822580645164
195904,55.75166666666665
195905,68.22903225806452
195906,74.15500000000002
195907,75.77903225806453
195908,78.63467741935484
195909,69.94583333333334
195910,55.50967741935483
195911,38.253333333333316
195912,39.06612903225807
196001,32.625806451612895
196002,29.943103448275856
196003,30.106451612903225
196004,57.62333333333334
196005,62.544354838709694
196006,72.69
196007,75.0008064516129
196008,77.49354838709675
196009,73.11749999999999
196010,59.00645161290322
196011,46.539166666666674
196012,31.279032258064515
196101,29.08306451612903
196102,37.14732142857143
196103,45.620161290322585
196104,50.51916666666668
196105,60.2741935483871
196106,70.56333333333335
196107,75.61693548387099
196108,74.56774193548387
196109,69.06583333333333
196110,58.3233870967742
196111,43.583333333333336
196112,31.84677419354838
196201,25.134677419354844
196202,36.97589285714285
196203,39.29112903225808
196204,52.926666666666684
196205,72.33709677419357
196206,72.36499999999998
196207,76.77983870967743
196208,77.0274193548387
196209,66.00916666666667
196210,59.751612903225805
196211,44.0525
196212,32.370161290322564
196301,22.00725806451613
196302,30.40357142857144
196303,48.8016129032258
196304,59.487500000000004
196305,64.86129032258063
196306,75.97666666666667
196307,77.47096774193547
196308,75.64354838709677
196309,69.09416666666667
196310,67.44516129032256
196311,46.595000000000006
196312,23.71532258064516
196401,35.59193548387096
196402,34.068103448275856
196403,41.641129032258064
196404,58.48083333333332
196405,68.88790322580644
196406,73.17000000000003
196407,78.50241935483872
196408,75.78306451612904
196409,69.45833333333333
196410,55.7741935483871
196411,48.761666666666656
196412,33.02903225806452
196501,31.636538461538468
196502,32.06785714285715
196503,33.36129032258064
196504,58.12799999999999
196505,70.2225806451613
196506,73.54400000000001
196507,76.7425806451613
196508,74.99741935483873
196509,68.28933333333335
196510,57.59999999999999
196511,48.412
196512,42.0032258064516
196601,26.376774193548385
196602,32.40500000000001
196603,47.230967741935494
196604,51.98599999999998
196605,63.02516129032258
196606,72.53800000000001
196607,81.5374193548387
196608,73.22451612903227
196609,65.67666666666665
196610,55.76322580645161
196611,47.08133333333333
196612,32.69483870967741
196701,32.87161290322582
196702,31.51428571428571
196703,47.32129032258065
196704,58.32533333333332
196705,61.20709677419355
196706,72.5333333333333
196707,74.71483870967742
196708,72.68129032258064
196709,65.62466666666667
196710,56.73741935483869
196711,42.597333333333346
196712,35.17419354838711
196801,28.422580645161297
196802,30.460689655172416
196803,46.2858064516129
196804,55.914
196805,61.37354838709678
196806,75.73333333333333
196807,77.09225806451614
196808,76.10909090909095
196809,67.13399999999999
196810,57.523870967741914
196811,42.061744966442944
196812,31.28838709677419
196901,28.00709677419355
196902,34.195
196903,37.43161290322582
196904,56.50600000000001
196905,65.3974193548387
196906,71.09266666666666
196907,80.20451612903227
196908,76.60645161290323
196909,69.0766666666667
196910,54.8148387096774
196911,43.17
196912,32.24967741935483
197001,24.569677419354836
197002,33.78571428571429
197003,39.69354838709678
197004,56.21666666666667
197005,68.49741935483868
197006,73.11999999999998
197007,78.15290322580644
197008,77.81677419354843
197009,70.13399999999999
197010,55.84580645161293
197011,42.264666666666635
197012,37.89419354838709
197101,27.155063291139246
197102,31.946428571428577
197103,41.93999999999998
197104,57.44866666666666
197105,62.862580645161295
197106,77.87466666666667
197107,74.41096774193548
197108,74.91677419354838
197109,70.33933333333331
197110,62.45548387096777
197111,45.29399999999999
197112,38.163870967741936
197201,28.651612903225807
197202,33.48
197203,45.43896103896103
197204,55.67666666666667
197205,65.63999999999999
197206,74.49133333333333
197207,76.10645161290323
197208,75.66838709677418
197209,69.75933333333333
197210,54.20129032258064
197211,39.494000000000014
197212,28.36387096774194
197301,32.42280701754386
197302,35.627083333333324
197303,51.170370370370364
197304,52.35098039215686
197305,61.75
197306,61.78076923076923
197307,48.09272727272726
197308,47.91964285714285
197309,41.96792452830188
197310,36.54363636363637
197311,32.292
197312,32.16632653061225
197401,27.809090909090905
197402,35.62023809523811
197403,42.61333333333334
197404,49.317757009345804
197405,54.28596491228072
197406,57.96371681415927
197407,69.91379310344826
197408,75.08938053097346
197409,63.03873873873875
197410,59.7042735042735
197411,46.483333333333356
197412,36.345217391304345
197501,35.85221238938054
197502,34.0811320754717
197503,41.09243697478992
197504,55.6381443298969
197505,69.57448979591838
197506,75.3798245614035
197507,79.02222222222223
197508,78.55423728813561
197509,65.7
197510,60.5608695652174
197511,48.56486486486485
197512,38.248717948717946
197601,31.927586206896557
197602,46.904545454545456
197603,50.72393162393161
197604,59.35294117647059
197605,62.219130434782585
197606,72.89279279279279
197607,80.00090090090089
197608,75.71764705882352
197609,70.41826086956522
197610,53.11217391304348
197611,39.384821428571435
197612,33.47203389830508
197701,18.998275862068958
197702,38.49603960396039
197703,51.7162162162162
197704,63.00373831775699
197705,70.92456140350875
197706,75.80683760683762
197707,80.77413793103447
197708,77.75675675675677
197709,71.57545454545455
197710,56.56907894736842
197711,46.23382352941177
197712,34.340816326530614
197801,22.817816091954025
197802,24.334146341463413
197803,40.89623655913978
197804,58.50459770114942
197805,63.721301775147914
197806,74.03941176470589
197807,79.8377906976744
197808,76.53924050632912
197809,72.31676646706588
197810,56.174860335195525
197811,47.37028571428571
197812,35.18243902439024
197901,20.27421383647799
197902,27.964052287581687
197903,46.20110497237569
197904,53.91363636363637
197905,64.48418079096045
197906,73.29176470588236
197907,77.61250000000001
197908,76.06766467065869
197909,68.34597701149424
197910,59.45568181818182
197911,43.3635761589404
197912,38.807692307692314
198001,33.187577639751545
198002,30.496894409937894
198003,41.332716049382704
198004,56.26103896103896
198005,66.37700534759358
198006,75.66448087431694
198007,85.27901234567899
198008,83.36298701298703
198009,73.32269503546098
198010,56.275796178343946
198011,46.14491978609626
198012,37.587777777777795
198101,33.800606060606064
198102,40.361333333333334
198103,47.696791443850266
198104,64.04085365853659
198105,61.51117318435755
198106,74.65345911949684
198107,78.77515923566877
198108,75.89677419354838
198109,69.17724550898205
198110,58.004188481675406
198111,49.350555555555545
198112,33.34585635359115
198201,24.142253521126758
198202,33.641843971631204
198203,47.508947368421055
198204,52.567251461988306
198205,68.50923913043476
198206,69.80747126436782
198207,79.00969387755104
198208,75.08446601941746
198209,67.135
198210,57.915346534653466
198211,47.141269841269846
198212,41.18207547169813
198301,33.43365384615384
198302,39.14309392265194
198303,45.2880829015544
198304,50.738596491228066
198305,62.38269230769232
198306,73.35310734463278
198307,80.6059405940594
198308,82.31804878048779
198309,69.96919191919191
198310,59.013999999999996
198311,48.40111731843575
198312,21.531122448979588
198401,29.218483412322268
198402,41.31641791044776
198403,40.05523809523809
198404,54.29282296650716
198405,62.62713567839196
198406,75.86682926829266
198407,77.07605633802815
198408,77.7852380952381
198409,67.05679611650486
198410,59.74065420560748
198411,45.40609137055838
198412,41.658490566037734
198501,24.139234449760767
198502,31.050777202072535
198503,50.184433962264144
198504,60.517351598173526
198505,66.46973684210528
198506,71.46747572815535
198507,78.67641509433963
198508,74.84298642533938
198509,69.93471502590674
198510,61.49190751445086
198511,44.998148148148125
198512,28.860975609756096
198601,36.492890995260666
198602,37.63809523809524
198603,50.42583732057415
198604,60.44257425742575
198605,66.77246376811595
198606,76.57892156862745
198607,81.74928909952605
198608,73.48809523809526
198609,71.87424242424241
198610,57.56258503401361
198611,40.83674698795181
198612,35.12641509433962
198701,32.14207317073169
198702,40.85030303030302
198703,48.891981132075465
198704,58.126
198705,71.06666666666666
198706,75.96323529411765
198707,78.68390243902441
198708,78.51641025641025
198709,68.91794871794872
198710,53.20049019607843
198711,48.900000000000006
198712,38.06963350785342
198801,30.082000000000008
198802,32.18360655737705
198803,45.737016574585645
198804,57.05978260869565
198805,67.71623036649216
198806,76.63333333333333
198807,78.66766467065867
198808,79.59401197604792
198809,69.9364779874214
198810,53.15843373493976
198811,46.84339622641511
198812,36.93975903614458
198901,39.915116279069764
198902,28.205442176870747
198903,45.92937500000001
198904,57.98726114649681
198905,64.4883870967742
198906,71.89473684210525
198907,77.20297619047618
198908,75.47289156626506
198909,65.89294871794871
198910,59.38291139240506
198911,47.07169811320755
198912,24.89444444444445
199001,41.49197530864198
199002,41.98287671232876
199003,49.03057324840764
199004,56.674213836478
199005,62.720863309352524
199006,76.74149659863946
199007,78.6736526946108
199008,77.24907975460123
199009,73.27962962962962
199010,57.10399999999999
199011,52.22485207100592
199012,35.45297619047618
199101,29.644131455399073
199102,41.29783783783785
199103,51.04803921568627
199104,60.52173913043479
199105,71.1115207373272
199106,77.41256281407031
199107,79.9139175257732
199108,78.46455026455025
199109,69.50050761421319
199110,59.10054945054946
199111,41.924479166666664
199112,39.60320855614974
199201,36.956613756613756
199202,41.8189944134078
199203,49.38251366120219
199204,56.99050632911393
199205,64.57579617834394
199206,71.6215053763441
199207,77.093085106383
199208,72.02879581151835
199209,66.75196078431374
199210,56.938967136150254
199211,43.42666666666668
199212,36.168837209302325
199301,32.036744186046505
199302,32.29020618556701
199303,42.71666666666665
199304,53.045714285714276
199305,64.35253456221197
199306,73.33463414634147
199307,78.39506172839508
199308,76.36838709677419
199309,63.02698412698411
199310,53.318012422360255
199311,42.09086538461539
199312,36.82372093023255
199401,27.832718894009215
199402,34.51632653061223
199403,48.06749999999999
199404,57.77128712871285
199405,63.95483870967743
199406,75.82295918367349
199407,75.72083333333335
199408,75.00891089108914
199409,66.5370192307692
199410,58.85253456221199
199411,49.95571428571427
199412,40.26715686274509
199501,31.554066985645935
199502,37.61275510204082
199503,48.82857142857142
199504,55.779047619047645
199505,62.94134078212291
199506,74.9724409448819
199507,78.40473933649287
199508,80.05906735751297
199509,67.19487179487177
199510,59.77971698113207
199511,42.480097087378645
199512,34.93162790697675
199601,29.844186046511627
199602,37.52167487684731
199603,40.337788018433194
199604,53.79947368421053
199605,66.39411764705885
199606,73.91642857142855
199607,76.51171171171177
199608,74.65806451612896
199609,64.96428571428571
199610,58.38870967741937
199611,40.29482758620689
199612,36.63934426229508
199701,29.359016393442623
199702,38.43026315789471
199703,47.87582417582416
199704,50.97111111111113
199705,60.077419354838746
199706,71.28888888888892
199707,77.67419354838711
199708,74.12688172043008
199709,68.31666666666669
199710,56.822988505747155
199711,41.99666666666666
199712,34.17032967032966
199801,35.04111111111111
199802,40.201315789473696
199803,43.39736842105265
199804,55.107964601769915
199805,70.25806451612901
199806,75.07542372881355
199807,77.7733870967742
199808,76.8862903225806
199809,73.19416666666665
199810,59.15737704918026
199811,49.60756302521008
199812,37.2701612903226
199901,33.09
199902,43.41071428571427
199903,43.18951612903226
199904,58.03499999999999
199905,65.0008130081301
199906,73.4613445378151
199907,80.58790322580637
199908,76.41532258064517
199909,68.01801801801808
199910,58.228813559322006
199911,52.777499999999996
199912,38.69516129032258
200001,33.59523809523807
200002,43.01363636363637
200003,48.670645161290395
200004,55.70099999999997
200005,68.7450980392157
200006,72.10340136054411
200007,76.77806451612899
200008,80.0206451612904
200009,69.44697986577181
200010,60.31451612903229
200011,39.717
200012,21.690522875816992
200101,30.23709677419356
200102,34.22964285714281
200103,40.55580645161288
200104,61.96936026936024
200105,66.51741741741739
200106,72.45696969696964
200107,79.8765395894428
200108,77.65737265415545
200109,66.51491002570683
200110,56.37369727047148
200111,51.69558441558439
200112,39.59846938775514
200201,36.14540816326528
200202,38.16833333333336
200203,42.04449999999998
200204,57.902307692307666
200205,62.62568578553614
200206,75.80412371134025
200207,79.84899497487447
200208,77.24206349206356
200209,71.08906666666667
200210,53.24771573604057
200211,42.88157894736842
200212,37.2956962025316
200301,28.17882653061223
200302,31.530303030303067
200303,45.185572139303424
200304,57.69404145077717
200305,64.44974747474747
200306,70.78634020618564
200307,79.58266331658297
200308,79.05835411471324
200309,65.09820512820515
200310,57.727114427860634
200311,46.65350649350655
200312,36.8298994974874
200401,29.681565656565652
200402,33.690159574468055
200403,48.58668341708545
200404,57.228534704370134
200405,67.58801020408167
200406,71.22421307506058
200407,74.73140877598146
200408,71.02703962703968
200409,68.82187500000006
200410,58.85522041763344
200411,48.01642512077292
200412,35.44791666666666
200501,33.82079207920792
200502,40.68736462093863
200503,44.58967741935482
200504,58.187919463087226
200505,65.68414239482203
200506,76.54180602006691
200507,79.6416938110749
200508,78.1328990228013
200509,72.10969899665548
200510,57.506209150326804
200511,48.360810810810854
200512,32.24183006535946
200601,41.78729641693813
200602,35.29352517985614
200603,47.21201298701301
200604,62.281879194630925
200605,65.60651465798047
200606,74.75400000000002
200607,80.12598684210528
200608,79.06387096774195
200609,65.65953177257519
200610,54.76874999999999
200611,46.963389830508504
200612,39.59273927392738
200701,32.54999999999996
200702,30.49071428571429
200703,53.75934426229508
200704,53.61772575250837
200705,69.61699346405224
200706,74.30449251247916
200707,76.71352201257865
200708,82.10170068027209
200709,71.0471380471381
200710,60.22801857585145
200711,45.46030303030304
200712,33.74866468842729
200801,31.644230769230795
200802,31.24857142857142
200803,43.24391691394662
200804,52.69909090909089
200805,63.222727272727305
200806,73.92177914110432
200807,76.96750000000003
200808,74.2569940476191
200809,66.86848484848485
200810,56.185060975609744
200811,44.60055452865064
200812,31.14032258064517
200901,27.092473118279585
200902,37.695027624309375
200903,45.82146118721462
200904,53.38879310344828
200905,63.416666666666686
200906,73.90299625468161
200907,72.44444444444446
