194209,63.666666666666664
194210,71.06129032258063
194211,61.53999999999999
194212,49.461290322580645
194301,49.95161290322581
194302,50.11785714285713
194303,55.5258064516129
194304,62.86999999999999
194305,72.49999999999999
194306,81.72000000000003
194307,80.51612903225805
194308,80.17096774193548
194309,72.44333333333334
194310,62.46129032258065
194311,52.66999999999999
194312,47.34516129032258
194401,47.7516129032258
194402,54.248275862068965
194403,56.035483870967745
194404,61.28666666666666
194405,72.96451612903226
194406,80.05666666666669
194407,77.43548387096776
194408,77.68709677419356
194409,76.66000000000001
194410,64.57096774193549
194411,54.330000000000005
194412,44.11290322580645
194501,47.748387096774195
194502,53.47499999999999
194503,64.37419354838708
194504,67.95916666666666
194505,69.97661290322583
194506,79.04333333333334
194507,79.41854838709679
194508,78.557
194509,77.55444444444446
194510,65.55238095238094
194511,60.340625
194512,46.9741935483871
194601,50.861290322580636
194602,52.940000000000005
194801,38.70537634408603
194802,45.98390804597701
194803,56.82150537634409
194804,65.37444444444445
194805,71.03440860215053
194806,78.05888888888889
194807,80.56774193548388
194808,77.58817204301076
194809,71.27
194810,58.77204301075268
194811,57.45
194812,48.52473118279571
194901,52.46182795698925
194902,52.31964285714286
194903,53.60215053763441
194904,60.171666666666674
194905,70.28010752688174
194906,76.15722222222222
194907,79.95591397849464
194908,77.10430107526882
194909,70.48
194910,66.46290322580647
194911,50.876111111111115
194912,46.50913978494622
195001,54.63910256410256
195002,50.65785714285715
195003,50.68000000000001
195004,59.73866666666666
195005,71.49354838709677
195006,77.93533333333333
195007,76.83354838709678
195008,76.62193548387097
195009,71.33533333333335
195010,65.27870967741937
195011,48.798333333333325
195012,39.91290322580646
195101,44.13709677419354
195102,46.195833333333326
195103,53.23172043010753
195104,60.445000000000014
195105,69.11774193548388
195106,76.39444444444445
195107,78.76666666666668
195108,79.72580645161291
195109,73.2227777777778
195110,65.56075268817204
195111,48.01444444444446
195112,47.347849462365595
195201,50.95268817204301
195202,48.497126436781606
195203,53.31720430107527
195204,62.10222222222222
195205,72.3978494623656
195206,82.03111111111109
195207,81.51935483870967
195208,77.76021505376345
195209,72.40444444444444
195210,59.36559139784947
195211,53.440000000000005
195212,43.87204301075268
195301,48.71774193548387
195302,49.15654761904763
195303,55.289247311827964
195304,62.378888888888895
195305,75.66182795698923
195306,78.41388888888889
195307,80.34247311827956
195308,78.89032258064516
195309,72.93500000000002
195310,64.65483870967742
195311,52.61444444444446
195312,46.10645161290323
195401,46.215591397849465
195402,51.208333333333336
195403,53.564516129032256
195404,65.91055555555555
195405,66.8236559139785
195406,79.23277777777778
195407,82.05860215053764
195408,82.09371428571427
195409,77.15066666666665
195410,65.06129032258066
195411,50.50696202531646
195412,43.478846153846156
195501,43.43548387096773
195502,47.1875
195503,56.22204301075269
195504,65.58888888888889
195505,72.43602150537636
195506,73.55166666666668
195507,79.99139784946236
195508,79.83064516129032
195509,74.31777777777778
195510,62.31397849462366
195511,51.84388888888888
195512,42.34193548387096
195601,41.75860215053763
195602,50.377586206896545
195603,53.23387096774193
195604,60.83166666666667
195605,71.48655913978494
195606,77.26611111111112
195607,79.8010752688172
195608,79.77419354838709
195609,71.23111111111109
195610,64.40430107526882
195611,51.98381502890174
195612,53.93161290322579
195701,46.232258064516124
195702,52.26785714285715
195703,51.774193548387096
195704,65.19533333333334
195705,70.91032258064516
195706,77.22866666666668
195707,80.15032258064515
195708,78.22064516129032
195709,73.938
195710,58.741935483870954
195711,54.61399999999999
195712,46.333548387096776
195801,38.348387096774196
195802,38.99357142857144
195803,48.53032258064517
195804,61.68066666666666
195805,70.69612903225806
195806,76.98400000000001
195807,79.56193548387098
195808,79.63870967741936
195809,73.442
195810,61.31612903225806
195811,57.086
195812,41.71806451612904
195901,42.5232
195902,48.82932330827068
195903,51.901290322580635
195904,64.012
195905,72.30580645161291
195906,77.12
195907,78.18231292517007
195908,79.63612903225805
195909,72.606
195910,64.69677419354839
195911,52.68333333333333
195912,45.86516129032258
196001,44.136752136752136
196002,43.483620689655176
196003,41.20806451612904
196004,64.06583333333332
196005,68.92500000000001
196006,75.93666666666668
196007,78.3008064516129
196008,77.90645161290324
196009,72.70833333333334
196010,63.80887096774194
196011,53.10333333333333
196012,39.391935483870974
196101,39.86774193548387
196102,49.080916030534354
196103,56.69870967741935
196104,57.22133333333334
196105,66.73096774193547
196106,75.35533333333333
196107,78.97354838709676
196108,76.03096774193548
196109,74.20133333333331
196110,61.55483870967742
196111,57.78680555555555
196112,44.74032258064517
196201,42.19274193548387
196202,48.95714285714286
196203,49.50887096774194
196204,59.431666666666665
196205,75.0
196206,74.80749999999999
196207,78.9951612903226
196208,77.83225806451613
196209,72.45753424657534
196210,64.84807692307692
196211,51.78666666666667
196212,41.94451612903226
196301,40.54064516129033
196302,40.57928571428572
196303,57.14322580645162
196304,65.38835616438355
196305,70.9790322580645
196306,76.98
196307,78.73225806451612
196308,79.51451612903226
196309,70.77833333333332
196310,63.65000000000001
196311,53.93916666666667
196312,38.281451612903226
196401,43.43064516129033
196402,42.90948275862069
196403,54.35887096774195
196404,63.3225
196405,71.5983870967742
196406,78.3675
196407,76.56693548387096
196408,76.78629032258064
196409,72.65499999999999
196410,58.566935483870964
196411,57.37750000000001
196412,48.79112903225807
196501,45.37016129032258
196502,46.34910714285714
196503,50.139516129032266
196504,62.715555555555575
196505,73.8795698924731
196506,72.99222222222221
196507,76.95053763440858
196508,77.56989247311826
196509,72.57555555555552
196510,60.775268817204314
196511,53.351111111111116
196512,45.543010752688176
196601,38.69139784946237
196602,44.55833333333332
196603,51.15376344086022
196604,60.77888888888887
196605,67.82903225806452
196606,73.40333333333335
196607,78.53225806451613
196608,76.00322580645161
196609,70.84333333333332
196610,60.83225806451613
196611,51.728888888888896
196612,44.431182795698916
196701,46.05053763440861
196702,42.45357142857142
196703,56.282795698924744
196704,64.7488888888889
196705,66.61720430107525
196706,72.31444444444443
196707,75.38172043010752
196708,74.08279569892474
196709,66.6511111111111
196710,59.26021505376344
196711,48.61777777777778
196712,48.68279569892475
196801,38.95161290322581
196802,39.14597701149425
196803,53.60645161290322
196804,62.4
196805,67.3967741935484
196806,75.21222222222222
196807,77.47956989247314
196808,79.4741935483871
196809,70.4888888888889
196810,62.26236559139785
196811,51.101111111111116
196812,40.8774193548387
196901,40.703225806451606
196902,42.663095238095224
196903,48.34086021505376
196904,62.64222222222222
196905,68.80215053763442
196906,76.60666666666667
196907,80.87849462365591
196908,74.91182795698926
196909,70.19666666666667
196910,62.56559139784946
196911,49.321111111111115
196912,42.44623655913979
197001,37.116129032258065
197002,44.976190476190496
197003,53.90537634408602
197004,64.58333333333333
197005,70.6989247311828
197006,76.87142857142855
197007,80.19462365591396
197008,78.1763440860215
197009,75.63333333333335
197010,64.30430107526882
197011,49.688888888888876
197012,47.72473118279571
197101,44.954255319148935
197102,45.53928571428572
197103,49.41397849462366
197104,61.43000000000001
197105,68.58709677419354
197106,77.63333333333333
197107,77.34516129032257
197108,76.93978494623656
197109,74.33777777777779
197110,67.62473118279571
197111,52.70444444444444
197112,54.91182795698923
197201,51.36532258064516
197202,45.43879310344828
197203,54.91209677419355
197204,62.62916666666667
197205,68.01370967741936
197206,73.2375
197207,78.71048387096774
197208,78.33064516129032
197209,74.91499999999999
197210,63.36290322580645
197211,53.77166666666667
197212,51.99677419354838
197509,77.13333333333334
197510,76.1
197512,48.6
197601,56.92
197602,59.16363636363636
197603,64.66666666666667
197604,68.0
197605,73.14000000000001
197607,84.83333333333333
197608,83.6
197610,59.15
197611,50.025000000000006
197612,52.175
197701,37.22
197702,47.57307692307692
197703,63.05333333333333
197704,67.66
197705,72.08333333333333
197706,82.9
197707,86.33333333333333
197708,84.43076923076923
197709,79.72
197710,72.61250000000001
197711,52.75
197712,56.942857142857136
197801,44.457142857142856
197802,43.6
197803,54.21923076923077
197804,67.55
197805,73.5909090909091
197806,83.1
197807,82.10000000000001
197808,84.32000000000001
197809,81.33333333333333
197810,68.55
197811,67.97777777777777
197812,56.23333333333334
197901,49.0
197902,48.56666666666666
197903,57.666666666666664
197904,67.05
197905,71.2
197906,72.4
197908,79.9
198007,86.7
198008,84.5
198009,83.6
198010,76.6
198011,55.1
198012,50.199999999999996
198101,48.7
198103,54.575
198104,73.23333333333333
198112,54.0
198201,55.7
198203,49.5
198212,53.06666666666666
198301,42.61999999999999
198302,49.378947368421045
198303,58.70666666666668
198304,75.60000000000001
198305,73.03333333333336
198306,78.54799999999999
198307,83.98333333333332
198308,83.70434782608696
198309,77.13125000000001
198310,66.46000000000001
198311,58.31052631578948
198312,50.76923076923078
198405,75.82499999999999
198406,82.10476190476189
198407,82.30454545454546
198408,82.55263157894736
198409,73.77333333333333
198410,72.30833333333331
198411,54.80000000000001
198412,56.344444444444434
198501,45.25999999999999
198502,50.03333333333334
198503,61.454999999999984
198504,69.88695652173914
198505,73.88627450980391
198506,80.13799999999999
198507,81.68888888888888
198508,79.67169811320755
198509,76.46734693877549
198510,71.80980392156862
198511,65.68775510204081
198512,48.59019607843137
198601,45.123076923076916
198602,53.770833333333336
198603,57.20624999999999
198604,66.56346153846154
198605,74.12452830188681
198606,80.5479166666667
198607,85.63962264150943
198608,80.34117647058825
198609,76.81951219512194
198610,67.00666666666667
198611,62.54468085106384
198612,52.30576923076922
198701,46.42142857142857
198702,47.841304347826096
198703,53.70961538461539
198704,62.66226415094339
198705,72.98333333333333
198706,79.49411764705881
198707,82.90576923076922
198708,82.39800000000001
198709,78.0595744680851
198710,61.0
198711,60.33469387755103
198712,51.74117647058823
198801,41.402173913043484
198802,48.562222222222225
198803,56.71666666666667
198804,63.77346938775509
198805,71.94038461538462
198806,78.226
198807,81.43541666666665
198808,82.36296296296297
198809,76.55227272727271
198810,63.62258064516131
198811,60.690000000000005
198812,49.09677419354839
198901,52.940000000000005
198902,51.50714285714287
198903,54.71612903225807
198904,62.67333333333333
198905,70.83870967741936
198906,79.02
198907,81.14516129032259
198908,79.30000000000001
198909,76.49666666666667
198910,67.90645161290324
198911,60.55333333333335
198912,42.929032258064524
199001,51.909677419354836
199002,56.94642857142858
199003,59.93548387096773
199004,64.54999999999998
199005,72.90322580645163
199006,78.73333333333333
199007,81.82258064516128
199008,81.24516129032257
199009,78.54814814814816
199010,71.56129032258065
199011,61.97666666666668
199012,55.40967741935485
199101,50.96451612903227
199102,52.621428571428574
199103,58.58064516129032
199104,66.60999999999999
199105,75.55161290322582
199106,77.88333333333331
199107,81.90967741935482
199108,80.75483870967743
199109,76.85333333333331
199110,67.95483870967742
199111,55.90999999999999
199112,53.86129032258064
199201,49.6483870967742
199202,52.26551724137931
199203,56.503225806451596
199204,62.150000000000006
199205,68.93548387096773
199206,76.59629629629632
199207,81.99032258064517
199208,79.90000000000003
199209,76.47333333333334
199210,65.96451612903226
199211,60.269999999999996
199212,50.45806451612903
199301,52.780645161290316
199302,49.425000000000004
199303,53.11612903225808
199304,60.48333333333334
199305,71.68064516129031
199306,78.36666666666666
199307,83.26451612903227
199308,81.29354838709678
199309,78.77666666666669
199310,68.19354838709677
199311,58.929999999999986
199312,49.70967741935484
199401,47.557142857142864
199402,51.46428571428572
199403,60.096774193548384
199404,68.35
199405,70.39354838709677
199406,78.35333333333334
199407,81.03870967741936
199408,79.54193548387096
199409,75.78333333333333
199410,66.86129032258066
199411,62.79333333333333
199412,54.525806451612915
199501,50.012903225806475
199502,48.35
199503,57.89677419354839
199504,66.80333333333333
199505,74.35161290322581
199506,77.69666666666667
199507,82.48064516129033
199508,81.66451612903224
199510,71.02580645161291
199511,56.123333333333335
199512,48.91290322580646
199601,47.15161290322581
199602,48.91724137931034
199603,51.81290322580645
199604,62.85
199605,72.9193548387097
199606,78.22666666666667
199607,81.1483870967742
199608,79.69354838709677
199609,77.48666666666666
199610,67.53225806451613
199611,56.56666666666667
199612,52.54516129032258
199701,49.503225806451596
199702,52.714285714285715
199703,63.21290322580645
199704,63.51000000000001
199705,70.04838709677419
199706,73.93
199707,80.94838709677418
199708,79.69032258064516
199709,77.51333333333332
199710,68.30000000000003
199711,56.949999999999974
199712,51.425806451612914
199801,50.48333333333333
199812,45.35
199901,53.87898550724636
199902,52.15961538461538
199903,56.033734939759015
199904,64.48978494623655
199905,69.15299539170505
199906,74.81648936170212
199907,79.7242937853107
199908,82.03157894736847
199909,72.39257142857142
199910,62.87586206896554
199911,57.00740740740739
199912,48.1242424242424
200001,43.47213114754099
200002,50.1223602484472
200003,58.63396584440232
200004,61.483003952569156
200005,74.1372781065089
200006,78.6115207373272
200007,79.8347193347193
200008,78.76817155756206
200009,72.62894736842102
200010,63.25189620758478
200011,52.69505154639177
200012,39.545109780439105
200101,44.0974658869396
200102,51.400847457627094
200103,53.00096711798841
200104,64.36380000000001
200105,71.54624277456647
200106,77.07549800796815
200107,78.43398821218075
200108,79.8404878048781
200109,70.89498525073746
200110,61.567388167388216
200111,59.13658536585367
200112,51.78394160583933
200201,46.8483687943262
200202,48.05950155763241
200203,56.066053748231944
200204,67.450583090379
200205,68.9918454935623
200206,77.63131462333827
200207,81.84347826086955
200208,79.15063291139234
200209,75.33046647230329
200210,65.83886524822692
200211,51.67994100294985
200212,44.07755395683454
200301,41.554741379310315
200302,46.427102803738315
200303,56.7293127629733
200304,61.095958083832365
200305,69.84865248226937
200306,75.92006172839508
200307,77.91824611032537
200308,78.75867418899855
200309,72.37903930131007
200310,63.05685997171146
200311,58.59235294117656
200312,43.32375533428165
200401,43.020779220779254
200402,44.05158850226923
200403,56.970098730606516
200404,62.82906976744181
200405,74.17453769559036
200406,77.63381924198248
200407,79.10526315789471
200408,76.53963328631875
200409,73.37220708446863
200410,66.22860858257481
200411,57.11420982735721
200412,46.24566929133857
200501,47.62417391304348
200502,48.90573476702512
200503,53.3557959814529
200504,61.57691029900329
200505,68.18354231974921
200506,76.3576744186046
200507,80.94806547619045
200508,80.42662889518424
200509,77.87595129375948
200510,66.11933621933616
200511,57.653812316715594
200512,45.57953890489915
200601,51.18575581395351
200602,47.81104100946371
200603,55.65263908701856
200604,66.85794117647059
200605,69.79588839941268
200606,77.41944869831542
200607,81.21335311572705
200608,80.99369250985552
200609,73.37271505376343
200610,63.225033288948076
200611,55.1841628959276
200612,51.486202185792365
200701,48.81418826739429
200702,46.30552995391709
200703,59.692339261285895
200704,62.64314789687923
200705,70.95358649789027
200706,77.43900481540935
200707,78.90535714285713
200708,84.0629470672389
200709,76.41994047619046
200710,68.65944517833552
200711,55.18603773584899
200712,53.209123222748815
200801,45.019474313022705
200802,51.673760580411155
200803,56.18325526932087
200804,62.65504358655049
200805,70.78086642599278
200806,80.62234706616725
200807,80.14459295261247
200808,79.3270462633452
200809,74.41235431235431
200810,62.42860335195533
200811,52.113125845737514
200812,53.63856502242153
200901,45.37785714285715
200902,47.60099626400997
200903,54.042921857304634
200904,62.71328828828827
200905,70.74859903381646
200906,78.40654396728017
200907,78.82578125
