194301,31.5
194302,36.97857142857144
194303,39.093548387096774
194304,53.04333333333334
194305,65.3741935483871
194306,77.98666666666666
194307,80.33548387096775
194308,80.40645161290324
194309,66.02941176470587
194310,55.190322580645166
194311,39.735
194312,30.075806451612902
194401,33.783870967741926
194402,33.949999999999996
194403,36.820967741935476
194404,48.76166666666666
194405,65.98870967741935
194406,75.93478260869564
194407,79.51290322580647
194408,76.95483870967742
194409,69.00588235294117
194410,57.4516129032258
194411,46.35
194412,29.009677419354837
194501,28.35806451612903
194502,34.307142857142864
194503,54.39166666666665
194504,52.45666666666668
194505,56.8725806451613
194506,67.22499999999998
194507,73.21935483870965
194508,72.9758064516129
194509,66.57166666666667
194510,53.337096774193554
194511,42.74166666666667
194512,25.01129032258065
194601,28.232258064516135
194602,27.787719298245623
194603,45.53387096774193
194604,50.42333333333334
194605,55.90483870967743
194606,67.68333333333334
194607,74.11612903225806
194608,68.69375
194609,63.899999999999984
194610,56.93870967741935
194611,41.548387096774185
194612,31.39193548387097
194701,27.903225806451612
194702,20.37678571428571
194703,32.85806451612903
194704,47.18666666666668
194705,53.42580645161291
194706,64.89500000000001
194707,70.64354838709679
194708,78.5741935483871
194709,66.52000000000002
194710,62.17258064516129
194711,34.601666666666674
194712,29.603225806451615
194801,19.478064516129027
194802,26.96626506024096
194803,36.78118279569893
194804,54.210555555555565
194805,57.298387096774235
194806,68.97555555555557
194807,74.76989247311829
194808,73.52849462365592
194809,67.73666666666666
194810,51.51021505376344
194811,43.19777777777777
194812,30.830967741935492
194901,26.926099706744864
194902,27.82272727272726
194903,37.66129032258064
194904,48.48784194528875
194905,62.63401759530791
194906,73.29727272727273
194907,77.11143695014664
194908,73.24310850439882
194909,59.68212121212122
194910,56.795014662756614
194911,40.85757575757577
194912,31.87478005865102
195001,29.098533724340182
195002,26.99448051948051
195003,33.526686217008795
195004,43.03242424242424
195005,61.35337243401761
195006,69.3748484848485
195007,71.42258064516132
195008,68.43020527859238
195009,63.54181818181818
195010,58.18973607038122
195011,34.44484848484849
195012,19.73313782991202
195101,24.063929618768327
195102,27.238311688311686
195103,34.34830769230769
195104,46.713030303030315
195105,62.47536656891495
195106,67.10575757575756
195107,72.68445747800584
195108,70.49677419354838
195109,61.63606060606061
195110,54.50733137829914
195111,32.72454545454545
195112,26.12815249266862
195201,26.97448680351907
195202,32.665517241379305
195203,34.90791788856305
195204,51.27878787878788
195205,59.91026392961877
195206,75.23030303030302
195207,76.61788856304986
195208,71.84164222873902
195209,65.02727272727273
195210,48.2615835777126
195211,42.04606060606061
195212,31.632258064516126
195301,29.092668621700888
195302,32.25227272727273
195303,38.71661538461539
195304,46.508
195305,61.573548387096785
195306,74.74566666666665
195307,76.34774193548388
195308,74.58903225806452
195309,66.81633333333333
195310,58.00935483870967
195311,43.153333333333315
195312,31.11322580645162
195401,26.44193548387096
195402,37.3075
195403,34.93258064516129
195404,54.11166666666667
195405,57.199032258064506
195406,74.78666666666666
195407,77.12129032258063
195408,72.92483870967743
195409,68.69999999999999
195410,54.396129032258074
195411,41.44766666666666
195412,31.20548387096774
195501,25.467368421052626
195502,28.28035714285715
195503,37.33172043010753
195504,57.18722222222222
195505,63.653225806451616
195506,68.34277777777778
195507,80.26559139784943
195508,78.0225806451613
195509,67.64777777777779
195510,54.84247311827956
195511,35.74
195512,25.89623655913979
195601,26.67096774193549
195602,29.207471264367815
195603,37.37365591397847
195604,48.083333333333336
195605,61.913978494623656
195606,73.87388888888889
195607,73.2311827956989
195608,73.47311827956989
195609,64.60444444444444
195610,59.8768817204301
195611,40.214999999999996
195612,32.501075268817196
195701,19.038172043010757
195702,33.042857142857144
195703,37.39569892473118
195704,49.76999999999999
195705,59.24838709677421
195706,70.45666666666669
195707,76.16129032258065
195708,72.99462365591397
195709,63.265000000000015
195710,51.00698924731182
195711,39.566111111111105
195712,34.15537634408602
195801,25.058064516129033
195802,19.302380952380954
195803,35.55430107526883
195804,50.83166666666665
195805,61.70268817204301
195806,65.28999999999999
195807,72.13870967741936
195808,73.5231182795699
195809,65.69444444444444
195810,56.00913978494625
195811,42.750828729281764
195812,22.27311827956989
195901,18.241397849462366
195902,25.76845238095238
195903,36.8263440860215
195904,49.736111111111114
195905,65.43817204301074
195906,72.84666666666669
195907,73.93279569892474
195908,76.97365591397849
195909,67.50944444444445
195910,50.874731182795706
195911,33.06111111111112
195912,34.78978494623655
196001,26.825806451612895
196002,24.965517241379306
196003,24.087634408602145
196004,52.8822222222222
196005,58.054838709677426
196006,67.92944444444446
196007,72.88548387096773
196008,73.79569892473117
196009,68.7961111111111
196010,54.01935483870969
196011,41.98555555555556
196012,24.768817204301076
196101,21.96344086021505
196102,32.387499999999996
196103,39.7021505376344
196104,44.513888888888886
196105,57.35698924731184
196106,70.06722222222223
196107,73.61612903225807
196108,73.03333333333333
196109,67.32222222222224
196110,54.87903225806452
196111,40.145555555555546
196112,25.54032258064516
196201,17.290860215053762
196202,25.697023809523817
196203,33.516666666666666
196204,49.337222222222216
196205,67.42580645161291
196206,70.71111111111112
196207,71.50215053763442
196208,73.06344086021508
196209,62.99944444444445
196210,56.123655913978496
196211,40.29055555555555
196212,24.53494623655914
196301,13.005376344086022
196302,19.580952380952382
196303,40.47473118279571
196304,52.824444444444445
196305,59.18978494623656
196306,72.79444444444445
196307,74.53387096774193
196308,70.79086021505375
196309,65.07222222222222
196310,63.28817204301077
196311,44.38944444444444
196312,16.53494623655914
196401,29.1
196402,28.19425287356322
196403,35.59838709677419
196404,50.89777777777778
196405,65.99139784946239
196406,71.8588888888889
196407,75.48440860215052
196408,71.45645161290324
196409,65.38722222222222
196410,50.95483870967743
196411,44.108888888888885
196412,26.530645161290316
196501,23.849999999999998
196502,25.673809523809524
196503,28.904301075268815
196504,48.23944444444444
196505,65.49513513513516
196506,69.74555555555555
196507,73.75645161290322
196508,70.77010869565216
196509,64.50333333333332
196510,53.43763440860216
196511,42.11
196512,35.89354838709677
196601,18.092626728110595
196602,27.28163265306122
196603,39.37004608294931
196604,46.80952380952381
196605,55.59170506912443
196606,71.11428571428573
196607,78.0861751152074
196608,71.30138248847925
196609,64.29857142857144
196610,52.5410138248848
196611,42.20191387559809
196612,28.08801843317973
196701,27.66635944700461
196702,22.391326530612243
196703,38.36543778801844
196704,50.733333333333334
196705,55.52396313364056
196706,70.68755980861243
196707,71.27834101382487
196708,68.4336405529954
196709,63.24571428571428
196710,52.929032258064524
196711,36.90191387559808
196712,30.776497695852534
196801,23.04147465437788
196802,24.088669950738915
196803,42.31797235023041
196804,51.63619047619047
196805,57.23824884792625
196806,71.72333333333333
196807,73.75668202764977
196808,73.8741935483871
196809,64.93523809523809
196810,54.867281105990784
196811,40.646666666666675
196812,27.878801843317973
196901,20.512442396313357
196902,29.481122448979587
196903,33.14608294930874
196904,50.90380952380953
196905,60.684792626728104
196906,66.11809523809524
196907,74.4069124423963
196908,74.18018433179721
196909,65.58133971291866
196910,52.60276497695854
196911,38.46190476190477
196912,27.97096774193549
197001,16.614919354838708
197002,26.44196428571428
197003,34.29193548387097
197004,50.86625000000001
197005,62.945161290322574
197006,69.76833333333335
197007,75.27201834862386
197008,73.15760368663595
197009,65.38523809523811
197010,54.632258064516115
197011,39.658095238095235
197012,30.687557603686628
197101,18.629032258064516
197102,26.866326530612245
197103,34.806451612903224
197104,50.49380952380951
197105,58.44205607476636
197106,75.39666666666666
197107,71.96221198156682
197108,71.23824884792626
197109,68.64190476190475
197110,60.694930875576034
197111,41.27999999999999
197112,34.393087557603685
197201,21.023502304147467
197202,24.427586206896557
197203,35.70230414746543
197204,46.57571428571429
197205,62.50506912442396
197206,67.35809523809523
197207,73.65069124423964
197208,72.52119815668203
197209,65.52714285714286
197210,49.99539170506913
197211,37.457142857142856
197212,24.735944700460834
197301,35.678389830508486
197302,37.422935779816505
197303,53.05406504065039
197304,55.27464788732393
197305,64.77031250000005
197306,75.93809523809524
197307,78.06859903381644
197308,76.20162162162163
197309,70.94971751412427
197310,62.070718232044236
197311,49.51646341463413
197312,33.6978835978836
197401,34.31951219512194
197402,36.51587301587302
197403,47.659024390243914
197404,57.322564102564094
197405,64.99656862745097
197406,71.1
197407,79.38549222797927
197408,74.70850000000002
197409,64.64427083333334
197410,56.935567010309306
197411,47.76484018264841
197412,38.826126126126134
197501,38.28533333333332
197502,37.54702970297031
197503,43.557079646017684
197504,54.386175115207344
197505,70.01022222222224
197506,76.24411764705881
197507,78.24179104477608
197508,78.3141463414634
197509,67.9675
197510,61.52863436123348
197511,52.434848484848466
197512,40.42134146341463
197601,32.02472527472528
197602,45.208707865168556
197603,51.81766169154232
197604,59.4173708920188
197605,63.33650107991361
197606,73.9729357798165
197607,77.91859956236321
197608,73.83727454909817
197609,68.31172566371681
197610,53.99755011135859
197611,39.99045454545456
197612,31.446788990825695
197701,20.617162471395883
197702,35.962801932367135
197703,51.37242888402625
197704,61.81627906976744
197705,72.03608017817372
197706,74.72219626168224
197707,80.21685649202735
197708,75.54094117647057
197709,71.55353773584903
197710,57.07712264150945
197711,49.23195121951221
197712,34.23594132029339
197801,25.96080760095012
197802,26.740155440414508
197803,41.336781609195405
197804,57.99735576923079
197805,65.27728337236535
197806,75.49545454545455
197807,77.63007334963326
197808,76.44506024096385
197809,72.62748538011697
197810,56.52115942028982
197811,47.542899408284036
197812,33.989977728285076
197901,19.270588235294113
197902,23.625539568345317
197903,43.692744479495275
197904,53.491390728476816
197905,64.7914089347079
197906,73.71779141104292
197907,75.29562682215743
197908,75.23243243243243
197909,69.02677419354839
197910,58.14579439252334
197911,45.15961538461539
197912,37.74507936507937
198001,31.800593471810082
198002,28.38222222222222
198003,40.666666666666636
198004,54.53553459119495
198005,66.33862928348911
198006,73.41516129032259
198007,80.90123839009291
198008,79.18940809968848
198009,70.50865384615382
198010,54.44485981308411
198011,44.40718954248366
198012,34.95295950155763
198101,29.41962616822429
198102,36.36756756756757
198103,44.83931888544892
198104,61.07261146496814
198105,62.09365079365076
198106,76.83459119496855
198107,77.40990712074301
198108,75.49633507853399
198109,68.75688622754492
198110,56.33507692307692
198111,47.31862745098038
198112,32.416199376947056
198201,22.923961661341853
198202,30.779495268138795
198203,44.483707865168554
198204,51.81292134831459
198205,70.6178947368421
198206,70.92082191780823
198207,78.41025641025642
198208,74.90201793721974
198209,68.32511627906975
198210,59.97092731829575
198211,48.183733333333336
198212,42.91194805194806
198301,32.58236658932714
198302,38.112926829268304
198303,44.21594533029612
198304,50.80252873563218
198305,62.54330900243308
198306,74.94726775956285
198307,81.90284900284898
198308,79.50473186119875
198309,68.56608187134506
198310,57.779411764705905
198311,47.46311111111108
198312,23.869351669941068
198401,28.737837837837827
198402,39.24251101321588
198403,38.39378640776702
198404,52.802771855010675
198405,62.61337579617838
198406,78.11271929824562
198407,76.66717724288846
198408,77.30936819172119
198409,66.74917012448132
198410,59.77423971377459
198411,43.557962962962954
198412,38.44879406307978
198501,20.624781849912758
198502,27.2038240917782
198503,46.833623693379785
198504,59.74847908745251
198505,67.96807760141094
198506,71.74444444444443
198507,77.62774774774776
198508,73.4540350877193
198509,69.6012867647059
198510,59.260521739130425
198511,45.170727272727234
198512,24.192041522491337
198601,30.57564322469983
198602,31.118129770992354
198603,45.99324090121315
198604,58.77380560131793
198605,66.70911949685534
198606,76.02803278688525
198607,80.69936908517349
198608,72.93710691823901
198609,71.57075163398696
198610,57.00971786833859
198611,39.17377049180325
198612,33.12583201267829
198701,28.4711256117455
198702,37.11988950276242
198703,46.21335453100158
198704,56.23722871452421
198705,71.21882352941174
198706,76.72788461538461
198707,78.69436619718311
198708,76.2603448275862
198709,68.93272727272726
198710,50.72390317700457
198711,47.04146341463414
198712,35.19222873900294
198801,24.66122448979591
198802,27.094568690095866
198803,42.1351145038168
198804,53.6504051863857
198805,67.70552147239263
198806,77.03740219092333
198807,80.01929555895865
198808,80.36559297218156
198809,69.57339312406579
198810,50.881551976573945
198811,44.557863501483695
198812,32.71285714285715
198901,36.28825214899714
198902,24.27283142389526
198903,41.23156297420332
198904,52.91408227848103
198905,62.106024096385546
198906,72.47321711568934
198907,76.988767550702
198908,74.47025862068966
198909,64.99620253164555
198910,56.896947674418605
198911,41.89544787077829
198912,19.89568965517242
199001,37.37310924369746
199002,35.99831029185867
199003,44.89451659451661
199004,52.09592145015107
199005,59.81398176291793
199006,73.94380952380953
199007,75.7373546511628
199008,74.65562310030394
199009,69.94912836767037
199010,55.14042179261864
199011,47.87036395147313
199012,32.11529411764705
199101,24.800310559006228
199102,35.0287356321839
199103,45.15665634674921
199104,56.99639934533552
199105,69.56666666666665
199106,77.25625000000004
199107,78.64242928452578
199108,76.83932584269664
199109,68.56070234113714
199110,57.19187116564418
199111,38.658831908831885
199112,34.55241477272727
199201,32.228351955307254
199202,37.471988388969535
199203,43.62305593451571
199204,52.00555555555557
199205,63.597442799461675
199206,71.6002564102564
199207,74.47689486552568
199208,70.73266832917703
199209,66.15880102040813
199210,55.257248157248156
199211,41.61726342710998
199212,32.2139650872818
199301,29.316477987421404
199302,27.9161943319838
199303,38.078552278820375
199304,50.65508021390372
199305,64.42628120893565
199306,72.02985074626864
199307,78.08278145695357
199308,76.13480055020635
199309,62.87662162162162
199310,53.19187096774194
199311,40.906420765027356
199312,33.21255060728746
199401,21.23368560105681
199402,28.425571428571427
199403,42.20670731707316
199404,54.17122762148339
199405,62.243804755944936
199406,74.96974683544303
199407,75.27404202719408
199408,72.16448019801983
199409,66.94739517153747
199410,57.43628318584069
199411,47.7091145833333
199412,36.81126408010013
199501,27.102222222222217
199502,30.60558583106268
199503,44.362770012706456
199504,51.711021505376365
199505,62.37575757575759
199506,74.35255255255255
199507,78.8484251968504
199508,79.86488549618322
199509,65.27828282828285
199510,57.30643564356435
199511,37.410949868073885
199512,30.062391033623904
199601,26.256608478802995
199602,31.65065789473684
199603,35.72462311557789
199604,49.98385826771652
199605,62.76744487678342
199606,73.25412234042557
199607,75.1866666666667
199608,76.25459940652819
199609,66.07777777777773
199610,56.52956989247313
199611,36.978711484593845
199612,32.62028169014085
199701,23.94429347826087
199702,35.33352112676057
199703,44.89650872817953
199704,50.27512820512823
199705,59.934
199706,72.21059431524547
199707,77.18869346733666
199708,72.72679900744417
199709,67.71472868217054
199710,56.40397022332507
199711,39.953846153846165
199712,32.921836228287845
199801,34.31639344262296
199802,40.69148351648354
199803,41.99875930521094
199804,53.60897435897436
199805,68.77493796526055
199806,73.07717948717954
199807,76.71641791044779
199808,75.6789081885856
199809,71.930352303523
199810,57.35714285714285
199811,46.82403846153848
199812,36.2373271889401
199901,28.523536299765798
199902,38.694315245478016
199903,39.42690992018244
199904,55.19298043728426
199905,65.22149220489972
199906,72.99701149425287
199907,79.83882091212456
199908,72.9820426487093
199909,66.51518386714115
199910,55.92891428571429
199911,49.221034482758675
199912,34.49599555061179
200001,29.172340425531935
200002,38.83812807881772
200003,47.01705282669139
200004,52.30580952380952
200005,66.07096774193549
200006,71.29131679389313
200007,74.07474654377883
200008,75.37839335180055
200009,66.66657088122604
200010,58.46262719703983
200011,40.07593123209169
200012,20.029585253456233
200101,27.666635944700456
200102,32.75359342915811
200103,38.1142314990512
200104,58.3536862003781
200105,64.91620853080572
200106,71.01417322834642
200107,76.65280701754389
200108,75.30567545963231
200109,64.72859477124183
200110,54.55948072383952
200111,49.87373983739838
200112,36.783320220299004
200201,34.17623918174665
200202,34.75862369337978
200203,37.9616050354052
200204,53.681847133757934
200205,59.291705069124426
200206,74.0384615384615
200207,79.04502833590928
200208,75.34369531652086
200209,69.6276833156217
200210,52.34966717869946
200211,40.601798941798954
200212,33.17462763225476
200301,24.563460533193933
200302,27.843721461187197
200303,42.33728813559321
200304,53.858006535947716
200305,61.188332445391595
200306,68.07689352360039
200307,75.42740819584887
200308,75.76193029490618
200309,64.64409836065572
200310,55.68320084790676
200311,46.55677595628415
200312,35.47882477501324
200401,26.39951534733442
200402,31.787716359575636
200403,45.74779874213836
200404,54.65556092843324
200405,65.6904931141715
200406,70.21075268817205
200407,72.66971962616823
200408,68.53699005827905
200409,67.08155765340524
200410,55.82749999999999
200411,46.015751158173394
200412,32.17782360406091
200501,30.380399999999995
200502,36.27596153846153
200503,39.2642928452579
200504,55.086357435197804
200505,61.230807248764386
200506,74.76131756756753
200507,75.82526899250084
200508,75.06596314907871
200509,69.6209461775797
200510,55.23734821135544
200511,45.207694915254244
200512,27.71227554684948
200601,38.66797235023042
200602,31.95591042584432
200603,42.415190713101175
200604,57.63365155131269
200605,62.47424042272129
200606,71.59948944860449
200607,76.89474564926371
200608,74.57578044596913
200609,63.8071478626489
200610,51.7888341543514
200611,44.126445722015525
200612,36.902899022801314
200701,31.44313026571614
200702,22.97928519328956
200703,48.45854770433082
200704,50.792827868852505
200705,67.57340774786607
200706,72.8755275697754
200707,73.52099337748344
200708,77.89535738142952
200709,69.50003360215058
200710,60.34896103896106
200711,42.80141271442987
200712,32.09107373868045
200801,28.257272432782642
200802,27.91677373304782
200803,39.465373232489306
200804,51.872906739278434
200805,60.089360313315936
200806,73.55647382920108
200807,74.68710937499999
200808,71.97381266490765
200809,66.62969696969695
200810,54.34115734720417
200811,42.675261780104705
200812,28.36033519553073
200901,22.12150537634409
200902,33.15119047619047
200903,42.60702702702702
200904,49.70561797752809
200905,60.833333333333336
200906,69.34269662921348
200907,68.64583333333334
