194201,18.83548387096774
194202,16.271428571428572
194203,34.219354838709684
194204,46.860000000000014
194205,58.732258064516124
194206,65.58333333333333
194207,69.3935483870968
194208,67.42903225806451
194209,59.663333333333334
194210,50.4
194211,36.64666666666666
194212,18.900000000000002
194301,15.8
194405,61.319354838709664
194406,65.00999999999999
194407,71.27741935483871
194408,70.75806451612905
194409,60.54
194410,46.732258064516124
194411,37.183333333333344
194412,19.074193548387097
194501,8.42258064516129
194502,21.62857142857143
194503,40.21935483870969
194504,47.923333333333325
194505,49.90322580645163
194506,63.31333333333334
194507,69.06129032258065
194508,77.46666666666664
194510,74.76666666666667
194511,66.3714285714286
194801,12.261290322580644
194802,17.48965517241379
194803,27.893548387096768
194804,46.77
194805,53.693548387096776
194806,64.39
194807,71.22258064516129
194808,68.98928571428571
194809,64.31666666666668
194810,48.5258064516129
194811,40.01333333333334
194812,23.954838709677425
194901,19.80322580645161
194902,20.09285714285715
194903,32.66451612903225
194904,46.393333333333345
194905,60.85483870967741
194906,71.16666666666666
194907,74.90645161290324
194908,71.3258064516129
194909,56.42333333333335
194910,52.47526881720428
194911,34.31363636363638
194912,22.248387096774184
195001,12.711827956989243
195002,16.480952380952385
195003,24.001075268817214
195004,36.44444444444444
195005,55.96989247311828
195006,66.11111111111111
195007,67.4048387096774
195008,63.95806451612903
195009,59.06749999999998
195010,51.87177419354839
195011,28.452500000000004
195012,12.136290322580644
195101,9.728225806451613
195102,16.60625
195103,23.46451612903225
195104,41.143333333333324
195105,59.67338709677419
195106,62.56000000000001
195107,69.14354838709677
195108,64.7024193548387
195109,55.33833333333333
195110,47.26532258064516
195111,24.230833333333337
195112,19.28193548387097
195201,15.858064516129035
195202,22.875362318840576
195203,25.360483870967748
195204,47.437499999999986
195205,55.8048387096774
195206,67.68249999999999
195207,71.69354838709675
195208,66.45080645161293
195209,59.65333333333336
195210,41.275000000000006
195211,34.532499999999985
195212,23.887903225806454
195301,20.332653061224498
195302,19.150714285714287
195303,29.086131386861314
195304,40.33249999999999
195305,56.58548387096775
195306,68.37083333333335
195307,69.92016129032258
195308,69.65645161290324
195309,59.57000000000001
195310,53.257258064516144
195311,37.114166666666684
195312,22.45483870967742
195401,12.266129032258062
195402,29.289285714285718
195403,27.17983870967741
195404,45.12916666666665
195405,50.966129032258074
195406,68.63583333333331
195407,70.78951612903228
195408,66.9193548387097
195409,58.34083333333333
195410,45.84596774193548
195411,35.67083333333333
195412,21.953225806451616
195501,12.915625000000002
195502,14.333928571428572
195503,24.395161290322573
195504,50.395
195505,59.70161290322581
195506,65.045
195507,74.88709677419355
195508,72.37580645161287
195509,59.74166666666668
195510,48.58870967741936
195511,26.993333333333336
195512,12.891935483870963
195601,13.759677419354839
195602,14.086206896551722
195603,23.480645161290322
195604,39.35666666666667
195605,54.49354838709679
195606,68.94833333333334
195607,66.30483870967741
195608,67.69193548387096
195609,55.495
195610,53.20645161290322
195611,31.929999999999996
195612,21.96451612903226
195701,7.359677419354839
195702,18.72142857142857
195703,28.67096774193548
195704,44.95166666666667
195705,54.575806451612905
195706,65.29666666666667
195707,72.29032258064517
195708,67.36129032258064
195709,56.766666666666666
195710,46.164516129032265
195711,31.97166666666666
195712,21.959677419354836
195801,19.26129032258065
195802,12.989285714285716
195803,30.729032258064525
195804,45.10333333333332
195805,56.48709677419356
195806,60.745000000000026
195807,67.91774193548386
195808,68.01451612903223
195809,59.73666666666665
195810,49.691935483870964
195811,33.95833333333333
195812,12.380645161290321
195901,7.4951612903225815
195902,13.023214285714285
195903,27.93225806451613
195904,44.06499999999999
195905,59.6483870967742
195906,67.44500000000001
195907,70.29838709677419
195908,71.31774193548388
195909,60.25666666666667
195910,43.230645161290326
195911,23.725
195912,27.92741935483871
196001,17.643548387096775
196002,19.16896551724138
196003,19.87096774193548
196004,44.875000000000014
196005,56.0478260869565
196006,64.06
196007,69.51505376344086
196008,69.74731182795699
196009,61.21333333333333
196010,47.48387096774192
196011,34.973333333333336
196012,17.725806451612904
196101,13.777419354838706
196102,23.830357142857135
196103,32.29838709677419
196104,39.795
196105,54.983908045977
196106,66.80888888888889
196107,70.50322580645161
196108,69.51290322580645
196109,62.221052631578935
196110,49.15645161290322
196111,32.16499999999999
196112,17.045161290322586
196201,9.212903225806452
196202,13.507142857142858
196203,27.641935483870967
196204,42.48166666666666
196205,60.483098591549286
196206,65.97701149425288
196207,67.29666666666667
196208,67.95978260869565
196209,57.67631578947369
196210,49.70806451612904
196211,34.339999999999996
196212,18.624193548387098
196301,4.158064516129033
196302,10.641071428571427
196303,31.461290322580652
196304,46.32833333333333
196305,54.575
196306,68.13058823529413
196307,71.96477272727273
196308,66.42134831460675
196309,59.9375
196310,56.800000000000004
196311,38.26166666666666
196312,10.548387096774194
196401,19.86935483870968
196402,21.746551724137934
196403,27.267741935483873
196404,45.22166666666667
196405,61.224193548387106
196406,67.2715909090909
196407,73.91075268817204
196408,66.53695652173913
196409,58.72666666666667
196410,45.86612903225806
196411,35.65
196412,14.56774193548387
196501,14.818589743589742
196502,16.497142857142855
196503,24.19741935483872
196504,41.91199999999999
196505,59.687741935483864
196506,65.36666666666666
196507,69.40967741935484
196508,66.69096774193548
196509,57.54999999999999
196510,49.71354838709678
196511,35.946
196512,30.117419354838713
196601,8.788387096774196
196602,20.577142857142853
196603,34.798064516129024
196604,42.262
196605,52.83374233128834
196606,67.95738636363636
196607,73.22651933701657
196608,67.22912087912086
196609,59.17106918238993
196610,48.556774193548385
196611,35.337999999999994
196612,22.06451612903226
196701,20.747741935483866
196702,14.407142857142858
196703,31.335483870967742
196704,45.331818181818186
196705,51.562430939226516
196706,67.58863636363635
196707,69.35469613259669
196708,65.78186813186812
196709,59.33806451612903
196710,48.33225806451613
196711,33.05066666666666
196712,25.22258064516129
196801,18.932065217391305
196802,18.553448275862074
196803,39.436021505376345
196804,48.100537634408596
196805,54.66854460093897
196806,66.63268292682928
196807,70.82169811320755
196808,70.48832487309645
196809,61.86944444444446
196810,51.69301075268817
196811,36.48611111111112
196812,22.788709677419348
196901,14.894623655913977
196902,23.082142857142863
196903,27.39623655913978
196904,46.988601036269436
196905,57.10669856459329
196906,60.73830845771145
196907,70.39182692307692
196908,72.12753623188405
196909,61.27978142076502
196910,47.11505376344085
196911,33.86888888888888
196912,23.701075268817213
197001,10.468817204301077
197002,19.778571428571425
197003,29.447311827956995
197004,47.587362637362645
197005,57.98317307692309
197006,67.98058252427184
197007,73.16948356807512
197008,70.87735849056605
197009,61.31413612565446
197010,51.61021505376344
197011,35.74944444444444
197012,22.713978494623657
197101,10.358064516129032
197102,18.895238095238096
197103,28.09838709677418
197104,44.90111111111109
197105,55.063366336633685
197106,70.46634146341465
197107,69.30999999999999
197108,67.8367924528302
197109,64.14402173913042
197110,56.153225806451594
197111,36.36888888888889
197112,26.31935483870969
197201,12.919892473118281
197202,17.135057471264368
197203,27.30806451612903
197204,41.00500000000001
197205,59.91559139784944
197206,64.48833333333334
197207,69.79301075268816
197208,69.37258064516129
197209,60.50111111111109
197210,46.133870967741935
197211,34.83444444444444
197212,18.18548387096774
197301,21.289499999999997
197302,23.911845730027544
197303,40.07268170426065
197304,44.70663265306123
197305,54.4070093457944
197306,69.91081730769231
197307,73.46728971962621
197308,73.22867132867134
197309,61.24095477386934
197310,54.20870646766169
197311,35.18746666666666
197312,21.68324873096447
197401,17.51464019851117
197402,20.461538461538463
197403,31.60248138957816
197404,46.741025641025644
197405,54.59132530120481
197406,65.97349397590365
197407,75.07681498829041
197408,69.2799533799534
197409,57.49974811083124
197410,49.88238213399505
197411,36.649230769230776
197412,26.62655086848635
197501,21.000250626566423
197502,20.16363636363635
197503,26.654228855721385
197504,40.33958868894603
197505,61.860309278350506
197506,67.71384615384615
197507,74.97705735660846
197508,71.22009925558314
197509,57.885384615384595
197510,52.43622828784121
197511,39.55012987012989
197512,23.50744985673352
197601,14.609384164222877
197602,27.736163522012586
197603,32.88495575221239
197604,49.65575757575758
197605,56.646902654867255
197606,71.63920972644375
197607,75.25806451612904
197608,71.26509186351706
197609,60.81721068249261
197610,44.594705882352955
197611,27.69938271604939
197612,13.835014836795246
197701,4.931014492753624
197702,23.316879795396424
197703,37.7650462962963
197704,50.33644859813084
197705,64.13566739606125
197706,65.50492170022372
197707,73.15835189309577
197708,66.43616557734204
197709,60.74966139954853
197710,48.68286334056398
197711,34.00410256410257
197712,19.607692307692304
197801,11.428935185185185
197802,14.311627906976742
197803,29.75783410138249
197804,43.825298329355604
197805,58.04179775280902
197806,66.11748878923768
197807,69.36228070175439
197808,70.36090909090912
197809,64.52527472527473
197810,48.352723311546846
197811,33.425777777777775
197812,18.99275092936803
197901,7.485539714867618
197902,12.69200913242009
197903,31.721338912133902
197904,42.80824295010846
197905,55.54545454545453
197906,66.2408988764045
197907,72.46948176583491
197908,68.65242718446603
197909,63.99170305676858
197910,48.51148225469729
197911,35.42895322939865
197912,28.702066115702483
198001,18.174896265560164
198002,19.90332594235032
198003,29.772938689217764
198004,47.60176991150444
198005,61.58929292929294
198006,66.91065573770491
198007,74.5926923076923
198008,71.04433399602385
198009,62.04556074766356
198010,46.29523809523808
198011,37.64497487437186
198012,22.911645569620255
198101,20.742962962962956
198102,25.4406015037594
198103,37.589859154929584
198104,48.81361386138613
198105,55.6471783295711
198106,66.5601265822785
198107,70.80606060606061
198108,69.85825771324865
198109,59.83704545454546
198110,46.027707808564216
198111,38.037365591397865
198112,23.55036319612591
198201,9.29943342776204
198202,20.753868194842408
198203,30.811403508771935
198204,41.91032745591938
198205,58.778190255220416
198206,61.625
198207,72.08255528255529
198208,68.72350332594235
198209,59.12371967654985
198210,50.023733333333325
198211,34.701827676240214
198212,28.92868632707775
198301,28.71043689320388
198302,33.18515406162466
198303,37.288190954773874
198304,43.619060052219325
198305,54.793983402489616
198306,68.10743801652892
198307,76.59735234215884
198308,75.55481927710844
198309,62.816901408450704
198310,52.2665991902834
198311,40.51272321428571
198312,17.41991434689508
198401,21.920464135021103
198402,33.93364928909952
198403,32.246793349168655
198404,47.76977272727273
198405,56.94742268041237
198406,68.65677419354839
198407,72.54709677419353
198408,74.08447204968945
198409,60.64055555555557
198410,55.38571428571427
198411,39.567886178861784
198412,27.44523809523809
198501,21.124291497975705
198502,26.595833333333335
198503,42.57328990228014
198504,54.31351351351352
198505,63.02284382284382
198506,66.22280334728035
198507,72.84755102040818
198508,68.49556313993175
198509,61.548
198510,51.417518248175185
198511,35.24527777777777
198512,17.074766355140188
198601,23.93435754189944
198602,25.141061452513963
198603,39.042116182572606
198604,49.3898839137645
198605,58.62730496453902
198606,64.79591474245115
198607,70.92515723270441
198608,66.97575221238937
198609,60.8430303030303
198610,50.641393442622956
198611,35.062004175365345
198612,29.064444444444447
198701,26.251134020618554
198702,32.23982494529542
198703,37.90345454545455
198704,49.42205029013541
198705,58.992014519056255
198706,70.52939068100356
198707,73.51340523882902
198708,69.62984374999999
198709,63.2260530421217
198710,46.28163841807909
198711,40.83314447592067
198712,30.632706222865423
198801,17.711849710982666
198802,20.27799999999999
198803,34.90818619582662
198804,47.20214521452144
198805,60.774452554744535
198806,70.80414878397708
198807,74.95458860759493
198808,73.40491329479771
198809,62.48698940998487
198810,45.41642228739001
198811,38.224679487179486
198812,24.915615141955826
198901,27.205417956656348
198902,17.887853577371047
198903,29.5919540229885
198904,43.966218236173404
198905,56.49427710843374
198906,64.38538681948422
198907,72.95819209039551
198908,70.54809782608693
198909,61.8339130434783
198910,50.544077134986246
198911,32.74632352941173
198912,14.148333333333328
199001,29.159156976744182
199002,26.314125200642042
199003,35.86763005780347
199004,47.16261127596439
199005,54.35240875912409
199006,66.1892234548336
199007,70.03416789396168
199008,69.55931952662726
199009,62.939745627980905
199010,49.16255572065376
199011,40.35728314238952
199012,24.713728549141962
199101,17.06788321167883
199102,27.15568369028007
199103,35.21903367496338
199104,49.06232339089482
199105,60.375185735512666
199106,69.76457142857143
199107,70.71485148514856
199108,71.94724091520862
199109,60.323283983849265
199110,48.52722443559098
199111,30.950573065902578
199112,25.762880886426608
199201,25.18021978021978
199202,29.301445466491465
199203,33.177261306532664
199204,42.185356695869864
199205,57.920737913486
199206,62.80422195416167
199207,65.32175398633255
199208,65.48992161254202
199209,59.03126361655775
199210,47.67514450867051
199211,33.15950752393978
199212,23.29287564766839
199301,20.380546075085316
199302,20.216957605985034
199303,31.678737541528225
199304,41.43541430192962
199305,54.97062634989198
199306,62.164910313901345
199307,69.01546052631579
199308,69.2597687861272
199309,55.21050767414405
199310,45.60400457665903
199311,32.96818181818183
199312,24.344815668202763
199401,9.397975253093367
199402,15.634832904884307
199403,32.67549361207898
199404,43.971030303030254
199405,56.428983833718185
199406,66.87141190198363
199407,68.05106861642294
199408,65.98467836257312
199409,62.966441441441454
199410,51.141031390134515
199411,38.73200934579442
199412,28.30993150684932
199501,20.258974358974378
199502,20.30025316455696
199503,32.7704834605598
199504,38.97543859649123
199505,54.54565483476134
199506,68.79081885856084
199507,70.1053003533569
199508,71.94884004883997
199509,58.04595635430037
199510,48.13180124223606
199511,26.88045515394914
199512,18.86364779874214
199601,13.82638036809817
199602,17.67247340425532
199603,24.43851091142491
199604,38.456891891891864
199605,50.92394957983193
199606,62.69884225759772
199607,65.09160305343511
199608,68.1978658536585
199609,59.46346749226003
199610,47.58680124223605
199611,28.462300319488815
199612,21.676547231270355
199701,15.22799999999999
199702,22.574173553719003
199703,30.043648960739024
199704,41.705226209048384
199705,49.93025018953755
199706,67.18478605388272
199707,68.70197418375098
199708,64.57655897821188
199709,60.31793478260875
199710,48.35438596491226
199711,30.929620853080557
199712,27.84525828835775
199801,22.335396226415114
199802,32.032952691680286
199803,32.61834153197473
199804,47.25911078717201
199805,61.83829181494663
199806,64.25106544901068
199807,70.02926829268291
199808,69.68676035502962
199809,63.97773775216137
199810,50.21600279524806
199811,38.37905797101447
199812,27.216535994297924
199901,16.614424320827943
199902,27.989520958083816
199903,33.34983692106978
199904,46.5761415525114
199905,58.125095680699886
199906,65.39948921679914
199907,73.04980566352033
199908,66.24156729131175
199909,59.26181702668359
199910,47.90277296360484
199911,40.53048642533936
199912,24.357072368421054
200001,17.736537493709104
200002,27.755603217158164
200003,38.99560659011483
200004,43.450778008298705
200005,58.04394776494221
200006,63.896988577362464
200007,68.09097435897439
200008,68.42760705289665
200009,59.48908803373751
200010,51.83765711412773
200011,33.75165007857516
200012,11.75231316725978
200101,21.33082706766915
200102,17.220824053452116
200103,29.011920199501237
200104,47.11228600201415
200105,57.19100346020759
200106,65.11093749999999
200107,71.2787593052109
200108,70.06689158794423
200109,58.26227467811157
200110,47.79097713097715
200111,44.63850085178871
200112,29.428612597776876
200201,26.45357730263157
200202,28.566950672645753
200203,26.830634662327075
200204,44.15348446683464
200205,51.60470016207456
200206,66.70944915254239
200207,73.4291361043194
200208,68.53266721044044
200209,62.70538720538723
200210,43.83729641693809
200211,33.377455919395466
200212,26.43918152350082
200301,15.92448065173117
200302,16.170941704035894
200303,30.61189894050533
200304,43.520455504006726
200305,54.317644661776676
200306,63.592923336141524
200307,69.4964720194647
200308,71.0423360655737
200309,60.48370118845497
200310,48.178996737357295
200311,34.93947144075021
200312,26.71152570480928
200401,12.86272652388798
200402,23.29139273356402
200403,35.11790865384619
200404,45.54672131147537
200405,53.727090032154365
200406,62.396336710833936
200407,67.29643122676583
200408,62.86611234294163
200409,63.42756360832694
200410,49.102734082396985
200411,38.17862962962963
200412,23.031488011283482
200501,16.738992805755377
200502,26.3596889952153
200503,29.12485835694053
200504,47.7393723252497
200505,53.118332184700215
200506,69.57243339253993
200507,71.20424948594933
200508,68.8361157859306
200509,64.04087108013938
200510,50.13486115757779
200511,36.161230131306155
200512,20.11442048517519
200601,29.49838601210488
200602,20.119903093551983
200603,32.370183639399016
200604,48.75628639945179
200605,56.08494374586367
200606,65.00043830074172
200607,72.7948844884489
200608,68.31930988719311
200609,57.05935810810809
200610,43.90092563038623
200611,37.36982786619034
200612,28.85466624485921
200701,22.20322477650064
200702,13.314085983921702
200703,35.83466882067856
200704,42.88806557377051
200705,58.8780704538242
200706,66.86945076373094
200707,69.30659169009688
200708,68.58456790123454
200709,61.59607525137853
200710,53.38885039370074
200711,34.35610550309346
200712,20.257672796448933
200801,16.869638242894055
200802,16.172358591248667
200803,27.359596928982718
200804,43.640019762845824
200805,52.51664544875874
200806,64.40663333333337
200807,69.22935023771798
200808,67.80810987573572
200809,61.28464503694184
200810,48.49656559405938
200811,36.927494108405334
200812,20.40824524312896
200901,13.371882086167801
200902,25.108716707021795
200903,33.102760084925684
200904,43.03150406504066
200905,54.14462659380691
200906,62.579835390946506
200907,63.39590163934426
