194210,58.705263157894755
194211,52.526666666666664
194212,40.19677419354839
194301,40.870967741935495
194302,43.38095238095238
194303,46.17526881720431
194304,58.228888888888896
194305,70.35268817204299
194306,79.84666666666665
194307,79.8182795698925
194308,80.30967741935486
194309,67.67555555555556
194310,57.130107526881716
194311,46.25666666666667
194312,39.001587301587314
194401,39.983870967741936
194402,46.74351851851851
194403,49.17021276595744
194404,57.39111111111111
194405,71.10967741935484
194406,79.17222222222225
194407,78.40000000000003
194408,76.91827956989243
194409,71.28666666666666
194410,58.42688172043012
194411,48.74666666666666
194412,36.612903225806456
194501,36.87096774193548
194502,42.01547619047619
194503,58.755
194504,60.93947368421052
194505,64.45121951219511
194506,73.6705357142857
194507,77.18636363636364
194508,76.80277777777779
194509,73.87368421052632
194510,58.36065573770493
194511,51.032773109243706
194512,35.48962264150942
194601,39.6076923076923
194602,46.800000000000004
194603,58.55999999999998
194604,62.44499999999999
194605,68.27741935483873
194606,73.47272727272728
194607,77.9875
194701,47.80000000000001
194702,31.885714285714275
194703,41.15161290322581
194704,60.926666666666655
194705,66.624
194706,74.65416666666665
194801,31.865322580645156
194802,42.88879310344827
194803,52.59838709677417
194804,63.79750000000002
194805,67.60161290322584
194806,76.15916666666666
194807,78.86774193548389
194808,75.87177419354839
194809,70.24499999999999
194810,56.554838709677426
194811,51.64333333333332
194812,43.690322580645145
194901,46.10250896057347
194902,46.02579365079364
194903,49.296774193548394
194904,57.45185185185184
194905,69.39211469534048
194906,75.99259259259259
194907,79.54965034965035
194908,75.86345514950166
194909,67.66333333333334
194910,63.48372093023255
194911,48.21999999999999
194912,44.15806451612904
195001,49.780258899676376
195002,44.87535714285715
195003,47.144983818770235
195004,55.969256756756764
195005,70.04723127035832
195006,75.327304964539
195007,75.51724137931036
195008,73.47342192691028
195009,68.90802675585282
195010,64.06576271186441
195011,43.81772575250836
195012,35.9958064516129
195101,41.30609318996416
195102,42.85595238095238
195103,50.53046594982079
195104,56.359848484848484
195105,68.49479553903346
195106,75.50118110236221
195107,78.6732283464567
195108,79.22539682539684
195109,71.06029962546816
195110,61.596691176470586
195111,43.35666666666666
195112,43.57311827956989
195201,45.6225806451613
195202,45.759655172413794
195203,48.718481848184815
195204,58.05589225589225
195205,69.19352750809061
195206,82.4338181818182
195207,81.58556338028168
195208,78.72278911564625
195209,69.76454849498327
195210,53.460194174757284
195211,48.312999999999995
195212,41.68935483870968
195301,44.43032258064517
195302,44.439642857142864
195303,53.15290322580645
195304,56.66342281879196
195305,70.78609271523179
195306,80.40948905109492
195307,78.80827586206897
195308,78.24452296819787
195309,72.66494845360825
195310,62.75827814569538
195311,48.24533333333333
195312,40.08161290322581
195401,40.869354838709675
195402,48.0457142857143
195403,48.933656957928804
195404,64.70955882352942
195405,63.520388349514576
195406,77.43476702508961
195407,82.74551971326167
195408,80.86113074204945
195409,75.71695501730103
195410,61.13500000000001
195411,47.56933333333333
195412,40.20193548387097
195501,39.04136363636365
195502,42.8377551020408
195503,51.711627906976744
195504,63.72099999999998
195505,71.4523148148148
195506,71.73009708737864
195507,80.3815
195508,79.77755102040818
195509,75.2419512195122
195510,59.69810426540285
195511,47.02222222222223
195512,40.14700460829492
195601,36.32672811059908
195602,47.300000000000004
195603,50.46250000000001
195604,58.17254901960785
195605,70.73348837209302
195606,75.33115577889447
195607,79.39948979591837
195608,78.58307692307692
195609,70.75933014354068
195610,63.90284360189573
195611,48.28333333333333
195612,49.609677419354846
195701,39.14884792626727
195702,48.57244897959184
195703,48.919354838709694
195704,62.7396984924623
195705,70.10599078341012
195706,76.4423645320197
195707,78.96009852216753
195708,77.35853658536584
195709,71.37142857142857
195710,57.00555555555557
195711,50.07857142857144
195712,45.19447004608294
195801,35.53778801843318
195802,32.04795918367347
195803,44.85023041474656
195804,59.23349282296651
195805,69.08433179723502
195806,75.7785
195807,78.7555
195808,76.9865671641791
195809,71.87714285714287
195810,59.59766355140187
195811,51.6639423076923
195812,36.627188940092175
195901,37.185253456221204
195902,43.10969387755101
195903,48.48847926267281
195904,60.14326923076923
195905,71.43179723502304
195906,75.15539215686276
195907,78.16303317535548
195908,78.83830845771145
195909,73.04759615384614
195910,61.962019230769215
195911,46.0304761904762
195912,43.27834101382489
196001,40.06589861751153
196002,37.77684729064039
196003,37.056221198156685
196004,61.73415841584159
196005,66.12442396313364
196006,75.17085427135676
196007,77.83065326633167
196008,78.04532019704435
196009,72.68663366336634
196010,61.247663551401864
196011,48.77380952380952
196012,35.483870967741936
196101,33.971889400921654
196102,46.159183673469386
196103,52.933179723502306
196104,54.907843137254886
196105,64.92764976958526
196106,72.31231527093593
196107,76.33366336633662
196108,75.1423645320197
196109,71.92156862745098
196110,58.85545023696683
196111,50.33588516746412
196112,41.03870967741935
196201,36.04423963133641
196202,46.85867346938775
196203,45.67834101382488
196204,55.61219512195121
196205,74.22920792079206
196206,74.57192118226601
196207,77.98838383838383
196208,78.37363184079601
196209,69.58750000000002
196210,61.335922330097084
196211,47.76619047619047
196212,35.8820276497696
196301,31.588479262672806
196302,34.09336734693878
196303,53.72056074766354
196304,61.78634146341462
196305,67.35878136200718
196306,74.21264367816093
196307,75.17962264150943
196308,75.85482625482624
196309,69.52947761194028
196310,63.816236162361626
196311,49.86999999999999
196312,30.820071684587813
196401,38.62635379061372
196402,37.92107279693486
196403,49.28602150537634
196404,61.162809917355375
196405,69.01945701357465
196406,76.487109375
196407,76.6405303030303
196408,75.56052631578947
196409,71.00777777777776
196410,56.3620938628159
196411,52.22267657992563
196412,43.349462365591386
196501,40.58032258064516
196502,40.28249999999999
196503,43.98645161290324
196504,61.77222222222221
196505,70.79250814332244
196506,73.35624999999999
196507,76.4423611111111
196508,76.098
196509,72.09463601532566
196510,57.148888888888884
196511,51.63411371237457
196512,42.41129032258063
196601,32.74935483870968
196602,40.27821428571428
196603,49.50746753246754
196604,58.175
196605,65.16225806451615
196606,73.2362369337979
196607,78.34947368421054
196608,74.11381578947368
196609,68.40637583892617
196610,56.159870550161806
196611,49.92233333333335
196612,39.44354838709677
196701,40.84387096774193
196702,37.24071428571429
196703,54.1967213114754
196704,62.76319444444445
196705,64.64141414141412
196706,72.73611111111109
196707,72.49302325581395
196708,71.73431372549018
196709,65.80844594594596
196710,58.58494623655914
196711,45.139864864864855
196712,44.3567741935484
196801,35.78935483870968
196802,33.52758620689654
196803,48.59096774193547
196804,59.72128378378376
196805,66.09580645161292
196806,74.52711267605633
196807,76.58630136986302
196808,78.02076124567475
196809,69.13633333333334
196810,59.28613861386139
196811,48.202333333333335
196812,38.130645161290325
196901,37.255161290322576
196902,39.866785714285705
196903,42.090322580645164
196904,59.899665551839476
196905,67.35097402597404
196906,74.78315789473686
196907,79.01493055555555
196908,75.62406639004152
196909,68.8732217573222
196910,58.38553719008264
196911,45.32708333333333
196912,37.21209677419353
197001,31.589516129032262
197002,38.45937500000001
197003,47.11935483870966
197004,60.980113636363626
197005,69.24324324324326
197006,73.57241379310345
197007,77.57931034482753
197008,77.23872832369943
197009,74.67052023121383
197010,61.10594594594594
197011,47.83666666666665
197012,44.61612903225806
197101,37.95913978494623
197102,39.70000000000001
197103,45.79677419354837
197104,58.6382857142857
197105,64.95645161290324
197106,76.1620481927711
197107,75.91352941176469
197108,75.52999999999999
197109,73.19887005649719
197110,65.50000000000003
197111,49.193888888888885
197112,49.52258064516128
197201,41.71397849462364
197202,40.64482758620689
197203,49.68333333333334
197204,59.20760233918131
197205,66.32849462365593
197206,72.16411764705882
197207,75.20402298850571
197208,75.68837209302325
197209,72.46214689265538
197210,57.758888888888904
197211,46.467597765363145
197212,42.187634408602165
197301,35.3
197302,36.425000000000004
197303,54.510344827586195
197304,53.79666666666665
197305,60.00999999999998
197306,71.44000000000001
197307,73.33225806451613
197308,71.48
197309,69.66666666666667
197310,58.99032258064515
197311,52.096551724137946
197312,38.783870967741926
197401,45.741379310344826
197402,38.888000000000005
197608,77.26842105263158
197609,73.39999999999999
197610,44.8
197611,45.96666666666667
197612,17.9
197701,19.5
197702,42.25
197703,51.64
197704,67.74
197705,73.36666666666667
197706,78.13333333333333
197707,83.09999999999998
197708,80.85000000000001
197709,69.35000000000001
197710,60.666666666666664
197711,65.26666666666667
197712,52.0
197801,25.0
197802,26.5
197803,47.6
197804,52.0
197806,77.3
197807,78.25
197809,70.9
197811,36.2
197812,41.00333333333332
197901,24.649999999999995
197905,79.4
197906,75.4
197909,80.5
198002,30.175
198103,57.2
198105,74.75714285714287
198106,82.14999999999999
198108,77.10869565217389
198109,72.90909090909089
198403,38.3
198404,58.49600000000003
198405,64.56666666666666
198406,77.30384615384618
198407,76.81153846153843
198408,76.95769230769233
198409,68.728
198410,66.39259259259258
198411,46.74400000000001
198412,49.75384615384614
198501,30.459259259259262
198502,36.26666666666667
198503,57.095652173913024
198504,70.23333333333336
198505,74.01739130434783
198506,80.83500000000001
198507,84.30434782608693
198508,72.2857142857143
198509,65.55789473684212
198510,59.146666666666654
198511,54.607142857142854
198512,33.74285714285715
198601,33.336842105263145
198809,74.21578947368421
198810,60.04666666666666
198811,53.56666666666668
198812,48.655555555555566
198901,47.76153846153847
198902,39.657692307692315
198903,55.929999999999986
198904,55.07777777777776
198906,81.34
198907,70.75490196078434
198908,59.92105263157894
198909,53.53571428571429
198910,49.07866666666668
198911,46.80800000000002
198912,38.22777777777776
199001,51.73809523809523
199002,58.2388888888889
199003,57.90952380952382
199004,63.792857142857144
199005,72.42000000000002
199006,84.48333333333335
199007,84.83666666666669
199008,85.75161290322583
199009,80.30344827586205
199010,66.77419354838709
199011,61.22592592592595
199012,49.61071428571429
199101,44.01724137931037
199102,48.5
199103,59.38333333333334
199104,70.32333333333334
199105,79.5433333333333
199106,80.11333333333332
199107,84.03000000000004
199108,82.43870967741937
199109,74.65333333333335
199110,63.477419354838695
199111,49.233333333333334
199112,45.99677419354839
199201,41.4225806451613
199202,48.47931034482758
199203,52.548387096774206
199204,62.426666666666655
199205,68.06129032258065
199206,74.71000000000002
199207,81.25161290322576
199208,75.9709677419355
199209,71.88000000000001
199210,61.53870967741933
199211,50.93999999999999
199212,42.28387096774194
199301,42.36129032258065
199302,40.725000000000016
199303,49.158064516129016
199304,59.280000000000015
199305,70.94516129032262
199306,78.44999999999999
199307,85.55161290322577
199308,83.14516129032255
199309,72.09655172413792
199310,61.099999999999994
199311,50.336666666666666
199312,41.80967741935485
199401,33.52258064516129
199402,45.68214285714286
199403,52.096774193548384
199404,65.65333333333332
199405,68.17741935483872
199406,80.01379310344828
199407,80.11290322580642
199408,80.54193548387099
199409,71.43928571428573
199410,62.76129032258064
199411,57.076666666666625
199412,46.97741935483871
199501,39.57419354838709
199502,41.6892857142857
199503,57.154838709677406
199504,63.38620689655173
199505,71.11290322580645
199506,78.12333333333338
199507,82.91935483870968
199508,83.69642857142858
199509,71.39655172413792
199510,62.91612903225807
199511,46.013793103448265
199512,40.43870967741937
199601,37.47096774193548
199602,43.41785714285714
199603,46.46774193548387
199604,58.40333333333333
199605,73.22580645161294
199606,78.62000000000002
199607,79.51612903225804
199608,79.33666666666667
199609,70.91666666666669
199610,63.18064516129033
199611,48.120689655172406
199612,45.9741935483871
199701,38.31999999999998
199702,47.53571428571429
199703,55.85806451612906
199704,57.468965517241394
199705,65.6741935483871
199706,73.08999999999999
199707,82.49677419354838
199708,78.66129032258064
199709,74.37999999999994
199710,62.548387096774185
199711,47.41000000000001
199712,40.8225806451613
199801,45.81290322580645
199802,47.399999999999984
199803,51.135483870967754
199804,60.25666666666666
199805,74.78387096774196
199806,81.49666666666667
199807,81.42903225806448
199808,82.55806451612904
199809,80.40333333333335
199810,67.10645161290323
199811,55.0166666666667
199812,45.41290322580648
199901,46.32179487179489
199902,48.18833333333335
199903,48.50140845070424
199904,66.20555555555559
199905,72.20860215053764
199906,80.0122222222222
199907,86.09354838709679
199908,83.85714285714289
199909,75.04
199910,63.216129032258074
199911,56.81000000000001
199912,45.71612903225805
200001,40.20344827586206
200002,47.820689655172394
200003,55.254838709677394
200004,59.566666666666684
200005,72.85967741935482
200006,78.22833333333334
200007,81.1016129032258
200008,81.79516129032265
200009,72.76333333333332
200010,65.38387096774191
200011,49.38666666666666
200012,31.783870967741937
200101,36.711290322580666
200102,46.36785714285715
200103,47.020967741935436
200104,66.00666666666665
200105,70.70806451612904
200106,75.73833333333329
200107,80.96290322580651
200108,80.23464052287582
200109,71.51656804733724
200110,61.00402298850571
200111,56.020670391061465
200112,46.79780219780216
200201,43.95494505494504
200202,42.945774647887305
200203,50.61419354838712
200204,65.05533333333332
200205,68.43870967741937
200206,79.73014705882353
200207,81.9298013245033
200208,81.14193548387094
200209,75.9393333333333
200210,61.96299212598425
200211,48.582666666666654
200212,43.10680272108843
200301,34.725806451612904
200302,39.552898550724656
200303,53.44064516129029
200304,63.29133333333335
200305,70.12709677419352
200306,74.5546666666666
200307,81.22582781456956
200308,81.3832214765101
200309,70.82333333333331
200310,63.02258064516131
200311,55.83866666666666
200312,42.753548387096785
200401,39.884516129032264
200402,42.02275862068965
200403,55.66129032258067
200404,61.00600000000002
200405,73.64258064516126
200406,76.15051020408166
200407,77.94009216589863
200408,73.83502304147463
200409,71.76142857142857
200410,64.57746478873243
200411,54.49523809523809
200412,40.13640552995395
200501,44.190066225165566
200502,45.998571428571424
200503,49.678431372549
200504,61.40733333333335
200505,68.16818181818181
200506,78.18933333333334
200507,80.72064516129032
200508,82.49870967741936
200509,76.77214285714287
200510,63.8624060150376
200511,53.034090909090885
200512,38.679354838709685
200601,47.279354838709686
200602,40.35785714285715
200603,53.02774193548387
200604,65.91208053691275
200605,66.67947019867552
200606,75.16733333333332
200607,79.28116883116884
200608,79.92903225806451
200609,68.68733333333334
200610,57.08278145695364
200611,48.37533333333334
200612,43.44064516129031
200701,40.56967741935483
200702,36.10142857142857
200703,57.92064516129033
200704,56.74333333333331
200705,70.74000000000001
200706,76.57199999999996
200707,78.55555555555553
200708,85.4340579710145
200709,73.85866666666669
200710,63.88709677419355
200711,48.75399999999999
200712,44.296052631578945
200801,36.88266666666668
200802,41.92827586206897
200803,50.16174496644295
200804,58.74647887323944
200805,67.5806451612903
200806,78.30466666666668
200807,80.08516129032259
200808,77.75424836601309
200809,72.5905405405405
200810,59.251612903225805
200811,46.983606557377065
200812,43.33548387096774
200901,39.529032258064525
200902,48.035714285714285
200903,54.30000000000002
200904,57.966666666666676
200905,66.60967741935482
200906,75.19333333333334
200907,73.86250000000001
