193906,78.25333333333333
193907,79.49354838709678
193908,80.50322580645161
193909,80.15999999999998
193910,78.71612903225804
193911,75.76666666666667
193912,75.28387096774195
194001,74.1125
194002,74.83402777777776
194003,75.54000000000002
194004,78.17432432432429
194005,78.65354838709676
194006,79.2413333333333
194007,80.37354838709678
194008,81.1570621468927
194009,80.94597701149429
194010,80.4177215189874
194011,78.06979865771814
194012,75.21475409836069
194101,74.9184210526316
194102,73.05971223021581
194103,73.90449438202248
194104,76.69204545454548
194105,77.20855263157891
194106,79.9040816326531
194107,80.13419354838707
194108,81.28387096774196
194109,81.00866666666668
194110,79.14510869565221
194111,77.87777777777772
194112,74.89300699300698
194201,74.14301075268814
194202,72.56315789473679
194203,69.53306451612903
194204,72.04249999999999
194205,76.73225806451617
194206,78.08954248366021
194207,78.95529953917054
194208,79.65714285714289
194209,79.47333333333336
194210,77.99907834101383
194211,76.8314285714286
194212,74.75806451612905
194301,72.43870967741934
194302,71.7122448979592
194303,71.01843317972356
194304,74.12476190476193
194305,76.00184331797234
194306,78.08714285714287
194307,78.64562211981561
194308,78.08202764976953
194309,77.93857142857142
194310,77.11428571428576
194311,74.72285714285712
194312,73.31013824884792
194401,72.26543778801846
194402,71.0852216748768
194403,72.0188940092166
194404,73.77476190476186
194405,74.87373271889399
194406,75.72095238095237
194407,77.10184331797232
194408,78.66958525345623
194409,77.74285714285712
194410,75.56543778801844
194411,74.2057142857143
194412,71.55253456221197
194501,70.74562211981568
194502,72.15918367346946
194503,72.90138248847924
194504,72.78909090909089
194505,75.94134897360703
194506,77.53189368770761
194507,78.06612903225805
194508,78.23548387096773
194509,77.1573170731707
194510,77.07548387096773
194511,75.863
194512,73.86702898550723
194601,73.75059523809526
194602,73.92711864406779
194603,75.05593220338982
194604,74.98053097345132
194605,76.92580645161291
194606,78.7811111111111
194607,79.32717391304347
194608,80.61333333333336
194609,80.59250000000002
194610,79.07272727272728
194611,76.34899328859058
194612,73.22792207792207
194701,71.20789473684212
194702,73.0142857142857
194703,73.68774193548386
194704,75.26066666666667
194705,75.23354838709676
194706,78.24600000000001
194707,78.35935483870968
194708,78.99806451612905
194709,78.66199999999998
194710,78.37032258064517
194711,75.78666666666665
194712,73.50206896551724
194801,70.33194444444445
194802,70.70666666666668
194803,72.46598639455782
194804,73.59507042253522
194805,75.87982456140354
194806,77.88214285714288
194807,78.6078947368421
194808,79.40086956521738
194809,79.15315315315316
194810,77.51754385964911
194811,74.98256880733945
194812,72.81636363636362
194901,70.89586206896553
194902,71.89922480620156
194903,72.3353448275862
194904,72.59591836734694
194905,74.8967741935484
194906,76.32166666666667
194907,77.08360655737705
194908,77.01249999999999
194909,76.92666666666669
194910,74.46129032258062
194911,71.86083333333335
194912,71.35967741935485
195001,70.93306451612902
195002,72.02357142857142
195003,71.44193548387094
195004,71.76533333333332
195005,73.34516129032255
195006,74.81657142857142
195007,76.2543010752688
195008,77.15483870967739
195009,77.00508474576272
195010,76.06903225806454
195011,73.152
195012,70.22240000000001
195101,70.74677419354839
195102,70.37321428571428
195103,71.40806451612904
195104,72.30916666666667
195105,74.51935483870967
195106,75.82666666666661
195107,77.37258064516128
195108,77.09758064516129
195109,77.11916666666667
195110,76.52580645161285
195111,74.08416666666663
195112,71.8524193548387
195201,70.25403225806453
195202,70.74741379310348
195203,70.99435483870967
195204,71.12333333333332
195205,71.7475806451613
195206,74.31666666666668
195207,75.62322580645161
195208,76.54451612903223
195209,75.99066666666668
195210,75.39419354838708
195211,74.17800000000003
195212,71.78064516129035
195301,71.19225806451615
195302,71.05571428571429
195303,71.13999999999994
195304,72.63199999999998
195305,74.43032258064517
195306,75.46533333333335
195307,76.20580645161289
195308,76.96451612903226
195309,76.51266666666669
195310,75.65483870967745
195311,73.30666666666666
195312,71.23161290322578
195401,70.51741935483871
195402,71.39999999999998
195403,69.96129032258065
195404,72.98666666666662
195405,72.9658064516129
195406,75.93666666666662
195407,76.2116129032258
195408,77.5367741935484
195409,77.32
195410,76.31741935483872
195411,75.07666666666668
195412,71.51870967741932
195501,70.66322580645159
195502,69.56142857142858
195503,69.23935483870967
195504,71.95933333333333
195505,72.898064516129
195506,73.666
195507,74.64516129032256
195508,74.98967741935483
195509,75.114
195510,74.47548387096778
195511,73.26399999999998
195512,72.24967741935484
195601,72.56129032258063
195602,70.77241379310342
195603,72.12064516129034
195604,72.40866666666663
195605,74.02000000000002
195606,74.99066666666668
195607,76.50903225806451
195608,77.26580645161289
195609,77.05266666666672
195610,76.36064516129035
195611,74.488
195612,72.77290322580643
195701,71.56064516129035
195702,69.8992857142857
195703,70.59612903225809
195704,72.08367346938773
195705,74.3158940397351
195706,76.80489510489512
195707,77.4880794701987
195708,77.67302631578944
195709,77.71959459459455
195710,77.09741935483869
195711,75.26799999999996
195712,72.25548387096777
195801,70.30903225806455
195802,70.82071428571435
195803,69.7051612903226
195804,71.84133333333337
195805,73.31870967741938
195806,75.90799999999999
195807,76.52903225806449
195808,77.73032258064521
195809,77.78933333333337
195810,76.39999999999999
195811,74.08108108108107
195812,71.34074074074076
195901,72.03606557377044
195902,70.81028037383179
195903,73.34416666666662
195904,72.4854700854701
195905,74.28064516129035
195906,76.82583333333334
195907,77.79435483870965
195908,78.34435483870972
195909,78.06750000000002
195910,77.06451612903224
195911,74.9391666666667
195912,72.77499999999999
196001,71.16290322580647
196002,71.08534482758623
196003,71.5032258064516
196004,72.91666666666667
196005,75.27096774193552
196006,76.82916666666665
196007,77.53145161290321
196008,78.00806451612905
196009,77.57666666666664
196010,77.05080645161293
196011,74.73416666666665
196012,72.32016129032257
196101,71.70967741935482
196102,72.34285714285713
196103,73.24596774193552
196104,73.935
196105,75.54193548387097
196106,76.565
196107,77.14032258064515
196108,77.84193548387096
196109,77.5475
196110,76.70241935483868
196111,74.17333333333335
196112,72.71209677419351
196201,72.71451612903225
196202,70.80535714285716
196203,71.28548387096775
196204,74.16000000000003
196205,74.6451612903226
196206,76.37749999999997
196207,76.6467741935484
196208,77.33548387096776
196209,77.22932330827068
196210,76.32077922077923
196211,74.9458333333333
196212,71.6459677419355
196301,71.55000000000001
196302,72.71696428571427
196303,72.50564516129033
196304,73.7816666666667
196305,74.12016129032261
196306,76.05333333333331
196307,77.08225806451614
196308,77.89999999999996
196309,77.79999999999997
196310,77.0709677419355
196311,75.39333333333336
196312,73.04838709677416
196401,73.11451612903224
196402,72.20775862068963
196403,72.17096774193547
196404,73.20166666666667
196405,73.93951612903226
196406,76.655
196407,76.79354838709675
196408,76.88548387096773
196409,77.03999999999998
196410,75.20967741935483
196411,74.09916666666665
196412,73.80887096774192
196501,71.85483870967745
196502,68.65728155339806
196503,70.418487394958
196504,72.87256637168143
196505,75.15221238938055
196506,76.16637168141595
196507,76.9833333333333
196508,77.76695652173913
196509,78.13545454545454
196510,75.90884955752212
196511,74.5018018018018
196512,71.16120689655169
196601,70.27844827586208
196602,69.54444444444444
196603,71.72966101694915
196604,71.65689655172415
196605,75.3338709677419
196606,77.06554621848738
196607,77.40504201680673
196608,78.08595041322316
196609,78.54782608695652
196610,77.16833333333331
196611,75.55526315789473
196612,73.71101694915254
196701,71.16923076923078
196702,72.99166666666669
196703,72.38666666666668
196704,73.43565217391303
196705,76.765
196706,77.8956896551724
196707,78.52689075630249
196708,78.40499999999999
196709,78.75652173913049
196710,77.90666666666665
196711,75.17499999999997
196712,72.48548387096774
196801,71.85203252032521
196802,72.44464285714284
196803,72.70924369747898
196804,73.95344827586206
196805,75.49836065573773
196806,77.56666666666668
196807,78.35000000000002
196808,78.73790322580649
196809,78.37333333333335
196810,78.24274193548386
196811,76.40750000000001
196812,72.45241935483872
196901,68.97903225806452
196902,71.58392857142857
196903,71.46048387096775
196904,72.36166666666666
196905,75.10322580645159
196906,77.08333333333334
196907,78.28870967741933
196908,77.7814516129032
196909,77.11666666666669
196910,76.60241935483866
196911,74.85916666666667
196912,72.3451612903226
197001,71.34596774193545
197002,70.29999999999998
197003,72.25887096774193
197004,73.16333333333331
197005,75.02258064516127
197006,76.03333333333327
197007,77.2782258064516
197008,78.4064516129032
197009,77.87666666666672
197010,77.41693548387094
197011,74.42000000000003
197012,73.04354838709679
197101,70.36799999999998
197102,72.85535714285713
197103,72.52258064516131
197104,73.70583333333336
197105,74.98548387096771
197106,76.39583333333333
197107,77.31612903225806
197108,77.97338709677419
197109,77.97333333333331
197110,76.72580645161285
197111,75.35500000000002
197112,72.50806451612905
197201,70.02774193548389
197202,70.2813793103448
197203,72.44709677419357
197204,72.80466666666666
197205,74.48129032258069
197206,75.73733333333335
197207,76.238064516129
197208,78.14090909090909
197209,78.13599999999998
197210,77.24645161290326
197211,74.05666666666663
197212,71.0916129032258
197301,69.37205882352941
197302,67.51574803149606
197303,70.52851239669423
197304,70.8452380952381
197305,71.6378091872792
197306,73.39958506224067
197307,74.68892988929886
197308,75.3825278810409
197309,75.93816793893131
197310,74.13052631578951
197311,73.06111111111115
197312,71.79915966386555
197401,71.60680000000002
197402,71.07164948453607
197403,71.34048780487802
197404,73.56540540540541
197405,74.47346938775516
197406,75.41562499999998
197407,75.208
197408,75.6975845410628
197409,75.34824561403511
197410,73.10524193548386
197411,71.6216216216216
197412,71.80923076923082
197501,68.3824858757062
197502,68.95077720207254
197503,69.22019230769232
197504,70.28874458874458
197505,69.46113360323884
197506,71.87848101265821
197507,72.99321266968325
197508,75.2557894736842
197509,73.5747663551402
197510,71.92642276422761
197511,71.86797752808988
197512,71.64835164835168
197601,70.96345177664975
197602,68.70478723404253
197603,68.5522727272727
197604,68.43130841121499
197605,70.84389140271495
197606,71.6316964285714
197607,74.04101382488483
197608,76.09069767441859
197609,76.24018691588788
197610,74.82264150943396
197611,70.85409090909091
197612,71.32169811320753
197701,71.27980295566502
197702,71.36417112299466
197703,71.23756097560972
197704,72.14806629834253
197705,74.14975124378111
197706,74.99148936170212
197707,76.35560747663551
197708,77.38017621145376
197709,75.4109756097561
197710,74.55277777777773
197711,72.80553359683796
197712,70.16177777777776
197801,69.36882591093114
197802,69.29694323144105
197803,69.09931740614334
197804,70.91471698113203
197805,72.72842105263156
197806,73.8730612244898
197807,75.11171875000001
197808,76.19876033057851
197809,75.91932773109247
197810,73.99483394833948
197811,71.27619047619046
197812,68.99661016949153
197901,66.31504065040649
197902,66.26280991735538
197903,67.97077464788731
197904,69.3632575757576
197905,71.11788321167882
197906,73.29041666666669
197907,73.49233870967744
197908,74.54775510204082
197909,74.31904761904761
197910,73.77111111111108
197911,70.41255411255412
197912,68.74517543859648
198001,66.80941704035872
198002,66.88810572687225
198003,68.30267857142857
198004,68.991592920354
198005,70.57659574468084
198006,72.04337899543377
198007,73.15377358490566
198008,72.95650224215247
198009,73.92432432432432
198010,71.97639999999998
198011,71.03846153846153
198012,69.3127192982456
198101,68.0469827586207
198102,67.86256157635468
198103,67.91924686192469
198104,69.5108225108225
198105,71.10660792951542
198106,73.0361990950226
198107,73.13537117903928
198108,74.17209302325585
198109,72.59123711340206
198110,69.90408163265306
198111,69.26649746192894
198112,67.07081339712919
198201,64.30108108108108
198202,64.8955801104972
198203,64.68454106280191
198204,66.07180851063829
198205,68.64830917874397
198206,72.42401960784312
198207,73.02740384615387
198208,73.7093333333333
198209,72.71658536585367
198210,70.23349753694582
198211,70.0084656084656
198212,67.3543778801843
198301,66.23716814159292
198302,65.67871287128712
198303,66.3859090909091
198304,67.27777777777776
198305,68.43508064516128
198306,70.59227467811161
198307,72.09110169491528
198308,72.31918367346938
198309,71.58636363636363
198310,70.93944954128445
198311,70.64642857142859
198312,67.63799126637554
198401,67.81869158878503
198402,67.77826086956517
198403,68.85854922279792
198404,68.33560209424087
198405,69.40469483568071
198406,70.36439024390245
198407,72.67826086956525
198408,73.31685823754788
198409,73.59338521400778
198410,74.45057915057913
198411,72.7591836734694
198412,69.01393442622951
198501,66.69921259842516
198502,68.04336283185842
198503,67.45547703180208
198504,68.5111111111111
198505,70.14301075268818
198506,72.85291970802919
198507,74.26457564575648
198508,75.48233215547702
198509,74.96156716417912
198510,72.51123188405799
198511,71.06636363636363
198512,69.09868995633187
198601,67.9769911504425
198602,68.16113989637307
198603,70.18571428571428
198604,69.99545454545452
198605,71.90705882352945
198606,73.87625570776258
198607,75.81486486486487
198608,76.59304347826084
198609,76.89468599033816
198610,74.86812227074236
198611,73.85167464114829
198612,70.51054852320675
198701,68.51762295081963
198702,66.9991150442478
198703,69.04226415094338
198704,70.68402555910548
198705,70.44493670886072
198706,74.81974110032364
198707,76.17774480712164
198708,77.58575498575499
198709,77.479375
198710,76.07919254658387
198711,73.86483870967744
198712,71.97796610169486
198801,69.59898989898993
198802,70.56996466431094
198803,70.97741935483873
198804,71.77310344827585
198805,74.35476190476189
198806,74.2969072164948
198807,74.86999999999995
198808,76.06178571428572
198809,76.55071942446045
198810,75.77927272727274
198811,74.78498023715412
198812,71.68693877551019
198901,69.8751700680272
198902,69.68219696969696
198903,71.27288135593218
198904,69.63448275862069
198905,73.38384879725089
198906,74.63705035971225
198907,75.66857142857141
198908,75.60211267605632
198909,75.35568181818184
198910,75.14748201438847
198911,72.75608856088564
198912,69.34285714285714
199001,69.1965870307167
199002,67.7787644787645
199003,69.02386363636359
199004,72.25500000000001
199005,72.32762237762236
199006,73.60519031141865
199007,74.9694444444444
199008,76.56474820143885
199009,75.939483394834
199010,75.38693009118545
199011,73.30469798657717
199012,69.9012539184953
199101,69.15631067961164
199102,70.97519379844962
199103,69.45999999999998
199104,71.16962962962961
199105,72.73370786516857
199106,74.1660944206008
199107,75.76535947712419
199108,76.48385093167703
199109,76.08273615635177
199110,75.29433962264149
199111,75.77076411960134
199112,72.8156462585034
199201,70.32604501607719
199202,69.41010101010097
199203,70.74517133956385
199204,72.07572815533986
199205,73.82012383900924
199206,76.06805111821085
199207,76.77345679012348
199208,77.6826498422713
199209,77.91730769230772
199210,76.68348909657321
199211,74.7816993464052
199212,73.20757097791801
199301,69.58797468354426
199302,69.91162790697675
199303,71.11928571428575
199304,73.40375939849625
199305,73.84265734265732
199306,76.67559055118114
199307,77.31417322834648
199308,78.10314960629918
199309,78.25083333333333
199310,76.89923664122136
199311,73.29777777777778
199312,71.237323943662
199401,70.15074626865668
199402,71.50245901639339
199403,71.18219178082192
199404,72.80174216027875
199405,74.12817337461296
199406,74.76666666666661
199407,76.61217948717949
199408,77.10165562913907
199409,77.17114093959732
199410,75.69712643678157
199411,73.21609195402304
199412,71.2994082840237
199501,70.73034682080925
199502,70.46188925081437
199503,71.668023255814
199504,72.40238095238094
199505,73.8542372881356
199506,75.42982456140348
199507,76.6897142857143
199508,76.0541899441341
199509,77.16231454005936
199510,75.88170731707311
199511,74.97210144927536
199512,74.33249999999995
199601,72.00758426966291
199602,70.07633333333337
199603,69.62540983606556
199604,73.92544910179643
199605,75.52294117647055
199606,76.04142857142857
199607,75.8933628318584
199608,75.69525862068967
199609,76.13307392996107
199610,76.97584097859327
199611,74.84272727272727
199612,71.771387283237
199701,70.6921965317919
199702,71.36932515337423
199703,71.67147058823532
199704,73.49047619047619
199705,74.12341040462425
199706,76.15361445783134
199707,76.98419540229888
199708,77.06666666666668
199709,77.22664756446989
199710,75.98124999999997
199711,73.79785276073619
199712,70.8368571428571
199801,70.48885714285719
199802,70.58504672897196
199803,71.24209115281506
199804,71.4828402366864
199805,72.30027397260271
199806,74.40532212885154
199807,75.9144
199808,77.22815249266863
199809,76.31955307262571
199810,75.29710526315792
199811,74.17677053824357
199812,71.92465373961218
199901,70.45623268698061
199902,70.46686746987952
199903,71.17077747989279
199904,71.4492021276596
199905,74.43706666666672
199906,74.60644257703082
199907,74.9448924731183
199908,75.23229166666668
199909,75.45689655172414
199910,74.56395348837214
199911,73.02898550724639
199912,71.17244318181821
200001,69.23035087719293
200002,71.12226415094342
200003,71.59317406143349
200004,71.43218181818185
200005,74.43827160493828
200006,76.17176684881609
200007,77.13709677419357
200008,77.45460869565224
200009,77.18895027624309
200010,76.35316455696204
200011,73.23983572895273
200012,72.47412280701754
200101,72.35990990990987
200102,71.5532663316583
200103,71.3320879120879
200104,73.0671462829736
200105,74.7906542056075
200106,76.06100478468898
200107,77.41034482758619
200108,77.96295454545452
200109,77.04906103286383
200110,76.17050691244236
200111,75.09806295399517
200112,73.22331730769227
200201,71.74929906542053
200202,69.69653333333336
200203,71.35743243243239
200204,74.08581235697939
200205,75.75565819861433
200206,77.35724815724815
200207,77.60942528735636
200208,78.30665137614676
200209,77.86459330143538
200210,76.5717948717949
200211,74.45612745098035
200212,72.77301204819277
200301,70.93317647058825
200302,70.68170103092778
200303,73.09815242494224
200304,73.40499999999997
200305,75.6177985948478
200306,76.48595238095236
200307,77.76173120728929
200308,78.14063205417602
200309,77.89650872817958
200310,77.52088167053363
200311,74.8149144254279
200312,72.52867132867131
200401,71.77895981087478
200402,73.24937343358394
200403,71.98535469107553
200404,73.54265402843603
200405,76.08823529411765
200406,77.94377990430623
200407,78.91577726218104
200408,79.13418013856807
200409,78.89038461538459
200410,77.17517401392114
200411,75.21365853658541
200412,72.74105011933176
200501,72.13847980997627
200502,70.78848314606743
200503,70.51770114942525
200504,73.20483091787439
200505,75.61592505854794
200506,76.31933962264151
200507,77.40827423167855
200508,77.46287015945336
200509,77.70166666666663
200510,74.92870159453301
200511,74.17330097087375
200512,72.09762470308793
200601,72.00729411764709
200602,68.5851485148515
200603,71.56031390134528
200604,71.53333333333337
200605,72.49850374064833
200606,76.18564593301433
200607,76.99741176470582
200608,77.98181818181817
200609,77.23041237113397
200610,76.11877828054294
200611,74.63831775700933
200612,72.31310344827587
200701,71.35578231292517
200702,70.38050000000001
200703,71.72796420581656
200704,72.45495283018866
200705,74.2791946308725
200706,76.15883720930235
200707,77.11659090909092
200708,77.23594470046078
200709,77.15971563981039
200710,75.74317673378076
200711,73.15327102803741
200712,72.02689655172405
200801,68.97380410022777
200802,69.99552238805967
200803,71.97201735357916
200804,72.40064935064936
200805,72.59737903225806
200806,75.03922413793103
200807,76.72970711297067
200808,76.8332669322709
200809,76.07712031558187
200810,75.6742537313433
200811,74.05104895104897
200812,72.8788079470199
200901,70.4232258064516
200902,69.59256756756757
200903,69.69677419354839
200904,70.23809523809524
200905,73.92688679245282
200906,76.36504854368931
200907,76.348
