194601,28.2258064516129
194602,28.724999999999994
194603,46.1225806451613
194604,48.88333333333332
194605,56.8516129032258
194606,67.42
194607,72.9258064516129
194608,67.19354838709677
194609,65.25
194610,56.99032258064517
194611,43.15333333333333
194612,32.33225806451614
194701,30.29354838709677
194702,21.88214285714286
194703,31.345161290322583
194704,45.95333333333334
194705,55.21935483870968
194706,66.28999999999999
194707,69.92580645161289
194708,76.32258064516131
194709,65.18333333333332
194710,59.8967741935484
194711,37.16666666666665
194712,28.693548387096776
194801,21.094470046082954
194802,30.142857142857157
194803,40.99907834101382
194804,53.81339712918662
194805,58.5221198156682
194806,69.05167464114834
194807,73.65137614678899
194808,71.263133640553
194809,66.31104972375692
194810,49.56021505376344
194811,46.289999999999985
194812,33.84580645161291
194901,35.178225806451614
194902,34.81875000000001
194903,39.35770609318996
194904,47.98925925925927
194905,62.407168458781356
194906,73.67026022304834
194907,77.16774193548386
194908,72.92007168458784
194909,60.46444444444444
194910,58.859498207885316
194911,41.57777777777779
194912,35.29749103942653
195001,38.31444444444444
195002,31.482589285714287
195003,34.78709677419354
195004,44.84166666666667
195005,61.83145161290323
195006,68.59291666666668
195007,71.3717741935484
195008,69.97459677419357
195009,63.50333333333333
195010,57.22056451612903
195011,37.04666666666669
195012,25.641129032258057
195101,30.651209677419363
195102,30.244196428571424
195103,38.44475806451613
195104,47.71291666666666
195105,61.37096774193548
195106,69.2125
195107,73.07862903225809
195108,70.59435483870966
195109,63.05166666666667
195110,55.75524193548389
195111,35.66833333333334
195112,31.361538461538466
195201,33.84731182795699
195202,33.18884615384615
195203,37.86164874551971
195204,51.20297397769516
195205,59.54516129032259
195206,74.28259259259261
195207,76.39068100358425
195208,71.48279569892475
195209,64.50333333333332
195210,48.084229390681
195211,43.1874074074074
195212,34.67132616487455
195301,33.96021505376345
195302,33.689682539682536
195303,40.63906810035842
195304,46.3362962962963
195305,63.1853046594982
195306,71.93271375464684
195307,74.24874551971327
195308,73.25663082437279
195309,65.89
195310,56.9236559139785
195311,43.717037037037024
195312,34.06164874551972
195401,30.380215827338127
195402,37.50476190476189
195403,36.404316546762594
195404,55.439776951672876
195405,57.3956834532374
195406,72.1526515151515
195407,74.29068100358424
195408,71.21672727272725
195409,67.89148148148148
195410,55.63369175627241
195411,41.64626865671642
195412,31.699637681159416
195501,28.367171717171715
195502,31.56931216931217
195503,40.28930232558139
195504,56.53219512195123
195505,63.652857142857115
195506,66.87944444444445
195507,77.13440860215054
195508,75.5
195509,67.21388888888889
195510,54.390322580645154
195511,38.648888888888884
195512,28.981182795698924
195601,27.223041474654384
195602,33.45960591133005
195603,37.43179723502305
195604,47.62428571428572
195605,59.94930875576038
195606,69.68333333333334
195607,72.25161290322582
195608,71.76497695852535
195609,62.34095238095237
195610,58.13502304147467
195611,42.130476190476195
195612,39.02396313364054
195701,24.751612903225805
195702,34.7795918367347
195703,39.21244239631337
195704,52.385238095238094
195705,61.32027649769585
195706,70.95761904761903
195707,74.00645161290326
195708,71.74838709677421
195709,65.64666666666668
195710,51.35714285714287
195711,42.63428571428571
195712,36.31935483870968
195801,27.751075268817207
195802,23.958928571428572
195803,36.40430107526882
195804,51.45944444444443
195805,60.08978494623656
195806,65.64055555555557
195807,73.18978494623657
195808,70.78225806451614
195809,64.85333333333334
195810,53.78225806451613
195811,44.07666666666667
195812,23.738709677419354
195901,25.302688172043013
195902,31.246428571428563
195903,37.58978494623656
195904,50.983333333333334
195905,64.8951612903226
195906,70.53500000000001
195907,73.80698924731183
195908,75.6193548387097
195909,68.29722222222223
195910,53.93602150537634
195911,38.282089552238816
195912,35.71244239631337
196001,31.73502304147465
196002,29.03448275862069
196003,27.115207373271897
196004,54.13619047619048
196005,58.41658986175117
196006,68.23142857142858
196007,71.18018433179722
196008,72.86682027649768
196009,67.49999999999999
196010,54.26497695852533
196011,43.12904761904763
196012,24.970046082949306
196101,23.164893617021278
196102,33.482142857142854
196103,41.179032258064524
196104,43.748888888888885
196105,55.796236559139786
196106,66.87333333333332
196107,72.03870967741935
196108,71.43172043010752
196109,69.14666666666666
196110,55.89019607843137
196111,41.938
196112,29.50242718446602
196201,24.20336538461538
196202,27.50481283422459
196203,35.37819905213271
196204,48.658333333333324
196205,66.50860215053763
196206,70.63555555555553
196207,70.87956989247314
196208,71.52741935483873
196209,61.937777777777775
196210,54.702150537634424
196211,40.52055555555554
196212,25.091397849462364
196301,19.283870967741933
196302,21.061309523809523
196303,39.85913978494624
196304,50.106111111111105
196305,57.715591397849465
196306,70.03111111111109
196307,72.6543010752688
196308,68.21397849462365
196309,62.5122222222222
196310,60.01290322580644
196311,44.12611111111111
196312,21.28118279569892
196401,29.68817204301076
196402,27.295402298850572
196403,37.8532258064516
196404,50.86166666666666
196405,63.367741935483856
196406,69.8211111111111
196407,73.6284946236559
196408,69.34301075268814
196409,64.53777777777778
196410,50.21290322580644
196411,44.95055555555556
196412,32.32795698924731
196501,26.68248847926267
196502,27.390816326530615
196503,32.05115207373273
196504,47.088095238095256
196505,65.42258064516128
196506,68.06
196507,70.59677419354841
196508,69.05345622119815
196509,66.16267942583734
196510,50.96820276497696
196511,41.87666666666666
196512,35.81474654377879
196601,22.051612903225802
196602,28.091326530612246
196603,39.14608294930877
196604,46.51619047619047
196605,55.44838709677418
196606,70.65999999999998
196607,74.42396313364058
196608,70.10046082949309
196609,61.75333333333334
196610,50.033640552995394
196611,41.955714285714286
196612,30.396774193548396
196701,32.044700460829496
196702,24.47806122448979
196703,37.28018433179722
196704,50.63153153153152
196705,53.742148760330586
196706,71.85622317596564
196707,70.21217391304346
196708,68.1070539419087
196709,60.677586206896564
196710,52.19748953974896
196711,37.21106194690266
196712,33.88912133891213
196801,23.437394957983194
196802,24.02622222222222
196803,40.39623430962345
196804,51.762231759656665
196805,56.51208333333334
196806,69.39956896551723
196807,72.45435684647303
196808,72.76721991701244
196809,64.97359307359307
196810,53.51286307053942
196811,42.835344827586205
196812,29.926890756302523
196901,25.982426778242683
196902,29.385116279069763
196903,34.24728033472803
196904,51.09871794871794
196905,60.40041841004184
196906,66.66034482758623
196907,72.88739495798322
196908,71.55541125541124
196909,63.29740259740257
196910,52.47708333333335
196911,39.02086956521738
196912,27.495762711864415
197001,19.715062761506278
197002,27.215668202764974
197003,34.25146443514644
197004,51.26206896551724
197005,63.23750000000003
197006,69.52317596566522
197007,72.55477178423239
197008,71.89958158995817
197009,67.40434782608693
197010,55.26929460580914
197011,41.72008733624454
197012,33.110416666666666
197101,22.23302752293578
197102,28.563775510204067
197103,33.538709677419355
197104,46.737142857142864
197105,57.29170506912444
197106,71.8161904761905
197107,70.80092165898614
197108,69.17050691244239
197109,66.59666666666665
197110,59.31013824884791
197111,40.42619047619049
197112,36.727649769585256
197201,26.423963133640562
197202,25.84876847290641
197203,34.21981566820277
197204,46.68809523809524
197205,60.29539170506913
197206,63.916190476190486
197207,71.47188940092167
197208,69.45622119815668
197209,64.10666666666667
197210,48.762211981566786
197211,38.96285714285714
197212,33.26543778801843
197301,31.4483870967742
197302,28.435714285714287
197303,45.61290322580645
197304,49.899999999999984
197305,56.65806451612903
197306,72.25
197307,75.02580645161292
197308,75.78387096774193
197309,69.69666666666666
197310,59.83870967741935
197311,46.65517241379312
197312,34.148387096774194
197401,31.332258064516118
197402,26.435714285714283
197403,37.13870967741935
197404,50.45000000000001
197405,56.31612903225805
197406,67.38666666666668
197407,74.11612903225803
197408,73.16451612903225
197409,63.09333333333331
197410,52.777419354838706
197411,43.94666666666664
197412,32.896
197501,32.43333333333333
197502,29.817857142857147
197503,33.2483870967742
197504,41.046666666666674
197505,62.824137931034464
197506,73.825
197507,75.4258064516129
197508,73.36774193548386
197509,61.217241379310344
197510,57.570370370370355
197511,48.893333333333345
197512,32.870967741935495
197601,23.06129032258064
197602,35.82413793103448
197603,43.213333333333324
197604,51.28333333333333
197605,58.67419354838711
197606,72.83333333333334
197607,74.26774193548388
197608,73.03548387096778
197609,68.11333333333334
197610,54.267741935483905
197611,41.153571428571425
197612,28.635483870967754
197701,13.278571428571428
197702,27.625000000000007
197703,42.825268817204304
197704,51.51657142857144
197705,63.453296703296715
197706,66.90055555555556
197707,76.80268817204303
197708,72.57204301075272
197709,67.8
197710,52.39261744966442
197711,44.3040322580645
197712,28.580645161290324
197801,21.09891891891892
197802,17.64761904761904
197803,31.56612903225806
197804,46.19888268156425
197805,58.94594594594594
197806,70.6177777777778
197807,74.24516129032257
197808,74.20698924731184
197809,70.24767441860466
197810,53.07640449438203
197811,44.73475609756099
197812,33.13924731182796
197901,21.89032258064517
197902,18.767261904761913
197903,38.59301075268818
197904,45.544444444444444
197905,59.05493827160494
197906,69.20795454545454
197907,72.36270270270268
197908,71.39139784946236
197909,65.70166666666667
197910,52.51935483870968
197911,44.02558139534882
197912,35.18279569892473
198001,27.786781609195394
198002,24.65058823529412
198003,34.423913043478265
198004,47.975555555555566
198005,62.0413978494624
198006,67.69500000000001
198007,75.33703703703699
198008,75.54999999999998
198009,68.63988764044944
198010,52.48956043956042
198011,43.28983050847458
198012,30.99889502762431
198101,23.48154761904762
198102,32.233108108108105
198103,39.137820512820504
198104,53.06484848484849
198105,58.862643678160914
198106,71.12360248447209
198107,75.75028901734103
198108,73.27613636363634
198109,64.52951807228916
198110,52.90182926829272
198111,44.54085365853658
198112,32.94191616766468
198201,21.526582278481023
198202,26.240277777777784
198203,36.25812500000002
198204,45.51017964071855
198205,64.75649717514123
198206,64.8277027027027
198207,75.49860465116278
198208,70.64090909090908
198209,65.2908424908425
198210,57.858695652173914
198211,46.31305970149257
198212,41.312631578947375
198301,31.62000000000001
198302,34.523529411764706
198303,41.34178571428572
198304,47.664309764309756
198305,58.34483870967743
198306,71.87569444444443
198307,78.4383116883117
198308,77.39126213592236
198309,69.04503546099289
198310,55.81854838709679
198311,45.20000000000002
198312,29.26607142857143
198401,26.949402390438266
198402,39.38026315789472
198403,33.13430656934305
198404,48.523293172690735
198405,56.882031249999976
198406,74.09999999999995
198407,74.17905138339923
198408,74.9510563380282
198409,65.48143939393943
198410,60.284738955823315
198411,43.171291866028696
198412,39.08457943925233
198501,24.207441860465117
198502,27.267808219178075
198503,41.91797235023043
198504,56.98047619047622
198505,64.07619047619049
198506,64.00077220077219
198507,70.56945454545453
198508,69.07093333333334
198509,65.5728767123288
198510,53.45718749999999
198511,42.89613526570049
198512,24.154854368932032
198601,26.3894472361809
198602,27.533789954337898
198603,39.16357142857143
198604,48.8394409937888
198605,58.40355029585798
198606,65.16207951070336
198607,71.72077922077922
198608,67.46168224299065
198609,64.3803738317757
198610,52.34454545454548
198611,38.61115241635689
198612,30.682068965517253
198701,27.379090909090905
198702,29.807560137457045
198703,38.09136904761905
198704,45.804761904761925
198705,60.48258258258259
198706,68.13612903225807
198707,72.14906832298138
198708,70.17967741935485
198709,65.16366666666671
198710,49.327551020408166
198711,46.146236559139794
198712,35.23345070422535
198801,26.539655172413795
198802,27.201339285714287
198803,38.68593155893535
198804,48.6134328358209
198805,62.43476702508959
198806,72.20296296296293
198807,78.71075268817202
198808,76.9546762589928
198809,65.89222222222222
198810,48.30752688172043
198811,44.181111111111115
198812,31.464028776978424
198901,34.27978723404256
198902,26.180933852140072
198903,37.715714285714284
198904,46.232103321033215
198905,57.59698113207546
198906,69.85624999999999
198907,75.83104838709677
198908,73.4844262295082
198909,66.18541666666667
198910,55.19253731343282
198911,40.835984848484834
198912,21.173741007194245
199001,36.03297491039426
199002,34.95560000000002
199003,42.778853046594996
199004,50.84111111111112
199005,58.176702508960595
199006,70.22117647058825
199007,73.86330935251802
199008,72.25298013245033
199009,65.98372881355934
199010,55.35825242718443
199011,47.29125874125872
199012,36.631067961165044
199101,28.919934640522875
199102,34.22435424354243
199103,41.79507042253521
199104,53.56938775510203
199105,66.83301282051283
199106,72.88190789473684
199107,75.94174757281556
199108,74.580534351145
199109,66.3375
199110,56.491437308868505
199111,41.23020527859237
199112,34.90749279538906
199201,30.670245398773
199202,33.141049382716055
199203,37.06618911174787
199204,47.5036253776435
199205,58.79797101449272
199206,65.66996996996994
199207,70.31750741839765
199208,69.05964391691394
199209,65.10384615384613
199210,52.64303797468354
199211,42.857499999999995
199212,35.471923076923076
199301,32.090843373493975
199302,25.645989304812822
199303,33.720286396181386
199304,48.65286103542235
199305,60.02938271604937
199306,66.07591743119268
199307,74.9785894206549
199308,75.67261306532664
199309,63.4262086513995
199310,52.57220902612827
199311,42.37525773195875
199312,31.242922374429227
199401,21.386284289276812
199402,26.957758620689653
199403,36.781701030927834
199404,51.649876543209864
199405,57.576844783715025
199406,72.10518134715024
199407,75.61227621483378
199408,71.9938829787234
199409,66.48256880733948
199410,56.045209580838375
199411,48.61288343558282
199412,38.00239520958084
199501,29.935988200589964
199502,26.97614035087719
199503,40.54570446735396
199504,46.92463768115942
199505,60.66350364963502
199506,72.85144927536231
199507,76.58111455108359
199508,77.87400000000002
199509,65.1027777777778
199510,57.29335347432021
199511,38.034768211920515
199512,27.959076923076925
199601,26.352978056426316
199602,29.139298245614025
199603,33.36625386996905
199604,48.037455830388716
199605,59.041522491349504
199606,72.04505119453928
199607,74.71428571428575
199608,75.73545816733068
199609,66.66407407407408
199610,56.56451612903222
199611,38.51592592592592
199612,36.80583941605839
199701,28.317857142857154
199702,36.48630136986303
199703,42.086557377049175
199704,48.76303030303033
199705,56.903225806451594
199706,71.4069696969697
199707,74.78475073313783
199708,70.1935483870968
199709,65.17199999999997
199710,54.59740259740262
199711,40.4738255033557
199712,35.01558441558439
199801,36.897333333333336
199802,38.75524475524474
199803,42.70322580645161
199804,51.87978142076502
199805,66.753007518797
199806,69.81644295302017
199807,73.05051194539243
199808,72.9203225806451
199809,68.51433333333337
199810,54.7355633802817
199811,45.21406844106461
199812,37.46350364963504
199901,30.77039106145254
199902,35.384459459459435
199903,36.211918604651125
199904,52.44460431654673
199905,63.172629310344824
199906,72.14199999999998
199907,77.51249999999995
199908,70.3246666666667
199909,65.26497584541069
199910,53.37540983606558
199911,46.31897321428569
199912,33.85334773218145
200001,26.60853970964986
200002,36.1450045829514
200003,45.33872881355931
200004,49.83330396475771
200005,64.06132497761863
200006,70.59835766423366
200007,70.7276909722222
200008,70.48145922746781
200009,63.41720142602496
200010,55.99956896551721
200011,40.55098039215691
200012,22.224312714776623
200101,28.315200683176766
200102,33.90829406220549
200103,36.35539383561646
200104,54.51674087266255
200105,61.945694799659044
200106,69.27339857651245
200107,72.74901960784312
200108,72.82752000000002
200109,62.2426984126984
200110,54.28176881303336
200111,48.154377510040185
200112,37.64905808477237
200201,34.640712074303394
200202,34.57643153526972
200203,39.18045454545455
200204,52.69992094861665
200205,57.306601650412546
200206,71.68474980142966
200207,76.76790310370933
200208,74.26410835214449
200209,68.72046511627909
200210,52.26291883842149
200211,40.84506604506608
200212,31.444226415094327
200301,22.41083142639205
200302,25.691476793248924
200303,40.651963746223565
200304,51.9437791601866
200305,59.72820512820513
200306,66.93905279503102
200307,72.30937972768533
200308,72.64943310657604
200309,63.20595975232199
200310,51.82348541510843
200311,47.064034401876455
200312,33.63133433283357
200401,23.68984962406015
200402,30.91317269076307
200403,42.49910179640719
200404,51.88905279503107
200405,65.39549549549557
200406,69.17942768754835
200407,72.70067618332085
200408,69.27250384024579
200409,66.25878644602052
200410,54.3092203898051
200411,45.71713178294571
200412,32.12356927710843
200501,29.595527426160334
200502,32.530336058128974
200503,35.6188589540412
200504,51.78987240829345
200505,57.246927803379435
200506,73.4681746031746
200507,74.87291178766586
200508,73.89384615384614
200509,67.59606694560672
200510,54.18292496171519
200511,44.77230646448522
200512,27.499069767441867
200601,38.45250391236304
200602,31.37042735042736
200603,38.75038580246913
200604,53.822284794851186
200605,59.75433436532506
200606,68.34574383452669
200607,75.00552570990021
200608,73.72747169811323
200609,62.65580670303976
200610,51.32884615384613
200611,44.570689655172416
200612,38.89575070821528
200701,33.35007082152974
200702,20.325077639751534
200703,44.096949891067545
200704,48.55048835462059
200705,64.84071174377227
200706,71.3985096870343
200707,71.41544011544018
200708,75.05007112375533
200709,67.31654829545454
200710,60.213416320885194
200711,42.57905308464849
200712,33.34959514170038
200801,30.04082044384668
200802,28.547601744186046
200803,36.90923694779115
200804,53.36076923076925
200805,58.36616194865043
200806,71.52715185444364
200807,73.7794924554184
200808,71.17898648648652
200809,67.13743807501771
200810,52.45434491978607
200811,41.69224489795919
200812,31.059033078880407
200901,21.719250000000002
200902,32.05895316804407
200903,40.522705314009656
200904,50.66057692307693
200905,61.62436194895592
200906,69.09210526315789
200907,67.70446428571428
