194204,68.42333333333335
194205,74.78387096774198
194206,79.25000000000001
194207,83.20967741935482
194208,79.8645161290323
194209,77.20666666666668
194210,69.57419354838711
194211,61.96666666666669
194212,54.932258064516134
194301,54.78709677419354
194302,54.27500000000001
194303,60.23548387096771
194304,67.45666666666666
194305,76.12903225806451
194306,81.56000000000002
194307,81.31612903225806
194308,81.42903225806451
194309,75.7333333333333
194310,65.64193548387097
194311,57.053333333333335
194312,52.283870967741926
194401,50.919354838709694
194402,59.76896551724141
194403,62.70000000000001
194404,66.69666666666667
194405,75.00322580645164
194406,81.92333333333336
194407,78.36129032258063
194408,79.13548387096772
194409,78.17666666666665
194410,67.03225806451614
194411,58.21
194412,48.89032258064514
194501,51.36451612903225
194502,48.91160714285714
194503,59.422
194504,62.617525773195915
194505,66.95612903225806
194506,76.43180212014133
194507,77.84749163879603
194508,76.76531986531982
194509,75.79305555555555
194510,62.69719298245613
194511,54.5772727272727
194512,39.35381818181818
194601,43.577419354838725
194602,45.99761904761906
194603,52.680952380952384
194604,60.49555555555554
194605,68.65351351351352
194606,74.05866666666667
194607,76.2782258064516
194608,74.16612903225807
194609,71.5859259259259
194610,63.62585034013607
194611,55.07101449275362
194612,44.95138888888888
194701,45.54189189189187
194702,34.523484848484834
194703,41.290344827586196
194704,57.54125874125872
194705,67.28263888888885
194706,73.2482269503546
194707,77.18150684931506
194708,79.13931034482754
194709,73.01870503597122
194710,65.97094594594591
194711,49.3452830188679
194712,40.466666666666676
194801,32.46875
194802,39.83274021352312
194803,50.27284768211921
194804,57.84863013698626
194805,66.22996632996639
194806,73.71643835616432
194807,77.81621621621623
194808,75.5083892617449
194809,69.56082474226803
194810,56.97285223367693
194811,54.32291666666671
194812,43.18471760797343
194901,44.80778301886788
194902,45.68067632850239
194903,47.23369565217393
194904,55.29887892376682
194905,65.36113537117907
194906,74.18878923766819
194907,79.23590308370049
194908,75.58991228070182
194909,67.05977272727273
194910,62.56711111111111
194911,48.39521640091119
194912,42.48989010989009
195001,48.89956043956043
195002,40.47737226277375
195003,43.80437636761487
195004,53.417045454545466
195005,64.03969298245613
195006,73.14502262443433
195007,74.82813186813188
195008,73.75645514223197
195009,66.99023809523813
195010,60.668822170900704
195011,46.59500000000001
195012,35.35437788018434
195101,40.04423963133642
195102,39.450255102040806
195103,45.67396313364055
195104,55.30974358974356
195105,63.82555831265509
195106,72.33102564102563
195107,77.17333333333336
195108,75.88602150537638
195109,70.27755555555554
195110,62.263616557734245
195111,45.12488888888888
195112,43.18346774193548
195201,44.15604838709678
195202,43.19676724137932
195203,47.124193548387105
195204,58.037291666666654
195205,66.08971774193552
195206,77.50187500000003
195207,78.92258064516129
195208,75.55040322580648
195209,69.17
195210,56.330846774193546
195211,49.909166666666685
195212,40.86299376299375
195301,43.79858870967743
195302,44.79263392857141
195303,49.80443548387095
195304,57.566458333333344
195305,70.96040404040404
195306,74.14895833333327
195307,78.25766129032262
195308,76.12323232323236
195309,70.18041666666664
195310,61.36229838709675
195311,49.15666666666667
195312,43.222177419354836
195401,40.14354838709679
195402,45.704017857142865
195403,47.700806451612905
195404,61.225
195405,63.08104838709672
195406,74.61312500000005
195407,77.89294354838714
195408,76.4756048387097
195409,73.36937499999996
195410,62.27520161290327
195411,46.928541666666675
195412,39.50020161290324
195501,38.18738532110093
195502,41.58750000000002
195503,51.61428571428572
195504,61.072857142857124
195505,68.5414746543779
195506,71.26809523809523
195507,80.09262672811064
195508,78.31935483870964
195509,71.21095238095239
195510,61.10599078341015
195511,48.59023809523808
195512,37.53571428571426
195601,37.498156682027634
195602,45.86389610389612
195603,48.095533498759295
195604,56.75692307692308
195605,66.52357320099249
195606,74.72846153846153
195607,77.47766749379647
195608,76.90769230769232
195609,69.35692307692307
195610,62.25037220843674
195611,49.8769230769231
195612,50.37171215880895
195701,39.38734491315137
195702,45.73406593406594
195703,48.755086848635216
195704,61.61999999999999
195705,68.66799007444169
195706,76.01666666666667
195707,78.45285359801488
195708,75.58709677419353
195709,72.37846153846151
195710,56.954838709677496
195711,52.60435897435897
195712,44.66600496277915
195801,36.59702233250622
195802,35.249175824175836
195803,44.59999999999999
195804,58.51076923076926
195805,66.59746543778805
195806,72.74238095238093
195807,79.59252336448596
195808,76.82004716981132
195809,71.01307506053267
195810,60.373004694835664
195811,53.9546568627451
195812,37.39905660377359
195901,39.322588832487305
195902,43.86477272727273
195903,49.08654353562004
195904,60.77272727272728
195905,70.71542699724519
195906,76.2125
195907,78.01763085399452
195908,79.40469613259667
195909,72.8928774928775
195910,63.97575757575759
195911,50.957817109144536
195912,44.3574780058651
196001,41.69413489736068
196002,41.54608150470219
196003,39.12932551319646
196004,62.68515151515149
196005,66.42903225806452
196006,74.90151515151517
196007,76.9873900293255
196008,78.06187683284458
196009,71.73484848484848
196010,61.6099706744868
196011,52.3621212121212
196012,36.70152905198776
196101,35.59221183800623
196102,44.65066666666667
196103,52.73027522935781
196104,55.51424050632908
196105,64.45448916408668
196106,73.13333333333331
196107,78.49395770392749
196108,76.94924924924925
196109,74.42358490566038
196110,61.73951367781154
196111,54.08173076923073
196112,42.23157894736841
196201,39.81215805471124
196202,43.13973509933774
196203,46.917220543806636
196204,58.505624999999995
196205,70.91201201201201
196206,74.13867924528304
196207,75.67305555555554
196208,75.98343373493972
196209,68.69562499999999
196210,62.19492537313434
196211,48.1329192546584
196212,36.98068535825546
196301,36.290519877675834
196302,35.2695945945946
196303,52.6607476635514
196304,60.629559748427674
196305,66.13957703927495
196306,73.84276729559748
196307,76.9547400611621
196308,76.19756838905778
196309,67.763125
196310,61.57243401759534
196311,51.71319018404907
196312,34.74641744548287
196401,40.72522522522522
196402,39.39055374592833
196403,49.93014925373136
196404,57.534782608695686
196405,68.24832826747723
196406,75.59751552795028
196407,76.95074626865672
196408,75.41583577712608
196409,70.82896341463415
196410,56.99354838709678
196411,54.239263803680984
196412,45.10364741641337
196501,39.906885245901634
196502,41.72410071942444
196503,46.752903225806456
196504,57.50966666666665
196505,71.61753246753247
196506,72.63066666666666
196507,76.46850649350651
196508,76.76903225806453
196509,72.52751677852349
196510,60.09528619528618
196511,53.04285714285716
196512,45.56153846153844
196601,37.772563176895304
196602,41.300793650793665
196603,50.73082437275986
196604,57.32814814814816
196605,66.3241007194245
196606,73.90444444444447
196607,79.80433212996391
196608,76.45519713261649
196609,71.06753731343285
196610,60.222402597402585
196611,51.77601351351352
196612,42.01601307189541
196701,44.4297385620915
196702,40.15642857142857
196703,49.97322580645163
196704,60.89966666666667
196705,62.743181818181796
196706,72.06033333333335
196707,75.51741935483868
196708,74.73225806451612
196709,67.51476510067113
196710,59.80419354838708
196711,48.55236486486486
196712,45.90098684210526
196801,37.27305194805196
196802,37.329166666666666
196803,52.04483870967741
196804,59.85637583892619
196805,66.16201298701297
196806,76.1003333333333
196807,78.82792207792208
196808,79.49354838709678
196809,72.19463087248323
196810,63.45709677419359
196811,52.50302013422818
196812,41.03019480519479
196901,39.125324675324684
196902,40.74640287769784
196903,45.75612903225806
196904,61.42233333333335
196905,68.42032258064518
196906,76.96099999999998
196907,78.831045751634
196908,76.48258064516128
196909,71.08791946308726
196910,62.326451612903206
196911,49.9721476510067
196912,40.43529411764707
197001,34.1165191740413
197002,40.81993464052288
197003,46.56187683284459
197004,58.77969696969698
197005,68.77345132743362
197006,75.2869696969697
197007,77.70412979351029
197008,78.09970674486804
197009,75.19420731707316
197010,64.64428152492671
197011,52.148170731707346
197012,45.28702064896753
197101,38.35650887573962
197102,42.98724832214766
197103,47.41828908554573
197104,58.31779141104294
197105,65.33215339233035
197106,75.96189024390242
197107,77.44835820895517
197108,75.4774193548387
197109,73.88963414634145
197110,67.0555223880597
197111,52.340243902439006
197112,51.388955223880586
197201,42.143369175627235
197202,38.60536398467431
197203,46.846594982078855
197204,55.44407407407404
197205,63.83285198555959
197206,70.11567164179105
197207,76.9641791044776
197208,75.69044117647063
197209,70.99809885931559
197210,57.60743494423792
197211,48.97862595419844
197212,45.8015037593985
197301,39.546341463414635
197302,39.46788990825688
197303,53.45934959349594
197304,56.638333333333314
197305,64.54836065573774
197306,75.41583333333332
197307,76.7188524590164
197308,75.66774193548386
197309,71.78823529411764
197310,61.51557377049179
197311,53.34000000000002
197312,42.18482142857142
197401,48.40081300813007
197402,41.48090909090909
197403,51.974999999999994
197404,59.60333333333333
197405,66.22845528455284
197406,70.20336134453783
197407,75.5336448598131
197408,74.56129032258062
197409,68.34537815126052
197410,57.90737704918032
197411,50.15250000000001
197412,41.92166666666665
197501,42.38934426229509
197502,44.348648648648656
197503,46.724193548387106
197504,54.48319327731094
197505,66.86554621848742
197506,73.07166666666666
197507,74.50241935483868
197508,76.633064516129
197509,68.63248407643314
197510,63.02344139650872
197511,54.55128205128203
197512,42.71726804123712
197601,38.02185929648241
197602,48.962463343108496
197603,54.58163265306123
197604,59.99766839378236
197605,64.08734491315134
197606,72.66615384615385
197607,75.73870967741931
197608,74.55486284289275
197609,69.64641025641025
197610,56.33076923076922
197611,45.23505154639172
197612,40.68028169014082
197701,31.185797101449268
197702,40.95086206896551
197703,53.78686327077748
197704,60.319788918205816
197705,67.19064039408865
197706,72.51060606060607
197707,79.03857493857494
197708,76.95626535626533
197709,72.48948717948717
197710,58.12899262899261
197711,53.30239361702128
197712,42.088888888888896
197801,35.31185983827492
197802,32.083988764044946
197803,45.85579514824798
197804,56.545595854922276
197805,63.58145363408519
197806,73.30185185185185
197807,75.93703703703702
197808,77.60694789081886
197809,71.86119791666668
197810,59.75365853658534
197811,54.98982558139534
197812,45.14173669467787
197901,38.03474999999999
197902,33.67138888888888
197903,49.707160493827175
197904,56.670483460559794
197905,65.14642032332563
197906,70.22333333333333
197907,75.57986111111111
197908,76.22431192660551
197909,70.13463414634147
197910,59.23788235294117
197911,54.31526315789473
197912,43.76768867924527
198001,39.24523809523809
198002,35.14632352941176
198003,45.354566210045654
198004,56.952764976958505
198005,66.24062499999998
198006,72.4627078384798
198007,78.51284403669725
198008,78.15724137931034
198009,74.07688679245287
198010,58.725464190981434
198011,48.54213483146065
198012,40.57296587926509
198101,32.00752688172043
198102,41.73491124260356
198103,44.43324468085107
198104,60.18930481283423
198105,63.39601063829787
198106,75.91805555555553
198107,76.62365591397848
198108,73.49549071618036
198109,68.62908653846152
198110,57.221609195402294
198111,49.45475
198112,38.43586698337292
198201,33.9637037037037
198202,42.37425149700598
198203,49.07634069400631
198204,55.25289256198345
198205,68.92471482889735
198206,71.39754098360658
198207,75.87661290322582
198208,73.79331210191083
198209,69.23903903903903
198210,59.76023054755042
198211,52.64413580246913
198212,48.19371428571427
198301,38.78202898550724
198302,40.359375
198303,48.69554317548744
198304,54.529411764705884
198305,64.65326086956522
198306,72.90812324929973
198307,79.04101876675603
198308,78.04028169014083
198309,71.20166204986147
198310,61.11780821917808
198311,50.86742209631729
198312,39.51521739130437
198401,35.681699346405225
198402,45.652888888888896
198403,45.228859060402684
198404,55.405821917808204
198405,65.9139751552795
198406,75.03234323432345
198407,73.81636363636363
198408,75.8846153846154
198409,66.56509803921571
198410,64.04717741935485
198411,46.58349514563107
198412,47.570416666666674
198501,32.101724137931036
198502,37.82889908256881
198503,48.993032786885244
198504,60.65201612903227
198505,66.09339933993401
198506,71.76928571428569
198507,75.57841726618706
198508,74.41565836298932
198509,70.13862815884475
198510,61.64784313725493
198511,56.34764705882353
198512,38.19485714285713
198601,36.04502617801047
198602,38.47777777777777
198603,47.475545851528366
198604,55.7668016194332
198605,64.19291044776118
198606,73.69609374999999
198607,79.53538461538461
198608,73.5174825174825
198609,69.57736486486488
198610,60.55638629283489
198611,50.45209790209791
198612,40.5951388888889
198701,35.7763440860215
198702,36.59724770642201
198703,44.67747035573123
198704,52.16679389312977
198705,65.88832684824901
198706,73.66653386454185
198707,77.91941391941391
198708,76.17067137809188
198709,69.54523809523809
198710,53.05361702127659
198711,50.09414414414417
198712,42.2338028169014
198801,32.391402714932134
198802,38.11004566210045
198803,46.738207547169814
198804,53.12467532467534
198805,62.94102564102564
198806,70.48931623931625
198807,76.67848101265824
198808,76.71502145922749
198809,66.95347826086957
198810,52.913865546218496
198811,49.712775330396475
198812,38.53433476394848
198901,41.10811965811967
198902,38.00873362445414
198903,44.913698630136984
198904,53.34866920152092
198905,61.45397489539751
198906,73.14592274678108
198907,75.3963963963964
198908,72.85193133047208
198909,67.94598214285713
198910,58.81659388646288
198911,49.25679611650486
198912,30.13954545454546
199001,43.037037037037045
199002,46.02536585365854
199003,49.02543103448276
199004,54.81826484018266
199005,62.51521739130433
199006,71.50358744394622
199007,75.72330508474577
199008,73.51802575107298
199009,67.16140350877194
199010,61.347659574468096
199011,53.206701030927825
199012,46.143814432989686
199101,39.02994923857869
199102,42.18941798941798
199103,48.07692307692309
199104,56.51302325581395
199105,68.79417040358746
199106,73.21952380952378
199107,77.03066666666666
199108,75.23933649289101
199109,68.08076923076925
199110,58.3065
199111,48.08510638297872
199112,44.754404145077714
199201,39.68631578947368
199202,41.2005376344086
199203,46.07428571428574
199204,55.375210084033604
199205,59.681818181818194
199206,68.67510204081633
199207,76.86053639846743
199208,71.38095238095237
199209,68.3413680781759
199210,54.93520249221185
199211,48.673355263157895
199212,40.00885245901638
199301,40.65714285714285
199302,35.53762711864408
199303,42.88927335640137
199304,54.537777777777784
199305,65.67670250896059
199306,73.30407407407411
199307,80.41407942238266
199308,76.71949458483756
199309,70.64514925373135
199310,56.61146953405017
199311,48.906976744186046
199312,37.30860215053763
199401,31.438709677419354
199402,38.13552631578947
199403,46.56824817518247
199404,61.271111111111104
199405,61.881227436823124
199406,75.33777777777777
199407,77.18179012345678
199408,72.56197530864198
199409,64.3872197309417
199410,53.96819126819125
199411,50.03650793650792
199412,41.629493087557606
199501,37.02478421701602
199502,33.87738095238095
199503,47.239307048984465
199504,54.445443349753674
199505,62.67245240761474
199506,70.1905311778291
199507,76.70934256055364
199508,75.63098729227761
199509,65.4258585858586
199510,57.39628543499511
199511,41.43458417849897
199512,33.36172718351325
199601,32.60107526881718
199602,35.81289340101523
199603,39.679864472410465
199604,53.78919191919191
199605,62.565426052889386
199606,71.86545454545455
199607,73.1216944801027
199608,71.65171065493645
199609,65.91864754098359
199610,55.77374631268436
199611,39.95121212121213
199612,39.80666013712047
199701,34.03874139626352
199702,41.26824894514768
199703,47.89078341013825
199704,51.23601532567051
199705,59.82423681776134
199706,68.77485659655835
199707,75.82831858407073
199708,72.38072519083974
199709,66.54792899408284
199710,54.82519083969464
199711,42.318145161290325
199712,37.00381679389313
199801,40.425493716337506
199802,41.11570576540755
199803,45.27360861759426
199804,55.20436432637571
199805,65.4527573529412
199806,71.49462962962961
199807,75.48312159709616
199808,74.76612903225806
199809,71.81388888888888
199810,57.44910071942445
199811,47.75481481481481
199812,43.21449814126391
199901,41.21958598726116
199902,40.016213592232994
199903,42.794485596707794
199904,56.65419034090914
199905,64.11667810569664
199906,71.20007092198581
199907,78.07177700348431
199908,75.41400437636761
199909,67.08394758394759
199910,55.48989280245026
199911,51.54564285714287
199912,40.92864044168391
200001,35.486503067484655
200002,42.26120120120119
200003,51.035469364811696
200004,55.277080957810725
200005,67.89335180055402
200006,73.80023724792406
200007,73.49347954949616
200008,73.13833992094861
200009,66.89784431137724
200010,57.952564841498535
200011,44.906402793946455
200012,31.764640267707772
200101,35.927948574622704
200102,42.312974296205624
200103,43.306211527700064
200104,57.816790830945536
200105,64.00919931856902
200106,73.02578947368421
200107,73.11750972762647
200108,75.64849972722314
200109,66.07372222222222
200110,57.06609164420479
200111,52.80650452488686
200112,45.31220450797144
200201,41.72000000000001
200202,42.264105642256894
200203,48.69237739872068
200204,59.92447859495057
200205,64.35132696390663
200206,74.56661120354954
200207,78.04127068873473
200208,77.03858310626696
200209,70.93865030674847
200210,59.178972972973
200211,46.27455456570157
200212,37.6623940677966
200301,32.49729290741744
200302,36.194219308700816
200303,49.09178302900107
200304,56.15592105263159
200305,62.93182302771856
200306,70.8581666666666
200307,75.88538135593218
200308,76.48243746673765
200309,68.3664519906323
200310,56.966576964477945
200311,52.99855475264033
200312,38.4416082029142
200401,33.726940382452185
200402,37.63522316043426
200403,49.31443941109852
200404,56.97634660421545
200405,70.08094462540716
200406,72.03774224806199
200407,75.85157407407402
200408,72.89869646182498
200409,68.72843691148778
200410,57.94534990791896
200411,50.316778523489944
200412,40.09489655172414
200501,39.02450777202072
200502,39.96859045504992
200503,43.16630790828264
200504,56.58062015503876
200505,61.4541926209871
200506,73.5762994754411
200507,78.45792972459638
200508,77.63156384505027
200509,72.05251256281406
200510,59.76600284495023
200511,51.28809293320427
200512,37.036592449177164
200601,44.31399999999999
200602,39.148397435897444
200603,47.50601066408144
200604,59.33571790969053
200605,63.22464616886285
200606,72.16960685483873
200607,77.51882411067191
200608,77.92299012693933
200609,66.58741496598635
200610,56.65926622765757
200611,50.72898961284232
200612,45.027334851936224
200701,42.36821880650994
200702,33.91001487357462
200703,50.75016091954025
200704,54.98004608294933
200705,65.69613696224759
200706,73.57995495495496
200707,75.92866492146594
200708,78.57758852532503
200709,71.08415178571431
200710,64.93071643071639
200711,48.7369881109643
200712,43.587982832618025
200801,38.599704142011824
200802,42.582769652650825
200803,49.12070750647109
200804,57.31161987041037
200805,63.422255067567555
200806,76.14317663167503
200807,76.30678402747961
200808,74.12251626898052
200809,70.04414963027406
200810,56.45400682011933
200811,47.49017094017095
200812,45.00901639344261
200901,35.47399030694668
200902,41.72096774193548
200903,46.01116504854369
200904,58.059450171821304
200905,66.66166394779772
200906,73.89949999999999
200907,74.53187499999999
