194112,50.540000000000006
194201,45.30322580645161
194202,45.46785714285715
194203,55.97419354838711
194204,68.3857142857143
194205,74.26666666666668
194206,80.04237288135592
194207,83.38360655737705
194208,79.0951612903226
194209,74.65666666666668
194210,66.23064516129033
194211,57.154999999999994
194212,49.570967741935476
194301,50.04838709677419
194302,49.11309523809524
194303,53.177419354838726
194304,63.755555555555546
194305,74.3032258064516
194306,82.07444444444451
194307,81.91075268817207
194308,82.13010752688173
194309,72.53555555555553
194310,62.06989247311826
194311,50.7622222222222
194312,45.63870967741934
194401,45.75806451612904
194402,53.973563218390815
194403,56.554838709677426
194404,62.14555555555553
194405,73.51290322580645
194406,81.00666666666665
194407,79.91182795698923
194408,78.61075268817201
194409,75.62000000000002
194410,63.629032258064505
194411,53.96666666666669
194412,44.256989247311836
194501,45.141935483870974
194502,53.00648148148147
194503,65.24132231404958
194504,67.6491379310345
194505,69.3
194506,80.18620689655172
194507,81.14777777777779
194508,80.83548387096774
194509,78.24500000000002
194510,64.1258064516129
194511,57.26666666666665
194512,43.15322580645162
194601,50.57499999999999
194602,54.38571428571428
194603,64.84838709677419
194604,70.96000000000001
194605,75.24838709677417
194606,80.86333333333333
194607,81.55806451612902
194608,82.12258064516129
194609,76.15
194610,69.22500000000001
194801,39.64354838709678
194802,51.37068965517241
194803,59.155645161290366
194804,67.4583333333333
194805,72.0766129032258
194806,78.6875
194807,79.94516129032256
194808,77.88548387096775
194809,72.67833333333333
194810,61.52096774193547
194811,57.1575
194812,50.75032258064513
194901,54.088940092165906
194902,54.391836734693875
194903,55.19400921658987
194904,62.27571428571426
194905,72.75253456221198
194906,77.28238095238096
194907,79.79032258064517
194908,78.17788018433178
194909,72.5985714285714
194910,69.10184331797234
194911,52.39142857142858
194912,50.064112903225805
195001,60.23991935483872
195002,54.18482142857142
195003,53.50967741935484
195004,60.07999999999998
195005,73.96693548387101
195006,78.18875
195007,77.07862903225806
195008,77.27137096774196
195009,72.56208333333332
195010,66.34193548387096
195011,48.89875
195012,42.5116935483871
195101,48.125403225806444
195102,49.76473214285714
195103,57.04556451612901
195104,61.734166666666674
195105,71.02540322580643
195106,78.25333333333333
195107,80.81048387096772
195108,82.0415322580645
195109,75.43333333333334
195110,66.56370967741934
195111,49.082083333333316
195112,51.164919354838695
195201,53.889516129032266
195202,52.2202586206897
195203,54.773790322580666
195204,61.95208333333331
195205,71.93991935483875
195206,82.2666666666667
195207,82.05524193548386
195208,78.97661290322583
195209,73.15962962962962
195210,59.15448028673837
195211,53.498888888888914
195212,47.670609318996426
195301,51.03942652329751
195302,51.11785714285712
195303,60.49892473118278
195304,62.62074074074075
195305,75.40645161290324
195306,81.15037037037037
195307,79.92867383512548
195308,79.40681003584228
195309,74.87925925925926
195310,66.5867383512545
195311,53.658888888888896
195312,47.32329749103943
195401,49.28494623655913
195402,53.83293650793651
195403,55.697132616487444
195404,68.66666666666667
195405,67.94121863799283
195406,80.11962962962963
195407,82.55089605734769
195408,83.5917562724014
195409,79.15481481481483
195410,66.33154121863798
195411,52.74851851851853
195412,47.0405017921147
195501,47.28553459119498
195502,52.21285714285715
195503,60.75677419354836
195504,68.48533333333333
195505,75.8536
195506,76.88416666666669
195507,80.07419354838707
195508,81.67983870967741
195509,78.9625
195510,65.69758064516128
195511,55.98416666666667
195512,50.99516129032258
195601,46.283870967741926
195602,57.54137931034484
195603,58.35161290322581
195604,64.80833333333334
195605,75.95725806451614
195606,78.09916666666668
195607,79.94919354838707
195608,80.92822580645161
195609,74.2683333333333
195610,67.87177419354839
195611,54.822500000000005
195612,57.57822580645161
195701,53.91612903225808
195702,59.663963963963965
195703,56.53467741935484
195704,66.93749999999999
195705,73.96935483870966
195706,79.8375
195707,81.86935483870965
195708,80.98870967741938
195709,75.14999999999999
195710,62.71693548387096
195711,58.58166666666667
195712,51.12250000000001
195801,43.38991596638655
195802,42.06666666666667
195803,54.760975609756095
195804,65.88119658119658
195805,73.33170731707317
195806,79.22941176470586
195807,79.68135593220339
195808,80.34615384615384
195809,76.24418604651162
195810,63.30245901639343
195811,56.751666666666694
195812,43.67177419354838
195901,43.774193548387096
195902,50.2080357142857
195903,53.71290322580646
195904,63.39083333333334
195905,73.56370967741937
195906,77.52666666666667
195907,79.93467741935486
195908,80.15806451612904
195909,75.20499999999998
195910,67.19516129032259
195911,52.18250000000001
195912,48.41612903225808
196001,45.54032258064516
196002,44.733620689655176
196003,46.36854838709679
196004,65.47583333333336
196005,69.35322580645162
196006,78.50833333333331
196007,81.3201612903226
196008,79.32016129032257
196009,75.32416666666671
196010,65.89354838709677
196011,54.29749999999999
196012,42.9508064516129
196101,39.95322580645162
196102,52.98839285714287
196103,58.48064516129031
196104,59.582499999999996
196105,68.48790322580645
196106,74.57083333333335
196107,78.06935483870967
196108,77.66129032258064
196109,75.24083333333333
196110,63.172580645161304
196111,56.30916666666666
196112,48.95483870967742
196201,43.65887096774193
196202,56.39107142857142
196203,52.74274193548386
196204,61.98666666666665
196205,77.58467741935482
196206,77.62499999999997
196207,81.46935483870968
196208,81.25725806451614
196209,75.44166666666665
196210,66.86290322580646
196211,52.559166666666684
196212,43.88306451612904
196301,40.122580645161285
196302,42.18124999999999
196303,59.50403225806453
196304,66.74416666666669
196305,72.14677419354837
196306,77.79333333333334
196307,78.91935483870968
196308,80.29354838709679
196309,74.16083333333336
196310,67.49516129032257
196311,54.87250000000002
196312,38.934677419354834
196401,44.420161290322596
196402,44.393965517241384
196403,55.570967741935505
196404,66.51333333333332
196405,72.57016129032259
196406,78.85916666666667
196407,77.74677419354838
196408,77.99596774193549
196409,75.41
196410,60.02983870967741
196411,56.47749999999999
196412,49.04677419354838
196501,47.138709677419364
196502,47.04017857142857
196503,52.020161290322555
196504,67.02166666666666
196505,74.08387096774194
196506,76.29333333333332
196507,78.53870967741932
196508,78.2741935483871
196509,75.25999999999999
196510,63.13629032258064
196511,58.355
196512,48.016935483870974
196601,40.845967741935475
196602,47.807142857142864
196603,54.399193548387096
196604,64.97000000000001
196605,70.39516129032255
196606,76.05666666666666
196607,81.85483870967745
196608,77.84999999999995
196609,73.48
196610,62.39032258064516
196611,55.568333333333335
196612,46.575806451612905
196701,46.75161290322582
196702,45.565178571428575
196703,60.63225806451614
196704,69.5875
196705,70.46370967741935
196706,77.86749999999999
196707,76.98709677419353
196708,75.63145161290322
196709,69.82333333333331
196710,62.16290322580645
196711,51.65666666666668
196712,51.115322580645156
196801,43.19032258064515
196802,40.675862068965515
196803,53.72500000000003
196804,65.22333333333336
196805,70.4024193548387
196806,79.10583333333332
196807,78.84677419354838
196808,79.85806451612902
196809,73.33833333333334
196810,64.58306451612906
196811,52.36916666666668
196812,44.098387096774196
196901,44.600806451612904
196902,46.683928571428574
196903,48.391935483870974
196904,65.29264705882355
196905,71.56965517241379
196906,79.27304964539007
196907,81.78896551724137
196908,77.90620689655174
196909,72.8901408450704
196910,65.85369127516779
196911,52.181884057971004
196912,46.44028776978418
197001,40.440277777777766
197002,46.109923664122135
197003,55.55068493150687
197004,67.90704225352113
197005,73.05931034482757
197006,76.60633802816905
197007,79.98255033557045
197008,79.21333333333332
197009,77.92808219178082
197010,65.8453947368421
197011,50.63310344827587
197012,51.42269503546101
197101,46.90960000000001
197102,47.14464285714285
197103,52.27661290322582
197104,63.03583333333334
197105,67.81451612903227
197106,78.11999999999998
197107,77.74596774193546
197108,77.75241935483871
197109,75.14583333333334
197110,68.34112903225807
197111,53.40999999999999
197112,56.28064516129033
197201,50.70725806451613
197202,48.57672413793104
197203,56.55967741935482
197204,64.865
197205,69.67338709677419
197206,76.12166666666666
197207,77.6766129032258
197208,78.79758064516128
197209,76.10583333333331
197210,63.714516129032276
197211,51.55333333333335
197212,50.20645161290324
197301,38.51666666666667
197302,38.88928571428571
197303,55.41034482758623
197304,56.813333333333354
197305,64.47741935483872
197306,73.12333333333336
197307,78.80000000000003
197308,75.32580645161292
197309,73.63793103448276
197310,61.180645161290315
197311,51.31333333333331
197312,41.11612903225806
197401,50.324999999999996
197402,44.035714285714285
197403,55.69354838709677
197404,58.53103448275865
197405,67.94074074074072
197406,70.07037037037036
197407,76.73870967741935
197408,73.17000000000002
197409,64.97307692307693
197410,56.05666666666665
197411,44.993333333333354
197412,41.961290322580666
197501,46.15161290322584
197502,46.58214285714286
197503,50.316129032258075
197504,60.380000000000024
197505,70.93999999999997
197506,76.5
197507,77.46129032258064
197508,78.02962962962964
197509,70.26785714285717
197510,63.38333333333332
197511,50.83928571428572
197512,42.05483870967741
197601,35.52903225806452
197602,45.078571428571436
197603,53.91071428571429
197604,59.56000000000001
197605,65.00322580645162
197606,73.03666666666668
197607,76.77096774193548
197608,76.55806451612904
197609,69.73000000000003
197610,57.66296296296295
197611,42.44090909090909
197612,38.76111111111111
197701,29.630434782608685
197702,40.48235294117647
197703,56.5375
197704,63.80800000000002
197705,69.48064516129034
197706,75.58148148148152
197707,82.12962962962963
197708,79.95483870967739
197709,74.98666666666671
197710,57.10327868852459
197711,53.35333333333334
197712,41.78148148148149
197801,31.704347826086963
197802,35.66071428571429
197803,46.24615384615384
197804,65.28333333333333
197805,68.3
197901,40.2
197902,43.82857142857143
197903,57.625
197904,64.0
197905,68.0
198002,39.53333333333334
198003,46.949999999999996
198008,80.57142857142857
198105,46.15
198110,55.0
198204,74.3
198305,53.47777777777778
198311,53.74000000000001
198312,41.48387096774194
198405,53.1
198702,54.220000000000006
198703,59.09999999999999
198704,65.04666666666667
198705,75.95161290322582
198706,79.93666666666668
198707,82.43225806451613
198708,82.69666666666669
198709,79.16896551724139
198710,65.56129032258065
198711,61.45333333333334
198712,58.39
198801,54.05
198802,52.0625
198803,58.772000000000006
198804,67.44666666666666
198805,73.25714285714287
198806,77.9857142857143
198807,81.37741935483872
198808,81.06129032258063
198809,81.16896551724136
198810,72.99090909090908
198811,65.97999999999999
198812,55.541935483870965
198901,58.61
198902,54.34285714285715
198903,60.10967741935484
198904,66.36666666666666
198905,75.23225806451613
198906,80.06666666666665
198907,81.48387096774194
198908,82.09032258064514
198909,77.79666666666667
198910,68.14516129032258
198911,62.11666666666666
198912,46.82903225806452
199001,55.48064516129033
199002,59.22142857142857
199003,61.79032258064515
199004,65.96666666666665
199005,74.22258064516126
199006,81.74666666666668
199007,82.00645161290325
199008,83.1741935483871
199009,80.06896551724138
199010,71.33214285714287
199011,63.66333333333333
199012,57.83548387096775
199101,53.73870967741936
199102,56.63928571428573
199103,61.958064516129035
199104,69.54666666666667
199105,75.69999999999999
199106,80.1
199107,82.28387096774195
199108,81.39444444444445
199109,76.33166666666666
199110,67.87580645161292
199111,53.769999999999996
199112,52.7016129032258
199201,48.19838709677419
199202,54.593103448275855
199203,58.019354838709674
199204,64.18225806451613
199205,69.55731707317074
199206,75.56339285714284
199207,79.13870967741936
199208,75.25393258426962
199209,72.88111111111114
199210,61.805376344086056
199211,52.76555555555557
199212,46.83516483516483
199301,49.05161290322581
199302,46.276785714285715
199303,53.09044943820227
199304,58.874444444444464
199305,68.5413978494624
199306,76.92500000000001
199307,81.40769230769232
199308,78.65752688172043
199309,73.70055555555555
199310,62.129032258064534
199311,53.61666666666667
199312,47.204444444444455
199401,44.382400000000025
199402,53.168067226890734
199403,57.79370370370372
199404,66.49440000000003
199405,69.60958333333339
199406,76.55485436893203
199407,76.3759090909091
199408,76.95291479820627
199409,73.05775862068964
199410,64.29227272727272
199411,59.552868852459035
199412,51.49179687500002
199501,47.58566176470583
199502,50.951405622490014
199503,60.085815602836846
199504,65.09222222222218
199505,74.2145390070922
199506,77.31449275362321
199507,81.9204347826087
199508,81.45384615384616
199509,74.46592920353983
199510,65.15758928571427
199511,51.857964601769886
199512,46.24254385964912
199601,45.22669491525424
199602,48.69136363636365
199603,51.60652173913045
199604,61.25759162303666
199605,73.77412935323385
199606,76.97142857142856
199607,79.91592356687896
199608,77.7528205128205
199609,73.45364583333334
199610,63.802538071065975
199611,54.79234693877552
199612,51.083919597989954
199701,48.035025380710664
199702,53.42151162790697
199703,62.85522388059702
199704,61.005940594059474
199705,68.64145077720204
199706,73.70714285714278
199707,80.28944723618092
199708,78.11909547738692
199709,76.85163043478258
199710,64.49849246231156
199711,52.25729166666665
199712,47.090049751243825
199801,50.03350253807105
199802,50.617582417582405
199803,53.93511111111113
199804,63.505612244897904
199805,75.15759162303672
199806,81.78281250000005
199807,81.82617801047122
199808,81.19135135135133
199809,77.38033707865165
199810,68.24117647058819
199811,59.862777777777765
199812,52.75251396648047
199901,52.89931506849313
199902,53.02948717948721
199903,54.79347079037797
199904,67.087912087912
199905,69.94087193460493
199906,76.39525065963065
199907,80.02222222222221
199908,81.82235649546834
199909,73.64999999999995
199910,64.37032640949545
199911,56.843529411764706
199912,47.59447513812158
200001,48.68320209973758
200002,55.06204986149578
200003,61.59392764857882
200004,63.209029649595735
200005,76.04908616187983
200006,78.72962466487942
200007,82.96259946949615
200008,81.53173575129537
200009,74.43203883495147
200010,66.09780927835065
200011,54.877732793522306
200012,41.899999999999984
200101,43.50310077519382
200102,54.56808510638299
200103,52.96950904392769
200104,66.03271276595753
200105,72.29755154639187
200106,76.45729442970821
200107,79.77325581395355
200108,78.27184210526319
200109,72.34027397260279
200110,62.59590792838878
200111,60.753188602442314
200112,52.4632596685082
200201,49.24507246376815
200202,47.764622641509455
200203,57.02999999999999
200204,68.06585014409221
200205,72.27667597765364
200206,77.95699708454818
200207,80.14957627118649
200208,79.76492957746474
200209,77.72121661721063
200210,69.27134831460678
200211,53.70975975975971
200212,47.36255506607926
200301,42.92820512820515
200302,50.530959752321955
200303,59.84394366197189
200304,65.03825214899715
200305,73.57647887323954
200306,76.80071942446054
200307,78.47331460674144
200308,79.21094182825495
200309,74.34134477825467
200310,65.6618457300276
200311,60.33352601156072
200312,46.62896935933144
200401,46.54789915966382
200402,47.76223880597005
200403,61.387950138504195
200404,63.556857142857176
200405,73.96931216931222
200406,76.70396825396821
200407,79.47371937639197
200408,77.17302631578953
200409,74.12362030905079
200410,68.82248394004279
200411,58.85620915032679
200412,46.30894396551726
200501,49.83080000000002
200502,51.77931547619047
200503,54.28449612403103
200504,62.27540322580646
200505,69.52637795275591
200506,77.3470666666667
200507,79.97585751978892
200508,80.13871391076118
200509,77.411095505618
200510,64.38184210526316
200511,57.04660326086957
200512,44.6005277044855
200601,52.2849333333333
200602,47.64782608695658
200603,57.51627906976745
200604,68.80768261964737
200605,72.15044150110376
200606,79.55625
200607,82.3840354767184
200608,82.41506696428567
200609,73.82943925233648
200610,63.97356979405041
200611,54.609341317365285
200612,51.02979414951244
200701,48.34376344086019
200702,46.32384887839434
200703,61.020597322348046
200704,61.17322097378276
200705,72.53841298467091
200706,79.19016853932581
200707,78.93702677746998
200708,83.51598440545808
200709,76.11893656716417
200710,67.5284191829485
200711,55.157259528130695
200712,53.16263440860215
200801,45.607705779334495
200802,51.14742268041234
200803,56.41572273879968
200804,63.772859744990924
200805,71.75417024935513
200806,78.9474190726159
200807,79.88723761544932
200808,78.68727714748782
200809,75.00538585209
200810,63.31500000000001
200811,53.026761904761926
200812,54.47581227436823
200901,50.184507042253536
200902,52.36845878136201
200903,59.95516129032258
200904,64.87266666666666
200905,73.34870967741935
200906,81.27781350482317
200907,81.59431818181818
