194209,59.709999999999994
194210,49.86451612903225
194211,41.57000000000001
194212,34.49999999999999
194301,31.696774193548375
194302,37.817857142857136
194303,34.97096774193549
194304,52.263333333333335
194305,51.18709677419354
194306,66.14333333333335
194307,72.49354838709677
194308,70.64516129032258
194309,61.66
194310,50.08709677419354
194311,37.84
194312,30.864516129032253
194401,30.18387096774193
194402,31.472413793103453
194403,33.75483870967743
194404,40.16
194405,56.07741935483871
194406,65.96000000000001
194407,69.01935483870965
194408,70.83870967741935
194409,62.919999999999995
194410,52.777419354838706
194411,38.39
194412,30.587096774193558
194501,30.803225806451607
194502,32.58214285714286
194503,40.44516129032259
194504,40.78000000000001
194505,55.70322580645161
194506,59.833333333333336
194507,69.03870967741936
194508,68.0258064516129
194509,59.83
194510,52.5741935483871
194511,41.099999999999994
194512,28.338709677419356
194601,30.01935483870967
194602,35.30714285714286
194603,43.62580645161291
194604,54.18333333333332
194605,50.91612903225806
194606,69.10999999999999
194607,70.95483870967743
194608,69.2258064516129
194609,62.825
194610,48.596774193548384
194611,34.05666666666666
194612,37.138709677419364
194701,29.393548387096775
194702,27.69464285714285
194703,34.65
194704,44.705000000000005
194705,54.556451612903224
194706,61.631666666666675
194707,70.47258064516129
194708,71.75161290322579
194709,65.98833333333333
194710,56.71935483870968
194711,33.718888888888884
194712,33.2989247311828
194801,24.348484848484844
194802,25.145307443365688
194803,30.595481927710846
194804,51.75904059040592
194805,59.02293906810035
194806,66.92000000000004
194807,73.39784946236558
194808,71.60573476702508
194809,67.1785185185185
194810,51.16989247311827
194811,33.79405204460968
194812,29.012230215827334
194901,16.617171717171715
194902,26.19057971014492
194903,37.89867109634551
194904,49.19444444444443
194905,57.7437275985663
194906,65.13259259259257
194907,72.10896057347674
194908,70.48422939068101
194909,63.18296296296297
194910,48.97813620071684
194911,44.63518518518518
194912,29.47589928057555
195001,28.067266187050354
195002,35.28293650793652
195003,38.38207885304659
195004,48.752592592592585
195005,55.49999999999999
195006,68.03037037037036
195007,69.2347670250896
195008,68.21541218637992
195009,60.76555555555557
195010,57.925089605734755
195011,38.35185185185186
195012,33.13046594982081
195101,25.99175627240144
195102,31.423412698412694
195103,36.463440860215044
195104,45.00925925925925
195105,57.96200716845878
195106,62.639629629629646
195107,73.8003584229391
195108,70.65913978494623
195109,61.91185185185186
195110,48.932971014492736
195111,34.59481481481482
195112,26.751612903225805
195201,29.470609318996413
195202,31.09923371647509
195203,33.30035842293907
195204,48.434814814814814
195205,57.75806451612902
195206,72.54703703703704
195207,73.28279569892476
195208,71.25913978494624
195209,64.71666666666667
195210,52.217921146953394
195211,31.69666666666667
195212,25.802158273381306
195301,34.658422939068096
195302,30.817063492063486
195303,41.94014336917563
195304,44.36999999999998
195305,54.039426523297514
195306,70.73296296296297
195307,73.9448028673835
195308,70.22222222222223
195309,65.75370370370374
195310,52.89641577060933
195311,39.945185185185174
195312,27.508243727598572
195401,30.640878378378382
195402,38.67285714285715
195403,34.41470588235294
195404,53.87814814814815
195405,57.96129032258065
195406,70.10795454545455
195407,75.40722891566266
195408,71.38749999999999
195409,65.33208333333332
195410,51.66774193548387
195411,41.05541666666669
195412,28.14758064516128
195501,24.76146788990825
195502,23.878061224489798
195503,36.68387096774194
195504,48.26523809523812
195505,57.49262672811059
195506,65.06911764705885
195507,74.23179723502302
195508,71.41382488479262
195509,64.52095238095234
195510,52.798156682027646
195511,35.00666666666667
195512,33.09815668202765
195601,32.00552995391706
195602,25.72955665024631
195603,38.970506912442396
195604,46.893333333333324
195605,61.23778801843316
195606,72.68428571428575
195607,72.10230414746545
195608,69.11981566820275
195609,66.39952380952383
195610,54.05345622119817
195611,32.75904761904763
195612,28.509216589861758
195701,25.20460829493087
195702,36.48112244897959
195703,38.230414746543765
195704,43.41190476190475
195705,53.450230414746514
195706,65.68619047619045
195707,72.16728110599078
195708,70.23179723502307
195709,60.711428571428534
195710,50.837327188940094
195711,33.28857142857143
195712,32.718894009216605
195801,26.624884792626723
195802,35.14693877551022
195803,33.95898617511523
195804,45.422380952380955
195805,62.033179723502315
195806,70.39190476190475
195807,71.894930875576
195808,73.56129032258066
195809,64.78285714285713
195810,52.94700460829491
195811,38.267142857142865
195812,32.77327188940094
195901,25.66042780748663
195902,30.03452380952381
195903,36.80363636363636
195904,47.04866666666667
195905,58.05935483870967
195906,70.16266666666665
195907,72.43548387096779
195908,70.72645161290325
195909,60.85333333333333
195910,47.13419354838711
195911,34.75200000000001
195912,29.217419354838707
196001,21.325806451612916
196002,22.124827586206894
196003,37.13806451612903
196004,49.85666666666664
196005,57.114838709677414
196006,68.82266666666668
196007,72.55548387096776
196008,71.81354838709679
196009,63.929333333333304
196010,50.42419354838712
196011,38.4488888888889
196012,24.74032258064517
196101,23.94784946236559
196102,32.142857142857146
196103,38.233333333333334
196104,46.26
196105,57.925268817204305
196106,68.36333333333336
196107,71.33225806451614
196108,70.31182795698926
196109,56.93277777777777
196110,49.143589743589736
196111,33.382
196112,21.969032258064516
196201,18.469032258064516
196202,32.47642857142855
196203,33.74
196204,50.393333333333324
196205,58.560645161290296
196206,65.62933333333335
196207,70.50709677419356
196208,70.62193548387097
196209,62.07799999999998
196210,52.40774193548388
196211,39.35533333333333
196212,28.173548387096776
196301,15.114193548387098
196302,33.87785714285714
196303,38.13741935483872
196304,49.934666666666686
196305,61.772258064516144
196306,67.92466666666667
196307,74.63548387096775
196308,69.51483870967742
196309,64.92999999999999
196310,56.09354838709675
196311,38.35066666666666
196312,23.36
196401,23.011612903225807
196402,23.75379310344827
196403,31.57741935483871
196404,45.893333333333324
196405,58.45612903225805
196406,65.94733333333333
196407,75.41806451612902
196408,68.92516129032262
196409,61.12999999999999
196410,51.82451612903225
196411,34.83066666666667
196412,24.647096774193546
196501,28.283333333333328
196502,26.245714285714286
196503,29.496129032258068
196504,47.43866666666668
196505,55.06645161290322
196506,62.433333333333344
196507,69.58387096774193
196508,66.65032258064514
196509,55.33666666666666
196510,51.09612903225808
196511,40.63533333333333
196512,28.89870967741936
196601,21.148387096774186
196602,23.806428571428576
196603,39.37806451612903
196604,46.12199999999999
196605,58.31999999999999
196606,64.95466666666667
196607,72.908
196608,68.06854838709674
196609,61.73083333333333
196610,47.738709677419344
196611,37.72749999999999
196612,22.12741935483871
196701,24.576774193548378
196702,29.76928571428572
196703,41.95870967741938
196704,47.154666666666664
196705,52.374193548387076
196706,60.359333333333346
196707,68.80838709677423
196708,66.2974193548387
196709,59.52333333333335
196710,49.47741935483872
196711,36.11666666666665
196712,20.236129032258066
196801,18.117419354838706
196802,29.35379310344827
196803,37.49032258064516
196804,41.26666666666667
196805,52.3767741935484
196806,66.42733333333332
196807,68.59225806451613
196808,64.4451612903226
196809,57.99733333333332
196810,48.955483870967754
196811,32.266
196812,22.681935483870962
196901,28.548387096774192
196902,29.081428571428575
196903,31.240000000000006
196904,48.70133333333332
196905,58.34129032258062
196906,60.23666666666668
196907,71.26387096774191
196908,70.76967741935486
196909,60.81933333333333
196910,40.49935483870968
196911,33.57866666666666
196912,26.851612903225806
197001,24.17096774193549
197002,34.21642857142857
197003,33.24645161290322
197004,41.110000000000014
197005,56.80451612903227
197006,63.503333333333345
197007,70.28451612903226
197008,70.13935483870968
197009,57.17066666666667
197010,43.04903225806453
197011,35.80199999999999
197012,27.75290322580645
197101,25.83910256410257
197102,28.326428571428565
197103,36.060645161290324
197104,45.50400000000001
197105,52.72580645161292
197106,66.704
197107,69.27483870967744
197108,69.1741935483871
197109,56.734
197110,47.416129032258056
197111,33.64266666666666
197112,24.052258064516128
197201,24.94774193548387
197202,32.32827586206897
197203,42.6283870967742
197204,48.01066666666667
197205,55.423225806451605
197206,66.332
197207,69.6141935483871
197208,67.65354838709676
197209,59.898666666666635
197210,49.338709677419345
197211,28.754666666666658
197212,18.64645161290323
197301,21.415514333895437
197302,29.331434184675842
197303,37.24216867469879
197304,42.45664335664336
197305,54.87918215613383
197306,63.75203094777565
197307,67.1434862385321
197308,66.67767695099818
197309,57.78263358778626
197310,50.570676691729325
197311,39.08705179282866
197312,29.04703632887189
197401,23.79613356766258
197402,25.563805970149247
197403,42.28363939899832
197404,45.645177664974625
197405,60.067372134038806
197406,66.7187134502924
197407,69.66642468239566
197408,67.1500897666068
197409,60.39751332149203
197410,52.98936567164181
197411,38.817025089605735
197412,28.12205323193916
197501,26.78168224299066
197502,30.395798319327728
197503,38.20733082706767
197504,44.967494824016555
197505,55.47243460764588
197506,64.63289473684209
197507,71.15490654205607
197508,69.51588983050846
197509,62.476179775280904
197510,52.61966527196651
197511,38.186070686070686
197512,29.53877159309021
197601,24.228623188405802
197602,34.68593750000001
197603,38.12472727272727
197604,49.771992110453645
197605,57.64393939393938
197606,65.1892857142857
197607,72.03938848920862
197608,67.80606653620352
197609,60.92941176470589
197610,47.20804597701149
197611,36.512804878048776
197612,25.010624999999997
197701,20.00573122529644
197702,29.896480331262932
197703,34.10055350553505
197704,48.70392156862747
197705,56.967355371900844
197706,69.27109704641347
197707,71.95583173996177
197708,69.61582417582417
197709,62.21325051759831
197710,48.77813620071684
197711,36.461638733705755
197712,29.485397412199628
197801,24.146449136276384
197802,25.69871520342613
197803,38.519373776908026
197804,48.595409181636704
197805,53.64710424710425
197806,66.82479508196722
197807,72.07405303030299
197808,67.59668615984405
197809,60.956932773109216
197810,48.94208242950108
197811,36.681030927835046
197812,17.62830820770519
197901,15.157414448669204
197902,23.139254385964918
197903,34.88938775510204
197904,46.0755230125523
197905,54.14653061224491
197906,64.9739957716702
197907,71.01377870563671
197908,67.46269315673287
197909,64.00000000000001
197910,50.850743099787685
197911,29.9378205128205
197912,25.244329896907225
198001,26.41567010309276
198002,29.03630705394192
198003,32.94870259481039
198004,44.82946058091286
198005,54.12181818181818
198006,68.05303983228512
198007,72.20994152046781
198008,68.39126016260165
198009,61.186123348017624
198010,46.90329896907216
198011,37.02132796780685
198012,33.80860655737705
198101,29.4712525667351
198102,31.096788990825683
198103,37.525562372188155
198104,51.77336152219875
198105,54.082377919320585
198106,68.87494505494507
198107,71.26163265306123
198108,68.48461538461542
198109,62.62812982998454
198110,47.27115384615384
198111,39.63898050974511
198112,29.462912912912927
198201,22.339589905362768
198202,25.29473684210526
198203,37.804301075268825
198204,46.088742964352726
198205,54.55077220077223
198206,63.43109756097563
198207,71.2625523012552
198208,70.24285714285715
198209,60.25128712871291
198210,47.08798521256932
198211,34.877566539923976
198212,28.73542039355992
198301,28.615498154981534
198302,32.33315018315018
198303,37.298835274542434
198304,41.99347471451876
198305,52.61731066460587
198306,63.247567567567586
198307,72.12777777777781
198308,71.94151291512914
198309,63.80483558994196
198310,50.09772727272725
198311,35.54053097345132
198312,22.864612954186423
198401,18.585889570552155
198402,26.1225
198403,34.10633914421553
198404,42.032888146911525
198405,59.32016806722688
198406,64.32743801652889
198407,71.78210180623972
198408,69.47872340425528
198409,60.11120263591436
198410,43.190737833595
198411,36.59317803660564
198412,28.22866779089377
198501,22.174647887323932
198502,23.701587301587306
198503,37.421565495207666
198504,49.07354838709677
198505,56.940504451038564
198506,66.15365079365075
198507,70.19321266968323
198508,70.04940652818989
198509,56.72560606060606
198510,47.842758620689644
198511,33.149852071005924
198512,24.545175438596484
198601,29.300282485875716
198602,33.58093750000002
198603,43.08581460674158
198604,47.48032786885244
198605,54.88683853459974
198606,66.64924554183816
198607,69.43560709413372
198608,68.37427440633243
198609,57.40611664295875
198610,46.32707482993199
198611,35.387042253521145
198612,26.669150326797364
198701,24.626909090909077
198702,30.55980926430517
198703,34.15895249695492
198704,48.93630319148935
198705,56.2993206521739
198706,67.70589849108366
198707,71.19515072083877
198708,66.54223918575062
198709,59.3199471598415
198710,50.303874092009686
198711,36.46231707317073
198712,26.43531468531468
198801,20.013082039911303
198802,26.665095398428715
198803,34.201964839710456
198804,46.83857302118168
198805,55.80940649496079
198806,68.36177884615387
198807,71.09214780600462
198808,69.27472035794185
198809,58.6909192825112
198810,51.471812080536935
198811,36.32519685039367
198812,25.20062565172053
198901,21.944093686354396
198902,22.892385218365067
198903,40.643561368209255
198904,50.148598130841116
198905,57.89684210526316
198906,64.11733966745838
198907,72.79449648711945
198908,67.39475566150179
198909,60.042233009708724
198910,48.012393681652526
198911,37.033509933774816
198912,23.869407496977026
199001,25.25056689342402
199002,27.939902676399015
199003,38.059725400457666
199004,46.829419889502745
199005,54.05355113636365
199006,68.56404160475483
199007,68.15928677563153
199008,65.80153452685421
199009,61.70426409903716
199010,47.223297002724806
199011,36.06062767475036
199012,19.585027472527468
199101,20.47220812182741
199102,31.890586419753074
199103,36.06109660574414
199104,42.91935483870968
199105,56.08701622971286
199106,64.65356125356126
199107,68.99942528735627
199108,67.37169811320757
199109,59.51764705882352
199110,47.59545454545459
199111,32.74918981481483
199112,24.91097560975609
199201,22.8022696929239
199202,32.61671159029652
199203,40.15586124401914
199204,51.95228848821075
199205,57.21471354166663
199206,63.13247282608699
199207,65.84207317073171
199208,65.2027811366385
199209,59.815756823821374
199210,50.02382671480147
199211,28.96014580801943
199212,21.331690140845073
199301,23.583296943231456
199302,26.422684085510692
199303,36.49435215946843
199304,43.72595596755508
199305,55.08900112233445
199306,62.86367869615831
199307,68.57223502304146
199308,65.25387205387203
199309,57.24738095238092
199310,45.70571095571097
199311,29.817730496453894
199312,25.203575184016824
199401,25.47172264355363
199402,25.748406139315247
199403,39.275379609544466
199404,44.954545454545446
199405,57.57883771929827
199406,69.48417874396137
199407,70.78199767711965
199408,70.0550943396226
199409,60.830051150895166
199410,46.59799749687111
199411,32.79039615846338
199412,28.17333333333335
199501,26.484606481481503
199502,34.14325396825395
199503,38.465508982035914
199504,42.30794044665012
199505,49.164414957780465
199506,60.55929203539825
199507,68.18534704370181
199508,71.41686746987952
199509,59.274079320113295
199510,46.83835616438355
199511,38.72454545454545
199512,30.46737193763921
199601,24.70503919372899
199602,31.293773824650557
199603,35.98542600896862
199604,46.70898483080514
199605,59.012211981566836
199606,66.22777777777776
199607,70.41377410468316
199608,68.3951276102088
199609,56.46981132075471
199610,46.40776053215076
199611,34.99277652370203
199612,27.046929824561392
199701,23.640958605664498
199702,26.710478359908862
199703,37.787449392712574
199704,40.301684210526346
199705,54.82729166666668
199706,64.23986636971044
199707,68.61462365591397
199708,66.01369565217395
199709,60.83085846867749
199710,46.72483069977428
199711,33.25080459770115
199712,23.89010989010989
199801,27.718284424379235
199802,30.44080604534006
199803,34.77184684684683
199804,43.10674418604649
199805,56.233258426966316
199806,61.48509174311926
199807,70.72031963470316
199808,67.09612903225808
199809,62.987415730337084
199810,46.840088105726885
199811,36.4117381489842
199812,24.11762114537446
199901,28.558577405857722
199902,32.24353233830846
199903,40.57920353982301
199904,41.49726315789474
199905,51.91959595959598
199906,62.24186046511623
199907,69.6070707070707
199908,66.3826446280992
199909,56.9986363636363
199910,48.280086580086575
199911,38.75136842105263
199912,25.653238866396773
200001,29.068385650224236
200002,34.55223179326546
200003,37.791558935361216
200004,48.614611872146114
200005,58.226568265682616
200006,65.29745566692367
200007,72.14552845528452
200008,70.582884195193
200009,60.51151515151509
200010,48.15201465201465
200011,26.9430067314884
200012,24.779741379310327
200101,23.503985765124554
200102,27.500620636152075
200103,36.48255080588648
200104,47.418286537077044
200105,55.60425963488844
200106,66.2614958448753
200107,72.10247422680416
200108,68.34288688410822
200109,61.41556970983724
200110,48.66940147948891
200111,37.936126760563425
200112,26.537883959044358
200201,25.65054421768708
200202,27.100599700149925
200203,33.09058265582659
200204,49.91101108033238
200205,55.677343223196274
200206,69.72477446217904
200207,73.70780094149296
200208,68.33229939312201
200209,59.75718270571822
200210,44.001737967914444
200211,33.69461538461538
200212,27.987678692988432
200301,31.121095334685602
200302,26.867300380228137
200303,37.7372013651877
200304,47.18735875706211
200305,55.84705075445818
200306,61.88479327259989
200307,74.75362220717678
200308,70.43915416098233
200309,58.2539293439077
200310,52.55334742776607
200311,33.98147321428572
200312,28.300767620376842
200401,25.12764945652172
200402,26.844516594516584
200403,43.07245791245793
200404,46.5988095238095
200405,56.71749196141481
200406,60.97806004618932
200407,66.03233333333336
200408,62.55077177508266
200409,57.069677790563844
200410,45.97193932827739
200411,32.70825892857143
200412,26.299074074074092
200501,28.670072115384617
200502,29.28007761966364
200503,34.05863689776731
200504,42.69643719806764
200505,53.015008933889234
200506,60.34007242003619
200507,69.79232558139536
200508,63.6772700983228
200509,58.779049295774655
200510,47.112910662824206
200511,36.49678379988087
200512,24.12933104631218
200601,27.196523178807944
200602,25.288996372430496
200603,33.63232211803639
200604,46.29515590200444
200605,55.25251641137856
200606,65.91816155988856
200607,68.37625668449195
200608,63.990170031881014
200609,52.82959183673467
200610,43.94347125201506
200611,35.536379114642465
200612,25.479561643835602
200701,18.085814455231926
200702,26.66751237623764
200703,38.345068119890996
200704,42.46493288590605
200705,51.73411764705886
200706,62.15278080697925
200707,68.21746119733923
200708,67.54018422567644
200709,58.85309988518942
200710,47.2289502762431
200711,36.18603651987109
200712,21.98243459690337
200801,19.29310344827585
200802,25.782263513513517
200803,31.710789881259657
200804,40.094139584443234
200805,49.87555780933063
200806,60.949049820236255
200807,67.77288049029626
200808,64.53576333861592
200809,55.49168044077137
200810,45.46889122438255
200811,37.173637602179824
200812,24.284716157205235
200901,29.023360655737708
200902,30.086290322580645
200903,36.3425925925926
200904,39.55674603174604
200905,50.236986301369875
200906,55.89127272727271
200907,61.03670886075949
