194801,25.702150537634402
194802,27.48530259365994
194803,32.12446236559139
194804,43.12833333333334
194805,52.69569892473117
194806,63.27027777777778
194807,67.12526881720427
194808,66.8691891891892
194809,58.4847222222222
194810,47.456182795698915
194811,32.7213888888889
194812,21.23118279569892
194901,7.702419354838707
194902,23.202380952380953
194903,35.98763440860213
194904,49.05555555555556
194905,56.66263440860216
194906,61.45098039215687
194907,69.7551075268817
194908,69.72715053763437
194909,60.63888888888888
194910,41.876612903225805
194911,40.633888888888876
194912,26.504032258064516
195001,17.766666666666662
195002,28.874702380952392
195003,34.0491935483871
195004,42.78583333333333
195005,50.5551075268817
195006,59.43222222222225
195007,68.49516129032256
195008,67.81962365591396
195009,58.85499999999999
195010,49.45860215053763
195011,36.87555555555555
195012,32.90504201680674
195101,23.798240469208206
195102,30.08668831168832
195103,31.252785923753667
195104,46.535757575757565
195105,53.747800586510266
195106,58.7039393939394
195107,70.9017595307918
195108,66.97214076246334
195109,58.70757575757576
195110,44.283577712609954
195111,33.29303030303031
195112,22.901466275659832
195201,21.502052785923745
195202,24.235736677115995
195203,30.30029325513198
195204,47.083333333333314
195205,55.23460410557182
195206,60.90848484848486
195207,69.14838709677419
195208,69.11407624633433
195209,61.91969696969697
195210,52.041935483870965
195211,30.085757575757572
195212,28.72375366568914
195301,35.77859237536657
195302,32.07954545454543
195303,37.73958944281524
195304,42.79242424242424
195305,49.17214076246334
195306,57.91454545454544
195307,71.59002932551321
195308,68.43665689149559
195309,62.07484848484847
195310,49.61788856304985
195311,40.2761744966443
195312,27.494982078853056
195401,28.654838709677414
195402,34.141666666666666
195403,33.54982078853047
195404,46.16185185185184
195405,56.38709677419353
195406,58.19444444444446
195407,72.04695340501794
195408,66.3426523297491
195409,58.56222222222221
195410,45.57813620071684
195411,39.38444444444444
195412,24.596774193548388
195501,21.793081761006285
195502,25.640714285714292
195503,32.05548387096774
195504,42.522
195505,53.1058064516129
195506,63.86733333333332
195507,70.07548387096774
195508,72.6058064516129
195509,60.42133333333333
195510,50.431612903225805
195511,33.17333333333332
195512,31.88064516129031
195601,30.214285714285715
195602,22.626206896551732
195603,38.01290322580644
195604,48.89666666666667
195605,58.16774193548388
195606,64.28533333333333
195607,73.63096774193546
195608,68.58709677419353
195609,61.66799999999998
195610,48.05096774193548
195611,31.86
195612,29.452903225806455
195701,17.836774193548383
195702,32.23785714285714
195703,39.85225806451613
195704,46.248666666666665
195705,56.495483870967725
195706,64.81
195707,72.37419354838711
195708,70.60064516129032
195709,62.18866666666666
195710,48.02387096774193
195711,33.10266666666665
195712,32.9374193548387
195801,27.66774193548387
195802,38.20642857142857
195803,37.38709677419355
195804,45.208666666666666
195805,63.1348387096774
195806,65.77333333333333
195807,72.06967741935483
195808,74.48774193548388
195809,60.530666666666654
195810,51.545806451612904
195811,37.41666666666666
195812,34.72774193548386
195901,31.3116129032258
195902,33.29571428571428
195903,39.26387096774193
195904,49.17
195905,51.45806451612904
195906,67.30933333333333
195907,74.02129032258064
195908,69.55870967741936
195909,57.961333333333314
195910,48.560645161290346
195911,34.760000000000005
195912,27.587096774193554
196001,21.656774193548387
196002,27.821379310344827
196003,38.95741935483871
196004,48.168000000000006
196005,54.36838709677419
196006,67.26466666666664
196007,77.14258064516127
196008,67.42451612903227
196009,62.97400000000002
196010,48.687741935483864
196011,38.16533333333334
196012,26.392903225806442
196101,27.05806451612904
196102,36.8
196103,40.14709677419354
196104,46.53266666666665
196105,56.306451612903224
196106,70.7333333333333
196107,74.93935483870972
196108,74.75935483870967
196109,55.162000000000006
196110,46.14387096774193
196111,34.046
196112,28.29032258064516
196201,19.67483870967742
196202,30.047142857142852
196203,34.794193548387085
196204,50.74933333333333
196205,53.13548387096774
196206,64.41266666666667
196207,70.55612903225804
196208,68.76709677419353
196209,62.37933333333334
196210,50.66322580645161
196211,39.657333333333334
196212,31.497419354838705
196301,19.771612903225805
196302,39.14928571428571
196303,40.49741935483871
196304,44.59133333333333
196305,57.99612903225806
196306,61.19933333333334
196307,71.10516129032257
196308,71.52709677419355
196309,65.762
196310,54.37354838709677
196311,39.11266666666666
196312,24.627096774193543
196401,23.97032258064516
196402,22.740689655172407
196403,31.539999999999992
196404,43.93200000000001
196405,55.05483870967742
196406,60.556666666666665
196407,72.74838709677422
196408,67.73548387096771
196409,57.80999999999999
196410,49.62838709677421
196411,34.99333333333333
196412,30.97741935483871
196501,32.217894736842105
196502,35.904761904761905
196503,37.068817204301084
196504,49.913333333333334
196505,54.52150537634409
196506,64.26666666666667
196507,72.79247311827956
196508,70.21505376344086
196509,56.52777777777778
196510,53.7763440860215
196511,42.91444444444445
196512,30.482795698924722
196601,31.210752688172057
196602,32.51071428571429
196603,40.754838709677415
196604,48.56999999999999
196605,60.983870967741915
196606,64.40333333333335
196607,73.95806451612904
196608,72.10537634408601
196609,65.99666666666668
196610,48.731182795698935
196611,41.138888888888886
196612,31.707526881720433
196701,35.22473118279571
196702,37.20357142857143
196703,40.79784946236559
196704,43.52444444444444
196705,56.3268817204301
196706,64.66777777777776
196707,76.5247311827957
196708,77.00430107526881
196709,67.49888888888889
196710,50.81720430107527
196711,39.35
196712,27.265591397849466
196801,28.363440860215057
196802,38.14252873563218
196803,44.167741935483875
196804,45.98666666666667
196805,56.75698924731184
196806,65.93444444444445
196807,76.17419354838708
196808,67.38709677419355
196809,61.00888888888889
196810,49.57526881720431
196811,39.077777777777776
196812,30.58817204301075
196901,28.834408602150532
196902,32.084523809523816
196903,38.01397849462365
196904,49.35444444444444
196905,61.064516129032256
196906,65.54888888888891
196907,73.10860215053764
196908,72.82688172043011
196909,64.11777777777777
196910,45.49247311827957
196911,38.06888888888889
196912,32.88387096774194
197001,33.45591397849463
197002,39.22261904761905
197003,40.426213592233005
197004,43.932038834951456
197005,57.34019607843136
197006,68.78080808080807
197007,75.45607476635513
197008,75.86599999999999
197009,57.083333333333336
197010,47.00752688172044
197011,40.7611111111111
197012,31.303225806451607
197101,32.33440860215054
197102,34.87619047619047
197103,37.98709677419354
197104,47.35222222222222
197105,58.42150537634407
197106,62.99444444444445
197107,74.10430107526882
197108,76.9483870967742
197109,57.54777777777778
197110,46.73010752688172
197111,37.58111111111111
197112,29.42150537634409
197201,29.20215053763441
197202,33.910344827586215
197203,44.09139784946237
197204,45.99333333333335
197205,59.19784946236557
197206,66.5
197207,72.88602150537635
197208,74.03763440860216
197209,58.74111111111111
197210,50.19139784946237
197211,39.45222222222222
197212,24.223655913978497
197301,26.27770700636943
197302,34.09166666666667
197303,39.84435483870968
197304,47.52833333333334
197305,60.21451612903224
197306,66.33833333333331
197307,74.04677419354843
197308,72.6725806451613
197309,61.5533333333333
197310,51.30967741935484
197311,37.07327586206896
197312,33.55967741935483
197401,25.916129032258052
197402,33.80000000000002
197403,39.3774193548387
197404,47.88666666666667
197405,55.28629032258063
197406,72.26750000000001
197407,74.175
197408,71.65447154471546
197409,65.14250000000001
197410,51.119083969465656
197411,39.15357142857142
197412,29.895333333333333
197501,26.772656250000008
197502,28.659868421052625
197503,34.61944444444445
197504,39.75058139534884
197505,52.07093023255812
197506,62.81686746987952
197507,76.12045454545452
197508,67.61235294117647
197509,61.67836257309943
197510,47.56388888888889
197511,33.7564705882353
197512,31.993373493975884
197601,27.445652173913064
197602,30.00182926829269
197603,31.46031746031747
197604,43.875935828877004
197605,56.410526315789454
197606,60.040476190476184
197607,71.14593023255813
197608,63.31685393258426
197609,60.588271604938264
197610,48.041666666666664
197611,38.08163265306121
197612,30.03723404255319
197701,22.942857142857147
197702,34.298773006134965
197703,36.48153846153848
197704,51.62185792349727
197705,51.004999999999995
197706,67.61292134831461
197707,68.62670454545456
197708,69.46633663366337
197709,59.20823529411766
197710,49.29302325581396
197711,35.14278074866311
197712,30.34897959183674
197801,29.65944444444445
197802,32.82812500000001
197803,41.21690821256039
197804,45.714432989690714
197805,50.4490990990991
197806,63.28725490196076
197807,69.47699530516431
197808,66.71298076923075
197809,56.808839779005524
197810,49.05376884422111
197811,31.66504854368932
197812,20.55533980582525
197901,13.547263681592044
197902,30.170689655172403
197903,38.73761467889908
197904,45.687745098039215
197905,56.363749999999996
197906,66.07465437788017
197907,73.07395833333334
197908,69.43773584905662
197909,64.24070351758796
197910,51.491279069767444
197911,31.286503067484663
197912,33.375829383886256
198001,23.232876712328768
198002,33.43966480446928
198003,37.92758620689653
198004,51.09202127659576
198005,54.912903225806446
198006,60.93265306122447
198007,70.38435754189946
198008,65.95374149659862
198009,59.59946808510639
198010,49.6440594059406
198011,37.902564102564114
198012,31.88839779005525
198101,32.71052631578949
198102,34.228082191780814
198103,41.85428571428572
198104,48.130985915492964
198105,53.417171717171726
198106,63.26577181208053
198107,71.7631944444445
198108,76.13818181818182
198109,63.38657718120805
198110,46.636875
198111,41.13900709219858
198112,32.318115942028996
198201,25.76575342465752
198202,25.939473684210522
198203,38.962244897959174
198204,44.08290598290599
198205,54.7793388429752
198206,65.17777777777778
198207,69.4632075471698
198208,71.16481481481482
198209,58.18728813559322
198210,47.000813008130066
198211,34.1609756097561
198212,29.036619718309858
198301,33.386842105263156
198302,35.34921875
198303,40.099999999999994
198304,44.190410958904096
198305,55.6944055944056
198306,60.9375
198307,66.52631578947368
198308,71.40072463768118
198309,56.77375886524824
198310,47.31270903010034
198311,35.28584905660378
198312,18.101995565410203
198401,22.09092872570195
198402,26.680875576036865
198403,36.64559139784946
198404,42.32589285714283
198405,51.121396396396364
198406,58.29710467706015
198407,69.99301310043668
198408,68.87300215982724
198409,55.08607305936074
198410,42.6579952267303
198411,34.674216867469866
198412,21.12574712643678
198501,19.822632794457267
198502,22.590000000000003
198503,31.843167028199566
198504,47.846543778801866
198505,55.31157407407406
198506,63.632714617169384
198507,74.03403755868543
198508,65.49975308641976
198509,52.0970982142857
198510,44.09860139860138
198511,26.500000000000007
198512,17.792920353982307
198601,27.984086021505362
198602,33.19473684210526
198603,43.16623093681915
198604,46.27444444444444
198605,55.60453563714901
198606,67.80565610859726
198607,66.28823529411765
198608,72.86405228758173
198609,54.33317757009349
198610,47.45611285266455
198611,35.20529801324505
198612,25.756574923547394
198701,23.275151515151514
198702,30.769767441860473
198703,38.028244274809154
198704,51.24365079365079
198705,56.83192612137203
198706,63.831367292225195
198707,66.1903846153846
198708,65.61513761467889
198709,60.76736111111113
198710,48.53716216216216
198711,35.83729603729606
198712,26.706013363028955
198801,22.926516853932586
198802,31.22129186602873
198803,36.78876889848811
198804,47.467596566523625
198805,53.41945031712469
198806,64.83413566739608
198807,71.01337579617835
198808,67.79889624724065
198809,57.175055679287325
198810,53.20260303687637
198811,34.15805084745763
198812,23.037632135306545
198901,23.761697722567284
198902,19.9464953271028
198903,35.80966386554619
198904,47.56638655462188
198905,52.24868686868687
198906,62.533119658119666
198907,71.23440860215057
198908,64.29837728194724
198909,58.73509513742067
198910,45.96329365079365
198911,36.82259414225944
198912,28.574633123689722
199001,29.96927835051546
199002,28.059079903147694
199003,38.55265486725663
199004,49.11490683229811
199005,50.970485436893206
199006,61.036653386454205
199007,70.315234375
199008,67.51894531250002
199009,63.29474835886212
199010,45.27052023121389
199011,36.730600000000024
199012,17.237231968810917
199101,22.350579150579147
199102,35.563146551724145
199103,36.31046511627905
199104,43.13156822810592
199105,50.07712031558186
199106,58.53286290322579
199107,70.31975308641971
199108,70.05204081632657
199109,59.08826086956523
199110,45.85114822546972
199111,32.558300395256914
199112,26.755467196819087
199201,26.800191570881207
199202,35.06012269938646
199203,43.225092936802966
199204,49.12710622710623
199205,59.13383177570095
199206,64.4969034608379
199207,65.81980982567354
199208,67.99363057324841
199209,57.0249116607774
199210,48.50697278911563
199211,31.331393298059975
199212,22.498803418803412
199301,20.052839931153187
199302,22.745736434108533
199303,37.205602716468576
199304,43.51984585741812
199305,58.47317487266557
199306,58.344661921708216
199307,60.648709122203115
199308,63.39049235993209
199309,57.33109540636045
199310,46.926758147512864
199311,28.734042553191486
199312,26.929049295774654
199401,30.21867364746946
199402,27.91374045801527
199403,40.29778534923337
199404,48.397147950089135
199405,57.223965517241396
199406,62.86814946619217
199407,71.0527303754266
199408,69.83506044905006
199409,61.125740740740746
199410,45.24295415959254
199411,29.00142348754449
199412,26.439929947460584
199501,27.029310344827593
199502,34.72956685499058
199503,37.35468483816013
199504,44.03142857142857
199505,52.540239726027394
199506,58.36878306878307
199507,67.33903281519859
199508,65.28311926605508
199509,59.07639639639641
199510,43.94263157894736
199511,38.27971014492751
199512,28.705498281786944
199601,25.357705479452065
199602,27.654296160877518
199603,37.01873935264053
199604,45.60319715808173
199605,50.68561643835616
199606,62.34393063583816
199607,71.94978723404255
199608,68.06105263157895
199609,55.34810996563574
199610,44.985284280936476
199611,34.26132930513595
199612,27.04999999999999
199701,24.882786885245906
199702,28.04206549118388
199703,35.956896551724135
199704,41.413385826771645
199705,56.35463659147872
199706,61.555643044619416
199707,66.47102564102562
199708,67.56366047745354
199709,59.237837837837844
199710,44.38926701570681
199711,34.356315789473676
199712,22.810362694300512
199801,29.183287671232872
199802,31.620822622107955
199803,36.927845036319624
199804,45.53108433734942
199805,52.61795454545456
199806,58.166267942583744
199807,72.89487804878051
199808,70.54696261682246
199809,62.522271714922034
199810,45.875107296137344
199811,37.78498845265589
199812,26.08400900900901
199901,29.333891213389126
199902,30.62300469483569
199903,36.86496815286623
199904,42.49158110882957
199905,51.840289256198346
199906,60.39343936381711
199907,68.7611969111969
199908,69.14742063492065
199909,57.740000000000016
199910,48.76321138211383
199911,40.660554371002135
199912,26.98336842105263
200001,27.52729844413012
200002,33.36274509803921
200003,37.12279942279939
200004,48.790760059612495
200005,54.36066763425252
200006,64.05423976608186
200007,71.14206798866854
200008,70.27161383285302
200009,56.68117469879521
200010,46.1185815602837
200011,26.922655122655136
200012,24.793390804597692
200101,21.934149659863944
200102,26.785603715170268
200103,39.15486600846261
200104,43.14512743628182
200105,57.26075949367089
200106,61.85165745856352
200107,69.81892285298399
200108,71.9925373134328
200109,61.97854077253219
200110,47.02688477951637
200111,37.96509572901328
200112,23.98841807909604
200201,25.250405405405388
200202,25.37971631205673
200203,33.173809523809545
200204,45.0309236947791
200205,52.83447368421052
200206,62.780706921944024
200207,72.45576923076922
200208,65.18831908831909
200209,58.74396671289871
200210,43.256266666666654
200211,34.1796322489392
200212,31.088711819389133
200301,32.74717741935484
200302,29.787758112094384
200303,39.64688346883465
200304,44.390521978021944
200305,53.62513227513228
200306,64.47208333333332
200307,75.3442019099591
200308,71.68039215686278
200309,59.59739010989012
200310,51.27678100263854
200311,31.293108298171603
200312,30.679946164199187
200401,23.344613259668503
200402,27.920992907801416
200403,41.60664010624172
200404,47.56987270155586
200405,53.06550836550836
200406,62.35792759051189
200407,70.48495788206979
200408,67.57944377267233
200409,56.221744471744486
200410,47.237330037082835
200411,34.293575757575745
200412,30.356220095693782
200501,26.81602067183462
200502,29.81764705882353
200503,39.624418604651154
200504,45.74457994579943
200505,54.487431693989095
200506,58.94343575418992
200507,71.8716755319148
200508,68.74758713136728
200509,57.748484848484836
200510,47.74518950437317
200511,34.11463068181819
200512,23.788088235294108
200601,31.184246575342467
200602,27.755434782608695
200603,36.36246575342466
200604,46.75864022662889
200605,55.73999999999998
200606,65.1603498542274
200607,74.42068493150684
200608,67.49917582417582
200609,58.06191222570533
200610,45.61158357771259
200611,36.58276836158193
200612,26.540837696335057
200701,21.654428754813857
200702,33.15258620689657
200703,41.77229381443298
200704,46.62606382978725
200705,56.3567183462532
200706,64.35028248587571
200707,75.83861788617881
200708,69.25160000000004
200709,57.81297297297298
200710,45.362991128010144
200711,35.092689295039165
200712,26.325376884422106
200801,21.883375314861453
200802,28.827377521613833
200803,33.454773869346724
200804,39.67604712041886
200805,52.821895006402066
200806,60.851319261213725
200807,70.92595419847333
200808,68.20529032258064
200809,57.278645833333364
200810,45.85049875311721
200811,39.22585669781932
200812,25.204320987654324
200901,26.514444444444447
200902,29.86904761904762
200903,34.327631578947376
200904,44.493382352941175
200905,55.89222222222224
200906,61.05925925925925
200907,69.99347826086957
