193801,35.10645161290322
193802,35.732142857142854
193803,43.84193548387097
193804,51.92
193805,59.15483870967743
193806,68.63000000000001
193807,77.4967741935484
193808,70.69032258064516
193809,69.06666666666666
193810,53.07741935483872
193811,37.92666666666666
193812,36.78387096774194
193901,39.87419354838709
193902,35.05714285714286
193903,45.58709677419355
193904,53.493333333333325
193905,61.20645161290324
193906,63.90333333333333
193907,75.04838709677419
193908,74.79032258064517
193909,64.92333333333333
193910,53.4741935483871
193911,42.56666666666667
193912,40.693548387096776
194001,30.883870967741935
194002,41.11724137931034
194003,48.72258064516129
194004,52.46333333333334
194005,62.79354838709676
194006,70.92666666666666
194007,73.7967741935484
194008,73.45161290322582
194009,65.22333333333334
194010,55.8483870967742
194011,35.18666666666668
194012,35.73548387096774
194101,33.55483870967742
194102,39.575
194103,48.196774193548414
194104,53.47666666666665
194105,57.809677419354834
194106,63.59
194107,77.44838709677418
194108,71.12258064516129
194109,59.06333333333334
194110,50.509677419354844
194111,43.77000000000001
194112,38.57741935483871
194304,50.93
194305,53.390322580645176
194306,58.394444444444446
194307,67.07741935483872
194308,64.35760869565217
194309,63.86555555555558
194310,52.48064516129032
194311,41.76
194312,35.27634408602151
194401,34.53548387096775
194402,38.7051724137931
194403,43.02419354838711
194404,49.003333333333345
194405,55.42291666666667
194406,63.93
194407,73.94838709677417
194408,70.46774193548389
194409,66.32000000000001
194410,57.019354838709674
194411,39.93333333333333
194412,31.13870967741935
194501,36.109677419354846
194502,39.13928571428572
194503,42.36774193548387
194504,44.92666666666665
194505,53.3606451612903
194506,58.18993710691823
194507,66.26182795698924
194508,64.19032258064513
194509,58.319999999999986
194510,53.6984375
194511,43.611666666666665
194512,38.04032258064516
194601,41.05913978494623
194602,41.9547619047619
194603,44.434408602150555
194604,48.248888888888885
194605,55.74146341463416
194606,59.90999999999999
194607,66.67903225806452
194608,65.65322580645162
194609,59.37166666666667
194610,49.06935483870968
194611,41.73500000000001
194612,40.57096774193549
194701,35.174193548387095
194702,43.089285714285715
194703,47.91451612903226
194704,52.108333333333334
194705,59.585483870967735
194706,60.325
194707,66.23225806451613
194708,64.45
194709,61.098333333333336
194710,53.761290322580656
194711,44.53
194712,41.620967741935495
194801,35.367272727272734
194802,35.01573275862068
194803,38.749596774193556
194804,43.44437499999999
194805,51.43922413793104
194806,62.430000000000035
194807,64.69698924731182
194808,63.68215053763441
194809,58.878132118451006
194810,49.94009216589863
194811,38.97380952380952
194812,29.74654377880184
194901,20.048602150537622
194902,34.11190476190477
194903,42.01333333333334
194904,51.447500000000005
194905,57.575142314990536
194906,61.653137254901935
194907,66.81442125237191
194908,65.89695340501791
194909,61.3864814814815
194910,46.59335604770019
194911,46.56929824561405
194912,35.86791171477079
195001,26.72342954159593
195002,36.646804511278184
195003,40.73639455782313
195004,46.789298245614034
195005,53.063837011884544
195006,60.192807017543835
195007,67.61765704584043
195008,68.08590831918505
195009,60.66279926335175
195010,51.553650254668916
195011,43.91296296296295
195012,42.19316888045541
195101,34.39013282732448
195102,38.23010526315787
195103,38.59867172675523
195104,51.39980392156863
195105,55.16413662239089
195106,63.27862745098036
195107,68.81024667931692
195108,66.64117647058822
195109,62.32490196078428
195110,49.347248576850085
195111,41.290784313725496
195112,33.02884250474384
195201,31.470967741935485
195202,35.82008113590262
195203,39.04743833017078
195204,50.13176470588236
195205,55.951043643263766
195206,58.88019607843135
195207,69.31309297912715
195208,67.39772296015182
195209,63.77019607843135
195210,56.289753320683126
195211,37.43039215686275
195212,36.4032258064516
195301,42.64323809523809
195302,38.943067226890754
195303,41.59943074003794
195304,46.18777777777777
195305,50.42645161290317
195306,55.78644444444445
195307,67.81612903225803
195308,65.52709677419351
195309,62.83511111111106
195310,50.91634408602151
195311,45.21400000000001
195312,37.79677419354841
195401,36.08732718894009
195402,40.59974489795918
195403,39.58940092165899
195404,48.38738095238092
195405,55.86290322580644
195406,56.826904761904736
195407,66.14976958525347
195408,62.565437788018414
195409,58.02690476190476
195410,49.41105990783411
195411,45.14642857142857
195412,34.80184331797237
195501,33.62647058823529
195502,35.02827380952382
195503,38.07043010752688
195504,42.36166666666668
195505,51.68575268817203
195506,60.93694444444444
195507,63.31263440860218
195508,66.50403225806454
195509,59.574166666666656
195510,51.50860215053763
195511,38.96583333333336
195512,36.949462365591394
195601,36.53709677419355
195602,32.26408045977011
195603,41.086021505376365
195604,49.33499999999999
195605,56.14354838709678
195606,58.72277777777778
195607,68.57741935483871
195608,65.38279569892474
195609,60.93194444444446
195610,49.30860215053765
195611,39.91805555555555
195612,36.9959677419355
195701,27.216397849462364
195702,38.38630952380954
195703,43.036559139784934
195704,48.965833333333336
195705,56.30672043010753
195706,62.5375
195707,65.69784946236558
195708,64.2217741935484
195709,63.72611111111112
195710,49.46639784946237
195711,40.15027777777777
195712,39.64408602150538
195801,38.554569892473104
195802,44.58690476190476
195803,40.89569892473119
195804,47.481388888888866
195805,60.50860215053763
195806,63.15333333333332
195807,70.78467741935485
195808,70.81854838709677
195809,60.43333333333333
195810,54.00053763440859
195811,43.30555555555556
195812,42.14005376344085
195901,38.66747311827959
195902,37.9440476190476
195903,42.729032258064514
195904,49.904999999999966
195905,51.65833333333332
195906,61.565277777777766
195907,69.36720430107525
195908,65.3336021505376
195909,57.45749999999999
195910,52.21935483870969
195911,41.64916666666667
195912,36.09596774193549
196001,32.611290322580615
196002,37.53136094674557
196003,43.645430107526884
196004,48.27722222222223
196005,51.70967741935485
196006,63.520277777777785
196007,70.98521505376345
196008,64.72903225806452
196009,61.49638888888891
196010,51.95994623655915
196011,42.106666666666676
196012,36.41048387096773
196101,39.38413978494621
196102,42.86309523809523
196103,43.10295698924728
196104,47.539999999999985
196105,52.71370967741935
196106,65.59555555555556
196107,69.76344086021507
196108,70.57150537634406
196109,56.98249999999998
196110,50.06639784946239
196111,39.272222222222226
196112,36.48333333333333
196201,32.59112903225807
196202,37.598809523809514
196203,40.70779569892471
196204,50.845555555555556
196205,50.666397849462356
196206,60.75388888888892
196207,66.8491935483871
196208,65.05456989247311
196209,62.36777777777779
196210,51.04623655913978
196211,44.23833333333332
196212,39.44623655913979
196301,30.919623655913984
196302,45.57708333333333
196303,42.58360215053764
196304,44.713055555555556
196305,55.676612903225816
196306,59.65916666666666
196307,63.68924731182796
196308,66.44596774193548
196309,64.9222222222222
196310,53.08118279569893
196311,43.19111111111109
196312,36.76827956989247
196401,36.361021505376335
196402,36.95804597701147
196403,40.405913978494645
196404,45.59277777777777
196405,52.757258064516144
196406,59.44305555555557
196407,66.56048387096776
196408,64.36021505376345
196409,58.80055865921784
196410,53.02768817204303
196411,40.01305555555556
196412,36.553225806451614
196501,38.27214285714285
196502,41.02964285714287
196503,43.72387096774194
196504,49.288
196505,52.24903225806451
196506,59.481666666666655
196507,66.58322580645161
196508,65.48354838709676
196509,57.89700000000002
196510,54.90290322580645
196511,45.79233333333334
196512,36.243870967741934
196601,37.79516129032259
196602,38.77357142857143
196603,43.14774193548384
196604,49.51066666666667
196605,54.45805471124623
196606,59.088181818181816
196607,63.951026392961886
196608,65.48416422287389
196609,61.22454545454546
196610,51.223753665689166
196611,44.308787878787875
196612,40.02961876832843
196701,39.588563049853356
196702,40.32059800664451
196703,40.081231671554235
196704,41.558484848484866
196705,53.735777126099734
196706,61.97909090909093
196707,68.37302052785925
196708,70.84897360703813
196709,64.16090909090907
196710,51.606451612903214
196711,43.63393939393939
196712,36.01759530791789
196801,36.38269794721407
196802,43.98746081504703
196803,45.22434017595307
196804,45.455151515151506
196805,53.436363636363645
196806,61.20484848484845
196807,68.25982404692083
196808,63.328445747800565
196809,59.98939393939394
196810,50.31730205278591
196811,43.36939393939395
196812,35.303834808259595
196901,30.658064516129038
196902,35.639610389610375
196903,42.01114369501467
196904,46.40151515151516
196905,56.917595307917885
196906,62.088181818181816
196907,65.12170087976538
196908,63.98563049853372
196909,60.04969696969693
196910,47.620821114369484
196911,43.03515151515151
196912,38.84780058651025
197001,37.75777126099705
197002,41.925000000000004
197003,42.30967741935484
197004,42.748484848484836
197005,53.313489736070395
197006,62.65878787878787
197007,67.42228739002931
197008,66.40087976539587
197009,56.01303030303029
197010,49.11231671554253
197011,43.22272727272727
197012,35.807917888563054
197101,37.388596491228085
197102,38.9746753246753
197103,39.13108504398826
197104,44.88393939393939
197105,52.881818181818176
197106,56.53272727272726
197107,66.71876832844573
197108,68.86539589442815
197109,56.75454545454544
197110,48.024633431085036
197111,41.729393939393944
197112,35.262170087976536
197201,34.4366568914956
197202,39.15015673981192
197203,45.26774193548389
197204,43.99090909090908
197205,55.3891495601173
197206,60.79606060606062
197207,67.89530791788856
197208,67.49677419354836
197209,56.54515151515151
197210,49.264809384164245
197211,43.083333333333336
197212,31.5809384164223
197301,36.576068376068356
197302,43.370560747663546
197303,45.499152542372876
197304,50.89950000000001
197305,58.66344086021504
197306,61.758333333333354
197307,67.60053763440861
197308,63.94193548387099
197309,62.383333333333276
197310,53.14021739130436
197311,42.296590909090895
197312,41.80322580645159
197401,35.51290322580647
197402,41.05238095238094
197403,44.90430107526881
197404,49.56555555555556
197405,54.498924731182804
197406,62.69722222222222
197407,65.09247311827957
197408,65.37258064516129
197409,65.17277777777778
197410,54.00107526881721
197411,46.02359550561796
197412,41.30108695652175
197501,38.131720430107514
197502,38.646428571428565
197503,42.34677419354838
197504,45.73314606741574
197505,55.70388888888891
197506,60.079768786127154
197507,66.81878453038675
197508,60.349494949494954
197509,59.79925925925925
197510,51.57749287749289
197511,44.60147928994086
197512,42.982960893854724
197601,42.4825966850829
197602,41.490229885057495
197603,41.92041284403672
197604,46.037188208616826
197605,52.19905882352943
197606,55.7823529411765
197607,61.81722488038281
197608,59.56188235294122
197609,59.61740196078434
197610,53.16940874035992
197611,49.85481283422459
197612,42.0052884615385
197701,38.48385416666668
197702,45.228529411764704
197703,43.59261363636364
197704,51.13636363636366
197705,52.230835734870325
197706,60.950437317784264
197707,62.671264367816086
197708,64.957225433526
197709,58.74678362573102
197710,54.194524495677236
197711,45.011797752809045
197712,43.678125
197801,42.744125326370785
197802,44.93459302325581
197803,50.43457446808508
197804,50.43013698630134
197805,55.44696569920844
197806,62.14066852367691
197807,64.69234972677596
197808,64.5120588235294
197809,59.88918128654968
197810,57.083923705722036
197811,43.50482573726544
197812,38.512997347480066
197901,34.21294416243654
197902,41.447578347578336
197903,48.94531250000001
197904,51.73111702127663
197905,58.28020565552703
197906,62.821276595744706
197907,66.92067183462532
197908,65.6361038961039
197909,65.58958333333341
197910,56.68613333333334
197911,45.225368731563364
197912,44.31913265306122
198001,37.9406162464986
198002,45.4191358024691
198003,47.137187500000024
198004,53.71798780487805
198005,57.10727272727271
198006,59.87868338557999
198007,65.80823170731716
198008,63.520909090909065
198009,62.4338658146965
198010,57.131428571428586
198011,49.639871382636606
198012,45.774750830564805
198101,46.48246753246752
198102,45.54498269896193
198103,49.95667752442998
198104,52.46274509803923
198105,57.10911949685541
198106,61.79346405228766
198107,65.37702265372171
198108,68.75602605863199
198109,63.87092198581565
198110,54.03064516129034
198111,49.01887417218546
198112,43.849853372434026
198201,38.81953642384106
198202,42.65890410958903
198203,46.311371237458154
198204,49.16496598639455
198205,57.43095975232194
198206,64.42575107296138
198207,67.34724770642202
198208,69.01506849315068
198209,63.011483253588494
198210,53.35990338164253
198211,41.608695652173914
198212,38.99386792452834
198301,42.01898148148151
198302,44.38645833333336
198303,48.66037735849056
198304,51.58605769230766
198305,60.04811320754715
198306,61.86854460093895
198307,65.5046728971963
198308,68.71770334928227
198309,61.48106796116507
198310,53.71809954751128
198311,46.747899159663866
198312,34.8224409448819
198401,40.97510729613732
198402,43.38461538461538
198403,49.465020576131714
198404,49.6116883116883
198405,55.78811475409835
198406,60.2799256505576
198407,69.22663755458512
198408,70.28761467889908
198409,62.84070351758793
198410,51.59372197309416
198411,47.26550000000002
198412,38.4049773755656
198501,37.8362204724409
198502,40.31433691756274
198503,45.113058419244
198504,53.64777327935221
198505,56.439682539682494
198506,61.540484429065756
198507,66.60570469798658
198508,64.47316293929717
198509,59.687540983606524
198510,53.433123028391186
198511,38.56279069767438
198512,35.18980263157894
198601,44.41607717041801
198602,45.25073529411764
198603,51.31443850267378
198604,49.60230769230769
198605,56.028229665071805
198606,63.117892156862695
198607,62.21662591687042
198608,65.98886010362699
198609,56.981930693069316
198610,53.863451776649704
198611,47.690374331550814
198612,41.18232323232321
198701,40.00233766233766
198702,44.84755784061697
198703,48.17004504504503
198704,53.74102564102566
198705,58.087209302325576
198706,62.938004750593876
198707,63.84050925925932
198708,65.33045563549157
198709,62.37874999999999
198710,56.977230046948364
198711,48.302962962962944
198712,39.42321839080458
198801,39.637962962962966
198802,44.24642857142856
198803,46.86766055045874
198804,51.079656862745104
198805,54.666024096385556
198806,60.475380710659906
198807,65.90890052356022
198808,64.10270270270274
198809,60.82828282828283
198810,57.27455470737912
198811,47.152242744063344
198812,41.2906077348066
198901,40.285781990521315
198902,35.7922480620155
198903,45.2293144208038
198904,54.30401891252958
198905,55.51999999999999
198906,62.78529411764711
198907,65.15135746606337
198908,64.09517543859651
198909,62.668663594470004
198910,53.24521739130438
198911,47.21976744186046
198912,40.42102272727272
199001,42.06708074534165
199002,40.12834394904459
199003,47.91549707602338
199004,53.929807692307726
199005,55.168435754189915
199006,62.0538226299694
199007,69.04341317365267
199008,67.98523676880222
199009,65.53614775725593
199010,52.720212765957434
199011,47.40224719101123
199012,33.51129032258066
199101,38.872311827957006
199102,47.973192771084335
199103,44.57127659574465
199104,49.43139841688655
199105,53.88337874659399
199106,59.1760217983651
199107,68.02430939226522
199108,68.04891041162234
199109,64.85602409638554
199110,54.63263157894738
199111,46.57241379310345
199112,40.80926829268295
199201,42.37129411764707
199202,46.17939698492463
199203,49.381086956521756
199204,53.38136363636362
199205,61.76608040201006
199206,65.24259259259257
199207,66.9294478527608
199208,68.46197718631181
199209,60.17558593750006
199210,53.50239999999997
199211,43.6640860215054
199212,35.196514161220044
199301,32.17855626326965
199302,36.11662337662337
199303,45.77200854700854
199304,49.03387470997682
199305,58.005321507760534
199306,59.76244239631337
199307,61.88464912280702
199308,65.3899328859061
199309,61.70310262529831
199310,53.692111368909536
199311,37.436941176470604
199312,37.541913439635536
199401,41.06568848758464
199402,37.94495412844037
199403,47.278718535469096
199404,51.217910447761184
199405,57.68735362997655
199406,61.00204603580563
199407,68.86511627906974
199408,67.92555066079291
199409,64.08789346246974
199410,51.373922902494336
199411,38.35454545454549
199412,37.72295454545454
199501,40.636448598130855
199502,45.02868217054265
199503,45.866745843230404
199504,48.011137440758276
199505,57.77446300715988
199506,60.63491686460808
199507,67.95510204081634
199508,64.88611111111106
199509,64.1320276497696
199510,52.09436619718312
199511,49.22450980392152
199512,39.96744730679156
199601,39.126666666666644
199602,40.15762711864406
199603,45.92057522123895
199604,50.78433179723502
199605,53.249889135255
199606,61.16558891454969
199607,68.62921348314605
199608,66.61322751322754
199609,59.05027932960895
199610,52.304143646408825
199611,44.39781420765031
199612,40.27013698630135
199701,39.04754098360656
199702,41.534029850746265
199703,45.83587628865983
199704,48.96962025316456
199705,59.53502024291499
199706,60.46812749003985
199707,66.12393822393821
199708,68.30702087286527
199709,63.23784355179705
199710,51.98841201716742
199711,48.354279279279275
199712,39.704761904761924
199801,42.522048997772835
199802,44.85478468899522
199803,47.30807453416148
199804,50.38720173535791
199805,54.07227722772278
199806,61.060714285714276
199807,68.51058394160583
199808,67.34760076775429
199809,62.795608782435096
199810,51.65392156862745
199811,46.42727272727272
199812,38.941254752851705
199901,40.45062500000001
199902,42.69889624724061
199903,43.65494296577949
199904,48.34007561436669
199905,52.695779816513756
199906,59.66509433962258
199907,64.80979284369114
199908,66.72891344383058
199909,61.52989690721649
199910,52.95631067961162
199911,48.3080459770114
199912,41.27765363128493
200001,38.76942675159231
200002,43.3887150837989
200003,44.204621848739436
200004,51.74413407821228
200005,55.53771551724134
200006,62.60192102454637
200007,65.39480249480252
200008,65.36825726141078
200009,59.959299781181606
200010,51.939308176100646
200011,40.1323882224646
200012,38.620350109409145
200101,38.626715176715216
200102,39.7022118742724
200103,46.11797872340425
200104,47.41789242590563
200105,57.65349301397204
200106,59.56604938271615
200107,65.45073221757329
200108,67.13411764705886
200109,61.35641762452121
200110,51.987476808905406
200111,46.08258801141775
200112,39.736788048552704
200201,39.115809167446216
200202,41.2949117341641
200203,42.8330188679245
200204,49.51233958538998
200205,53.70474777448066
200206,62.570910973084864
200207,69.05428286852593
200208,65.38371400198612
200209,60.55168884339812
200210,49.873359451518176
200211,44.50020408163268
200212,41.52556317335948
200301,43.61522388059698
200302,40.58058887677209
200303,46.93974358974354
200304,47.29685279187821
200305,54.956746031746036
200306,63.932032854209375
200307,70.19549549549546
200308,67.63607532210112
200309,62.41149542217703
200310,55.308726178535565
200311,41.32934322033897
200312,40.226239669421446
200401,37.03094527363183
200402,40.43020063357971
200403,48.103803803803814
200404,51.425813008130085
200405,55.915634218289114
200406,62.7627411167513
200407,69.494140625
200408,68.25029585798809
200409,59.54180161943311
200410,52.15093411996056
200411,41.891411042944775
200412,40.20736842105262
200501,39.48509316770182
200502,40.924826388888874
200503,47.74182389937106
200504,50.10325077399382
200505,57.30942028985506
200506,59.438131699846835
200507,66.98354430379749
200508,66.05207182320443
200509,58.560093896713575
200510,53.36738836265222
200511,43.2799713876967
200512,39.184401114206125
200601,44.21235465116279
200602,41.0310872894334
200603,44.05837912087914
200604,50.150911640953666
200605,55.989381720430046
200606,62.36536912751681
200607,67.0974293059126
200608,63.69294871794868
200609,60.3924261874198
200610,51.54798962386514
200611,46.33991825613081
200612,40.05671641791044
200701,37.19148311306903
200702,42.54803625377643
200703,47.72446808510639
200704,49.2336
200705,55.093548387096774
200706,59.49480000000003
200707,67.05073041168657
200708,64.88376184032474
200709,58.88431372549025
200710,50.69009247027747
200711,43.874634794156734
200712,39.99300254452924
200801,37.04283903675539
200802,41.6698216735254
200803,42.4503136762861
200804,45.687564102564096
200805,54.80062189054721
200806,57.27480719794347
200807,63.8328680203046
200808,64.44582278481006
200809,59.248740554156086
200810,51.50418160095581
200811,49.187790697674416
200812,42.01329305135951
200901,43.91646706586826
200902,43.950974025974034
200903,44.24985337243402
200904,47.14030303030303
200905,52.14269005847953
200906,56.89916666666668
200907,57.22187500000001
