194001,5.083870967741934
194002,19.168965517241375
194003,28.012903225806454
194004,43.906666666666666
194005,58.148387096774194
194006,68.73333333333333
194007,78.19677419354838
194008,71.30645161290323
194009,68.02333333333333
194010,56.00967741935484
194011,27.983333333333338
194012,24.54516129032258
194101,16.4741935483871
194102,17.789285714285715
194103,30.119354838709675
194104,50.353333333333325
194105,63.948387096774184
194106,68.93666666666667
194107,77.46129032258067
194108,76.01935483870967
194109,63.376666666666665
194110,50.3774193548387
194111,34.79333333333333
194112,27.864516129032257
194201,21.890322580645165
194202,20.328571428571433
194203,33.55483870967741
194204,50.61666666666665
194205,54.28709677419354
194206,65.78333333333335
194207,71.31290322580645
194208,71.05483870967743
194209,56.24
194210,48.6
194211,33.11999999999999
194212,16.519354838709678
194301,5.216129032258066
194302,22.457142857142856
194303,24.722580645161287
194304,48.58275862068967
194305,54.170967741935485
194306,67.52068965517242
194307,75.16774193548386
194308,72.9709677419355
194309,59.29333333333333
194310,50.26129032258064
194311,31.683333333333334
194312,23.54193548387097
194401,24.351612903225806
194402,15.848275862068965
194403,24.332258064516136
194404,42.19666666666667
194405,62.41612903225805
194406,66.76
194407,71.33548387096775
194408,70.22258064516129
194409,60.17333333333333
194410,49.470967741935475
194411,33.82333333333333
194412,21.332258064516125
194501,17.916129032258066
194502,21.825000000000006
194503,38.45483870967742
194504,43.36999999999999
194505,52.50322580645161
194506,60.61333333333334
194507,71.5741935483871
194508,71.45161290322582
194509,60.16666666666666
194510,49.58064516129032
194511,30.216666666666665
194512,12.71290322580645
194601,15.977419354838712
194602,18.907142857142862
194603,40.23548387096774
194604,52.79999999999999
194605,54.374193548387105
194606,68.46666666666667
194607,74.03225806451613
194608,68.92258064516128
194609,60.08
194610,46.21935483870968
194611,30.700000000000003
194612,22.683870967741935
194701,23.383870967741935
194702,14.992857142857142
194703,28.49032258064516
194704,41.85666666666666
194705,53.89032258064517
194706,63.69333333333334
194707,73.26129032258065
194708,77.7451612903226
194709,62.879999999999995
194710,55.52580645161291
194711,25.949999999999996
194712,16.690322580645166
194801,15.444623655913983
194802,15.199425287356323
194803,26.898387096774197
194804,50.02277777777778
194805,57.57043010752688
194806,64.56944444444444
194807,73.33225806451611
194808,72.33279569892473
194809,67.23000000000003
194810,48.82473118279571
194811,33.65666666666667
194812,19.49354838709677
194901,7.99516129032258
194902,12.252380952380953
194903,30.011515151515148
194904,48.882222222222225
194905,60.3763440860215
194906,68.55055555555556
194907,76.21989247311829
194908,74.95053763440859
194909,58.34166666666667
194910,48.09193548387096
194911,41.62833333333334
194912,18.8252688172043
195001,3.1064516129032262
195002,19.008928571428562
195003,24.2263440860215
195004,37.76833333333332
195005,52.88064516129031
195006,67.17222222222222
195007,68.85860215053764
195008,68.17365591397846
195009,60.87333333333332
195010,51.74731182795699
195011,29.361878453038678
195012,19.90161290322581
195101,14.36967741935484
195102,23.24142857142857
195103,19.575483870967744
195104,41.616
195105,57.948387096774205
195106,59.957333333333324
195107,71.04516129032258
195108,68.98709677419355
195109,56.102666666666664
195110,45.93806451612902
195111,29.05
195112,12.519354838709678
195201,12.075268817204304
195202,23.745402298850568
195203,22.88225806451613
195204,48.86555555555554
195205,57.64623655913978
195206,70.60277777777777
195207,73.86129032258063
195208,71.55698924731182
195209,65.62500000000001
195210,46.61344086021504
195211,33.56333333333332
195212,24.3263440860215
195301,21.723118279569885
195302,23.144642857142863
195303,32.801075268817186
195304,39.63055555555557
195305,54.84408602150537
195306,68.38833333333334
195307,72.74462365591398
195308,72.73064516129033
195309,62.51000000000002
195310,55.18118279569893
195311,38.09277777777779
195312,24.493010752688175
195401,11.616666666666665
195402,36.71904761904763
195403,27.341397849462364
195404,46.24333333333333
195405,53.65483870967741
195406,65.98611111111111
195407,77.07688172043011
195408,72.1215053763441
195409,62.16388888888887
195410,46.649462365591404
195411,39.84277777777777
195412,25.668817204301074
195501,20.770634920634915
195502,15.021428571428574
195503,28.847580645161294
195504,53.12916666666667
195505,62.95887096774193
195506,64.99749999999999
195507,78.27177419354838
195508,77.04516129032257
195509,63.400000000000006
195510,51.30403225806451
195511,23.733333333333334
195512,13.408064516129032
195601,14.00967741935484
195602,15.62241379310345
195603,29.489516129032257
195604,39.83666666666668
195605,58.53951612903226
195606,74.69666666666669
195607,71.71048387096776
195608,70.45241935483872
195609,61.25250000000001
195610,52.872258064516124
195611,34.006666666666675
195612,26.6448
195701,9.470161290322578
195702,23.240178571428576
195703,31.548387096774196
195704,43.46833333333334
195705,55.279838709677435
195706,65.01083333333332
195707,76.95403225806453
195708,71.6516129032258
195709,59.08333333333332
195710,48.33145161290322
195711,34.025000000000006
195712,30.651612903225807
195801,25.14274193548387
195802,17.718750000000004
195803,29.454838709677418
195804,45.54333333333334
195805,62.03225806451613
195806,63.47916666666665
195807,69.11451612903224
195808,74.9733870967742
195809,64.76666666666667
195810,51.533870967741926
195811,34.95916666666666
195812,20.20967741935484
195901,13.276612903225807
195902,15.175000000000002
195903,36.17177419354839
195904,45.52833333333333
195905,56.79677419354838
195906,72.185
195907,74.65483870967739
195908,76.0508064516129
195909,60.542500000000004
195910,43.821774193548386
195911,26.060000000000002
195912,30.56451612903226
196001,16.424193548387095
196002,14.923275862068962
196003,20.08387096774194
196004,46.19000000000001
196005,57.52661290322582
196006,65.56083333333332
196007,75.83790322580646
196008,72.97419354838709
196009,63.05083333333334
196010,50.852419354838716
196011,34.9
196012,20.362903225806445
196101,17.762096774193548
196102,25.452678571428578
196103,36.937903225806444
196104,41.417500000000004
196105,55.0274193548387
196106,70.36333333333332
196107,72.66129032258063
196108,75.8741935483871
196109,58.06833333333334
196110,50.09999999999999
196111,33.0075
196112,17.507258064516126
196201,14.495967741935486
196202,18.211607142857147
196203,23.693548387096765
196204,46.38166666666666
196205,59.57500000000001
196206,66.02583333333335
196207,70.16774193548386
196208,71.675
196209,59.40999999999999
196210,52.045161290322575
196211,38.59250000000001
196212,24.67096774193548
196301,8.343548387096773
196302,23.452678571428567
196303,39.302419354838705
196304,47.360000000000014
196305,57.73225806451614
196306,70.84249999999999
196307,75.52338709677417
196308,73.01612903225806
196309,65.00083333333335
196310,58.520161290322584
196311,37.5575
196312,16.16854838709677
196401,24.29516129032258
196402,27.04224137931034
196403,27.628225806451624
196404,47.35583333333332
196405,60.803225806451614
196406,68.28333333333333
196407,77.21225806451612
196408,69.16709677419355
196409,59.490666666666655
196410,49.73419354838709
196411,30.813333333333333
196412,13.282580645161291
196501,11.88
196502,16.697142857142854
196503,20.745806451612907
196504,44.378666666666675
196505,56.93935483870969
196506,65.34133333333335
196507,72.42516129032259
196508,70.51677419354837
196509,50.798666666666676
196510,52.163225806451635
196511,33.28466666666667
196512,29.096129032258073
196601,6.434193548387096
196602,15.257142857142858
196603,35.50709677419355
196604,40.29533333333333
196605,55.755483870967744
196606,68.22266666666667
196607,78.09161290322581
196608,67.86967741935483
196609,60.522
196610,47.67096774193547
196611,30.267333333333337
196612,22.116129032258065
196701,20.888387096774192
196702,17.42357142857143
196703,34.91096774193548
196704,44.67733333333332
196705,52.05354838709679
196706,63.695333333333316
196707,71.0116129032258
196708,70.48709677419355
196709,61.98133333333331
196710,48.29612903225807
196711,33.19799999999999
196712,20.99612903225806
196801,16.059354838709684
196802,20.23241379310346
196803,38.654838709677406
196804,44.70533333333333
196805,52.23354838709678
196806,66.32333333333332
196807,70.92903225806451
196808,69.54516129032258
196809,60.23266666666665
196810,49.05870967741936
196811,33.94
196812,16.921935483870964
196901,9.263870967741935
196902,21.084999999999997
196903,22.274838709677415
196904,48.88657718120806
196905,58.74516129032258
196906,61.03466666666667
196907,71.9858064516129
196908,74.06387096774195
196909,63.54866666666666
196910,42.36322580645161
196911,34.51866666666667
196912,22.921290322580642
197001,8.425161290322581
197002,23.08714285714286
197003,26.345161290322586
197004,41.76333333333334
197005,57.36516129032258
197006,68.53333333333333
197007,73.85612903225808
197008,72.97419354838709
197009,61.50200000000001
197010,46.383870967741935
197011,31.575999999999997
197012,17.206451612903226
197101,10.639354838709679
197102,18.605714285714285
197103,30.969677419354834
197104,47.04666666666667
197105,55.226451612903205
197106,69.57133333333334
197107,69.44645161290323
197108,73.81290322580645
197109,59.701999999999984
197110,48.884516129032264
197111,33.366
197112,18.30193548387097
197201,11.463225806451614
197202,15.64689655172414
197203,31.923225806451615
197204,43.527333333333345
197205,58.58645161290323
197206,66.48866666666666
197207,69.14774193548386
197208,70.94967741935484
197209,60.76133333333334
197210,44.65032258064517
197211,31.231333333333325
197212,15.296129032258062
197301,20.2397489539749
197302,24.909090909090917
197303,40.5400826446281
197304,47.55751072961374
197305,60.2074074074074
197306,72.27017543859651
197307,75.75311203319505
197308,78.66694214876031
197309,61.56164383561646
197310,54.474583333333314
197311,34.13362831858407
197312,18.979148936170198
197401,16.18230452674898
197402,25.041284403669714
197403,35.550207468879655
197404,50.23644067796614
197405,58.34834710743805
197406,70.54721030042917
197407,81.28693877551028
197408,69.87666666666662
197409,59.45337837837843
197410,52.24183673469388
197411,34.611409395973176
197412,24.792810457516325
197501,20.197674418604663
197502,16.55510948905109
197503,26.395065789473666
197504,41.39965156794427
197505,61.79553264604812
197506,69.4968992248062
197507,79.41887417218541
197508,73.08013468013468
197509,59.19827586206892
197510,51.72491803278689
197511,33.977659574468085
197512,22.64772727272726
197601,17.527450980392157
197602,31.167375886524813
197603,33.8385093167702
197604,51.115175097276285
197605,59.04269230769231
197606,71.27015503875971
197607,77.77222222222221
197608,76.35196078431369
197609,64.24981684981687
197610,45.560150375939834
197611,29.94787644787646
197612,22.262867647058815
197701,9.023643410852719
197702,30.255364806866957
197703,36.648484848484834
197704,52.9849315068493
197705,65.85342465753423
197706,71.62588652482268
197707,76.2903114186851
197708,68.98518518518522
197709,62.25615384615384
197710,49.49589552238807
197711,32.93849206349207
197712,17.405426356589157
197801,3.041444866920153
197802,11.17804878048781
197803,32.84110032362459
197804,45.26435331230282
197805,59.76238532110095
197806,69.86198083067096
197807,73.66765578635014
197808,73.44969512195122
197809,68.4762345679012
197810,51.16552795031055
197811,30.961006289308184
197812,17.136692506459955
197901,4.342168674698795
197902,8.776689189189192
197903,30.753822629969434
197904,43.90716510903429
197905,56.15769230769232
197906,69.00264900662252
197907,74.06740506329116
197908,71.70895061728393
197909,68.16369426751588
197910,50.84672897196261
197911,32.22409240924093
197912,29.645846153846147
198001,17.689296636085622
198002,21.608278145695348
198003,31.66419753086419
198004,52.843831168831194
198005,63.523492063492
198006,72.5794019933555
198007,78.73848484848487
198008,73.1940625
198009,64.82149837133554
198010,49.71217948717948
198011,40.08518518518519
198012,24.63089171974523
198101,25.786068111455112
198102,28.34532374100718
198103,40.53218750000001
198104,55.12677966101693
198105,58.509523809523785
198106,69.79549839228298
198107,76.17304075235108
198108,72.89522388059702
198109,64.35723472668813
198110,49.451212121212116
198111,40.1251592356688
198112,21.880830670926514
198201,6.291228070175437
198202,20.30381355932203
198203,33.06566037735849
198204,44.607526881720446
198205,59.78066914498141
198206,65.23582089552241
198207,75.98884615384614
198208,73.33208955223884
198209,61.75999999999999
198210,48.80669144981414
198211,31.410902255639094
198212,26.847211895910785
198301,26.501792114695355
198302,29.543852459016403
198303,34.2260700389105
198304,42.69629629629629
198305,56.497111913357394
198306,68.04038461538464
198307,77.88279999999995
198308,79.88373205741627
198309,63.022380952380956
198310,49.49267399267399
198311,34.69695945945947
198312,3.357095709570956
198401,20.32083333333334
198402,30.61850533807827
198403,28.155063291139253
198404,46.730463576158925
198405,57.56484848484849
198406,68.91097560975612
198407,74.88879056047196
198408,76.09337349397592
198409,58.35999999999999
198410,50.126628895184105
198411,35.79573170731707
198412,17.981733746130036
198501,14.25
198502,19.609666666666666
198503,37.52586750788643
198504,52.86413373860183
198505,63.878034682080916
198506,64.0713896457766
198507,73.81465295629825
198508,68.14973404255318
198509,58.403466666666624
198510,47.58401015228428
198511,20.15115681233934
198512,14.585148514851486
198601,25.64857819905213
198602,19.6104109589041
198603,38.94461538461539
198604,45.072795969773324
198605,56.915479115479066
198606,69.83662337662345
198607,74.182722513089
198608,68.6411027568922
198609,58.308563535911574
198610,49.8191056910569
198611,29.64605809128631
198612,27.94106463878327
198701,27.138339920948617
198702,32.81250000000001
198703,36.38633093525179
198704,55.77642585551331
198705,65.35724637681159
198706,72.83
198707,76.33804713804714
198708,68.20083102493076
198709,63.40877659574469
198710,49.26430446194227
198711,42.86380697050939
198712,33.49876847290638
198801,19.770918367346944
198802,23.019947506561675
198803,42.944584382871525
198804,52.035750000000014
198805,66.3286396181384
198806,76.68834196891191
198807,76.45013192612127
198808,75.2064864864865
198809,64.63794117647055
198810,52.96729559748431
198811,42.134523809523806
198812,33.006575342465744
198901,33.377747252747255
198902,18.22262996941895
198903,36.39636871508381
198904,55.47648902821315
198905,68.19465240641705
198906,73.00771144278609
198907,78.15885057471266
198908,73.5627802690584
198909,62.421844660194175
198910,49.37803030303028
198911,32.567692307692305
198912,15.251670951156807
199001,29.22005076142133
199002,26.01130434782608
199003,36.48484848484848
199004,45.440054495912804
199005,55.578272251308896
199006,68.98184210526315
199007,72.05613577023496
199008,73.09485294117654
199009,67.00975609756098
199010,48.477312775330425
199011,37.92464788732391
199012,17.104337899543385
199101,16.51991247264771
199102,32.24611528822055
199103,36.44668246445499
199104,47.97599999999999
199105,59.64520547945205
199106,68.83204134366923
199107,71.98602739726026
199108,72.05177514792895
199109,61.06246786632395
199110,43.520380434782616
199111,27.309367088607587
199112,27.834794520547963
199201,28.04504950495051
199202,30.841249999999988
199203,37.25879396984924
199204,43.36443298969072
199205,58.88128205128204
199206,63.242092457420924
199207,63.57434210526308
199208,64.59152173913046
199209,59.34865470852019
199210,47.15139784946243
199211,29.714628820960705
199212,18.905376344086037
199301,14.573987206823025
199302,15.229906542056089
199303,31.715268817204315
199304,42.77582417582416
199305,55.56846846846844
199306,61.7337931034483
199307,66.68512931034488
199308,67.56228070175439
199309,55.01263858093126
199310,46.50935412026725
199311,28.941230068337124
199312,24.371702127659567
199401,10.3640350877193
199402,13.565887850467291
199403,35.573673469387735
199404,44.63384615384616
199405,60.3342047930283
199406,67.13868778280545
199407,68.4121951219512
199408,68.23370535714282
199409,62.285176470588205
199410,48.24532224532223
199411,32.58461538461539
199412,22.762222222222242
199501,18.23833671399595
199502,23.78713318284424
199503,28.903434343434345
199504,36.94817813765184
199505,51.636546184738926
199506,64.77526205450732
199507,70.34554455445543
199508,72.03279678068412
199509,58.43704453441294
199510,45.078277886497055
199511,28.09016393442623
199512,21.033400402414504
199601,10.303206412825654
199602,20.672916666666673
199603,23.493528183716087
199604,41.45131578947369
199605,51.95162601626016
199606,66.39258517034065
199607,69.11924528301886
199608,69.62466666666664
199609,58.93706293706296
199610,46.45743243243244
199611,21.887328767123275
199612,11.551470588235293
199701,10.22934782608696
199702,21.68765957446807
199703,31.0288888888889
199704,41.031075697211136
199705,52.90419580419582
199706,68.41448763250882
199707,71.87319587628866
199708,69.10508474576271
199709,62.82677165354332
199710,47.622907488986804
199711,28.323605150214586
199712,26.865315315315325
199801,19.961290322580645
199802,32.079464285714295
199803,27.019354838709663
199804,47.96916666666664
199805,60.2505535055351
199806,63.540754716981155
199807,72.92327272727276
199808,71.26383763837642
199809,64.44716981132078
199810,48.204301075268845
199811,34.46000000000002
199812,24.75511811023624
199901,19.575524475524464
199902,31.052674897119335
199903,35.57556270096462
199904,44.378403755868504
199905,55.32248908296941
199906,64.44966292134828
199907,73.29483146067415
199908,70.79078341013827
199909,57.51729323308271
199910,48.63193473193477
199911,40.74719101123592
199912,27.98637362637361
200001,23.235125448028683
200002,31.44099616858237
200003,39.255197132616466
200004,45.49514925373135
200005,57.846536412078095
200006,64.12940140845073
200007,72.77068965517238
200008,72.49641638225255
200009,61.70053097345128
200010,49.358703071672345
200011,25.423076923076923
200012,13.65724637681161
200101,24.60430107526882
200102,15.684523809523817
200103,30.873835125448025
200104,46.80666666666665
200105,57.914984709480144
200106,66.32803030303033
200107,75.00529411764711
200108,73.89663865546208
200109,62.13087818696899
200110,47.94016172506738
200111,42.27197640117989
200112,28.723417721518988
200201,28.18490566037735
200202,31.95516129032259
200203,24.86888888888888
200204,45.583333333333336
200205,52.68168449197858
200206,70.65471698113205
200207,77.15552631578952
200208,70.21264980026626
200209,62.2877192982456
200210,40.61127129750986
200211,36.09100817438691
200212,30.847866666666658
200301,21.867789757412396
200302,20.054586466165425
200303,32.583761840324726
200304,47.680523255813995
200305,55.37560646900284
200306,63.91692307692306
200307,75.13951612903215
200308,75.06580027359787
200309,60.29747899159655
200310,51.76861111111112
200311,29.60340909090903
200312,27.79508196721314
200401,18.183195592286506
200402,24.10889212827988
200403,39.06334231805926
200404,48.33561452513966
200405,56.237651821862286
200406,62.884269662921355
200407,71.34498644986455
200408,66.7239782016348
200409,63.65308988764043
200410,49.21557377049181
200411,37.07592067988669
200412,28.308516483516502
200501,18.65495495495493
200502,29.516831683168295
200503,34.718694362017764
200504,48.335582822085875
200505,54.39910179640717
200506,68.16501547987617
200507,74.68048780487803
200508,71.01220238095236
200509,65.81069182389932
200510,49.03887147335423
200511,37.34392523364487
200512,21.71121212121214
200601,32.595223880597054
200602,23.537123745819386
200603,32.772155688622725
200604,50.45403726708078
200605,58.57215568862285
200606,69.92668711656435
200607,78.4933933933934
200608,71.99235294117643
200609,57.03606060606062
200610,44.781269841269825
200611,34.44575757575757
200612,28.282738095238095
200701,21.322781065088733
200702,16.858881578947376
200703,40.33196480938415
200704,43.468807339449604
200705,60.68905325443787
200706,68.84090909090905
200707,76.73536585365852
200708,71.26677740863788
200709,62.66241610738258
200710,50.41254237288131
200711,35.028911564625886
200712,20.20129449838185
200801,17.531137724550902
200802,20.591233766233774
200803,31.845161290322594
200804,42.357538461538454
200805,53.52235294117644
200806,64.12151515151514
200807,73.04281524926684
200808,71.13580645161302
200809,60.93174603174603
200810,47.43238095238097
200811,36.15524956970738
200812,17.84032258064516
200901,22.849999999999994
200902,27.192727272727282
200903,32.376999999999995
200904,42.61751824817518
200905,55.893835616438366
200906,62.009523809523806
200907,67.49750000000002
