194004,64.07333333333334
194005,72.14838709677421
194006,77.01000000000002
194007,84.12903225806448
194008,78.77096774193548
194009,74.62333333333332
194010,65.57096774193549
194011,49.71666666666668
194012,46.3709677419355
194101,45.77419354838708
194102,47.00000000000002
194103,48.90322580645162
194104,61.04333333333332
194105,70.10322580645162
194106,74.84333333333329
194107,80.21129032258061
194108,80.22580645161295
194109,75.19833333333331
194110,67.58387096774193
194111,53.68999999999995
194112,47.532258064516135
194201,43.58239436619718
194202,47.553571428571416
194203,56.93602150537635
194204,66.6222222222222
194205,73.08924731182796
194206,81.20055555555554
194207,82.3962365591398
194208,80.75591397849462
194209,72.57842323651454
194210,66.35632530120479
194211,59.85333333333335
194212,50.58924731182793
194301,47.714734774066805
194302,55.774432989690716
194303,56.66504347826086
194304,70.88649122807018
194305,75.28913412563665
194306,81.88052631578948
194307,84.45517826825129
194308,87.12098976109216
194309,75.98684210526316
194310,66.78913412563666
194311,56.28982456140349
194312,47.0188455008489
194401,47.47011884550086
194402,55.23756805807622
194403,58.79490662139221
194404,67.7889473684211
194405,73.97537688442209
194406,82.23230240549827
194407,85.15253968253971
194408,84.03089700996676
194409,77.03238805970146
194410,69.15173410404627
194411,58.81216617210679
194412,46.915561959654184
194501,49.74932614555255
194502,53.79955357142857
194503,64.40560975609756
194504,65.33743718592966
194505,73.98200253485425
194506,80.47097222222227
194507,81.50098314606743
194508,82.70719530102788
194509,78.19156249999999
194510,66.0450885668277
194511,62.04163701067615
194512,48.1629258517034
194601,46.66658711217185
194602,54.2509881422925
194603,63.790425531914906
194604,72.08662420382166
194605,75.53567839195982
194606,80.72333333333337
194607,86.33300970873788
194608,84.72903225806452
194609,76.87444444444444
194610,70.75439814814816
194611,59.63128205128206
194612,56.17008797653958
194701,48.328739002932544
194702,47.401623376623384
194703,54.697014925373146
194704,68.7359477124183
194705,74.50528301886791
194706,82.37720000000002
194707,84.44247104247103
194708,83.87528957528957
194709,80.41377952755907
194710,76.2901960784314
194711,58.29703389830508
194712,53.68470588235292
194801,44.06782006920416
194802,51.9671096345515
194803,59.40527859237538
194804,72.16554878048784
194805,76.5
194806,83.6242424242424
194807,82.88482142857144
194808,83.24516574585635
194809,76.44606580829758
194810,67.41230769230768
194811,56.5781206171108
194812,53.738026315789476
194901,43.301249999999996
194902,52.81483146067416
194903,58.6941431670282
194904,62.7650168728909
194905,75.45740540540538
194906,80.41107226107226
194907,82.50910087719299
194908,80.50367483296212
194909,76.58751418842225
194910,67.26027111574557
194911,59.88553459119496
194912,52.36093117408906
195001,54.30858018386107
195002,55.61422172452408
195003,57.879289340101515
195004,64.98451749734886
195005,74.5618181818182
195006,79.39364548494984
195007,80.90043431053205
195008,81.23050108932462
195009,76.22383654937572
195010,71.56545454545454
195011,57.56642512077294
195012,50.928983833718235
195101,49.63513824884793
195102,51.89795396419437
195103,59.5383003492433
195104,65.61131386861314
195105,73.87210810810812
195106,80.61822485207102
195107,84.84413793103448
195108,85.88645948945617
195109,78.24654983570647
195110,70.53336734693879
195111,55.71981707317075
195112,53.681578947368415
195201,57.524679170779855
195202,56.26502617801048
195203,58.21727574750831
195204,64.39151743638078
195205,72.87961654894048
195206,81.30424374319912
195207,82.59586426299046
195208,85.48412017167384
195209,77.64040296924708
195210,65.14703476482617
195211,56.66144957983193
195212,49.991422805247225
195301,54.21104594330399
195302,52.847727272727276
195303,65.02896825396822
195304,66.69896907216494
195305,74.28125603864734
195306,85.12803738317756
195307,83.99701789264414
195308,82.40568070519097
195309,78.1470411233701
195310,69.54975369458128
195311,57.09343137254902
195312,47.75275142314992
195401,51.74425451092117
195402,58.66256572029443
195403,58.68783524904215
195404,70.85076297049848
195405,72.02049335863379
195406,81.95864197530861
195407,85.75628140703517
195408,84.71382667964947
195409,81.26230158730161
195410,70.86022944550668
195411,58.55952380952381
195412,54.72563067608476
195501,52.11211401425178
195502,54.08476821192052
195503,62.2589024390244
195504,71.51717171717173
195505,77.60552884615382
195506,79.9729662077597
195507,83.58281829419037
195508,83.2628078817734
195509,80.31240601503758
195510,70.45832320777643
195511,59.48108108108108
195512,53.118117647058824
195601,51.51109852774632
195602,56.20615199034983
195603,61.478103837471785
195604,68.22855464159812
195605,78.04269662921348
195606,82.7313679245283
195607,85.1508731082654
195608,85.11565113500596
195609,80.81168996188056
195610,73.41253101736973
195611,57.85841708542714
195612,55.85135467980296
195701,52.66593673965936
195702,60.76567967698521
195703,60.17534076827755
195704,66.68537859007832
195705,74.474125
195706,80.45504587155962
195707,85.87806451612907
195708,84.70986267166043
195709,76.93783102143757
195710,66.40480404551204
195711,57.87206427688504
195712,56.284542211652806
195801,49.43368669022377
195802,50.275911458333326
195803,55.567334905660374
195804,67.10191082802548
195805,75.72475609756098
195806,83.13319727891154
195807,85.02390710382511
195808,84.62605729877217
195809,79.02262247838614
195810,68.16025280898879
195811,61.3489971346705
195812,50.07448275862069
195901,48.6416905444126
195902,53.585993485342016
195903,60.185735735735754
195904,65.72769953051643
195905,76.93840361445781
195906,81.66507177033493
195907,82.69122023809524
195908,82.84462686567166
195909,79.8689393939394
195910,70.10236336779911
195911,54.10588235294117
195912,54.52057971014492
196001,49.74507462686568
196002,49.13561208267092
196003,55.05074183976261
196004,69.45772230889236
196005,73.69866666666665
196006,82.64269293924468
196007,83.82013769363168
196008,82.19694915254236
196009,78.62262521588947
196010,71.58957264957264
196011,61.348453608247425
196012,48.71315789473686
196101,46.235245901639345
196102,54.5910746812386
196103,63.58023255813954
196104,66.63523316062175
196105,75.5824414715719
196106,78.84129263913825
196107,81.06090225563909
196108,80.67397769516728
196109,77.17485822306239
196110,68.4309963099631
196111,55.85093283582088
196112,51.43440860215055
196201,44.43207885304659
196202,59.43486973947894
196203,56.575583482944346
196204,66.5280602636535
196205,75.94195298372513
196206,79.51245283018869
196207,83.95706214689265
196208,85.4598484848485
196209,78.45896946564883
196210,72.30055970149252
196211,58.26592592592593
196212,50.456989247311824
196301,43.15232974910394
196302,49.90119284294234
196303,62.89981851179674
196304,71.71914893617021
196305,75.89077757685357
196306,81.69731800766284
196307,84.16403013182672
196308,84.60491493383745
196309,78.93612167300381
196310,72.93954802259886
196311,61.1562030075188
196312,44.30848056537102
196401,48.70870337477799
196402,47.727428571428575
196403,59.104092526690394
196404,68.96462715105162
196405,75.44723707664886
196406,80.29846743295019
196407,84.1795918367347
196408,84.16261682242991
196409,77.77913533834585
196410,65.75877034358048
196411,61.09099099099099
196412,51.25946902654867
196501,51.651442307692314
196502,49.62464285714287
196503,52.61193548387097
196504,70.17491467576792
196505,74.26360708534621
196506,80.07581475128647
196507,84.43110367892977
196508,82.13786885245902
196509,78.6541595925297
196510,66.01092985318108
196511,63.96926829268291
196512,54.28658346333853
196601,44.0869774919614
196602,48.32142857142857
196603,59.14653784219001
196604,67.24278523489933
196605,73.01404399323181
196606,79.34813499111901
196607,84.65968586387434
196608,81.33333333333331
196609,76.84116607773852
196610,67.11754966887416
196611,62.36847290640393
196612,49.46395534290272
196701,49.66214953271027
196702,50.75576592082616
196703,64.2663536776213
196704,72.76473509933776
196705,73.69845679012347
196706,81.49735099337748
196707,82.45657686212363
196708,81.15444444444445
196709,74.43162118780097
196710,67.24215530903328
196711,58.111612903225804
196712,49.587577639751544
196801,46.83919885550787
196802,47.056488549618315
196803,55.89403202328968
196804,66.40136570561455
196805,73.78587896253599
196806,78.89740458015268
196807,80.81592920353982
196808,82.28791848617176
196809,75.30663507109004
196810,69.668125
196811,56.09889937106917
196812,50.68986175115208
196901,51.805985401459864
196902,52.29593908629441
196903,52.17734976887519
196904,67.92548387096775
196905,73.22718894009216
196906,80.31800947867298
196907,86.25598159509201
196908,83.93773006134968
196909,77.73732283464567
196910,67.3978787878788
196911,56.410685805422645
196912,52.408307210031346
197001,43.48913412563667
197002,51.72420262664168
197003,54.764873949579844
197004,68.01885813148787
197005,72.38361486486484
197006,79.58284228769497
197007,83.45801011804387
197008,84.28593220338983
197009,77.68641114982579
197010,65.31899159663865
197011,55.57592267135323
197012,56.93022847100175
197101,51.657029702970306
197102,53.12577777777778
197103,59.641566265060256
197104,66.69476987447698
197105,74.13836734693878
197106,81.75511111111112
197107,83.74795698924731
197108,79.3225806451613
197109,77.05333333333331
197110,70.57397849462367
197111,59.40377777777779
197112,54.78666666666665
197201,50.72811059907834
197202,53.49704433497537
197203,64.20345622119817
197204,71.33261904761906
197205,73.52096774193548
197206,80.81785714285716
197207,81.24746543778804
197208,81.32926267281107
197209,79.30952380952381
197210,68.81105990783412
197211,52.32119047619048
197212,47.10921658986176
197301,49.678440366972495
197302,52.77149877149877
197303,66.43318385650221
197304,66.54038461538462
197305,75.81136363636361
197306,79.48142857142857
197307,83.10350877192984
197308,82.16403508771936
197309,79.42523364485984
197310,72.8107142857143
197311,67.6306603773585
197312,56.619209039548004
197401,55.19760479041915
197402,59.275496688741725
197403,68.01412429378529
197404,70.89942528735632
197405,78.8078947368421
197406,81.88106508875738
197407,84.4343373493976
197408,83.0584905660377
197409,75.91032258064514
197410,72.21437125748504
197411,62.18609271523179
197412,55.1530303030303
197501,58.191044776119405
197502,56.479838709677416
197503,61.445454545454545
197504,70.26100628930817
197505,76.58121546961326
197506,80.89733333333332
197507,82.55
197508,82.56940298507462
197509,76.59537953795379
197510,71.87378640776699
197511,63.31162162162161
197512,55.27179487179486
197601,52.986772486772495
197602,61.43215258855585
197603,64.99354005167959
197604,69.5494252873563
197605,72.35258620689653
197606,79.30147058823528
197607,80.5308868501529
197608,82.23132530120478
197609,77.7597972972973
197610,65.01725352112678
197611,54.87269624573378
197612,48.86832579185519
197701,43.18227272727273
197702,54.471759259259244
197703,61.22416356877323
197704,67.84052044609663
197705,75.66583629893236
197706,82.01504065040649
197707,85.4862348178138
197708,85.13095238095238
197709,82.0978902953586
197710,70.79146341463415
197711,61.24570312499998
197712,53.47333333333334
197801,41.148598130841116
197802,43.60682593856656
197803,57.471999999999994
197804,68.89716088328073
197805,76.54190476190477
197806,82.31411764705881
197807,86.35871886120995
197808,85.12654545454544
197809,79.7142857142857
197810,70.91935483870967
197811,62.05534351145038
197812,49.53464285714285
197901,40.33680297397771
197902,47.26131687242799
197903,60.4692832764505
197904,67.48721804511278
197905,71.75097276264592
197906,80.56614785992217
197907,83.00794223826713
197908,82.80691056910567
197909,76.52213114754097
197910,71.38749999999999
197911,55.294594594594585
197912,50.81441441441441
198001,49.52212389380533
198002,49.75619047619048
198003,58.41851851851852
198004,66.2762711864407
198005,74.80401459854014
198006,83.18971631205673
198007,87.36524822695033
198008,85.71580882352943
198009,79.58905109489052
198010,66.02558922558923
198011,55.32616487455196
198012,51.04708029197079
198101,47.560288808664254
198102,51.37276595744681
198103,57.941328413284104
198104,69.50347490347491
198105,72.09291666666667
198106,79.8474418604651
198107,82.54798387096774
198108,82.95776699029126
198109,77.43923444976076
198110,69.57477064220183
198111,60.77053140096618
198112,51.99126984126985
198201,48.32680851063829
198202,47.87964601769912
198203,60.670943396226406
198204,64.79294117647059
198205,73.57193675889327
198206,79.87948717948716
198207,83.36245059288538
198208,84.21400778210115
198209,78.3451127819549
198210,68.1208
198211,58.37777777777779
198212,52.01757322175732
198301,47.90991735537191
198302,52.150869565217405
198303,58.50441767068273
198304,64.15400843881858
198305,72.95560538116592
198306,79.87572815533983
198307,83.24426229508197
198308,83.53073593073593
198309,77.0677966101695
198310,69.31190476190477
198311,58.5288888888889
198312,39.573913043478264
198401,41.33427762039661
198402,51.34260355029587
198403,56.00758426966292
198404,65.89596541786744
198405,74.12203389830508
198406,80.60794520547945
198407,84.42760180995475
198408,85.06659528907923
198409,75.751914893617
198410,67.71767241379314
198411,57.315348837209314
198412,54.58078703703704
198501,40.471208791208795
198502,44.43587174348699
198503,57.858318739054276
198504,65.30585009140768
198505,72.02974789915967
198506,77.68770161290325
198507,81.06594594594591
198508,81.86492805755397
198509,77.13560000000004
198510,69.43197026022304
198511,60.832388663967606
198512,43.555238095238096
198601,50.66949494949494
198602,52.435876288659806
198603,58.5547202797203
198604,65.1171875
198605,69.81238938053095
198606,76.05404929577465
198607,80.76034782608697
198608,79.15054545454545
198609,76.1312390924956
198610,64.44105754276826
198611,55.75391014975041
198612,48.310122164048884
198701,47.130161290322576
198702,51.890442477876086
198703,58.091083916083925
198704,66.84163701067617
198705,75.81025641025643
198706,80.19408866995072
198707,83.46677367576244
198708,85.90000000000005
198709,78.90176056338032
198710,69.37677642980934
198711,60.16182795698924
198712,52.68013245033112
198801,45.32227642276423
198802,50.06635338345863
198803,58.65901060070673
198804,65.61152073732717
198805,69.92752161383285
198806,76.18981481481481
198807,79.36554878048779
198808,80.6908116385911
198809,77.82739938080498
198810,69.59357798165138
198811,63.33312302839117
198812,53.405624999999986
198901,53.73261538461537
198902,47.35211505922165
198903,58.84785478547853
198904,68.1404411764706
198905,76.71889632107023
198906,79.84227769110765
198907,83.82805071315373
198908,82.91676384839647
198909,76.78920187793427
198910,70.97575757575761
198911,61.19106583072103
198912,42.902479338842966
199001,55.16948148148145
199002,57.342349304482205
199003,60.393835616438345
199004,66.8474212034384
199005,75.65639614855567
199006,84.75823529411761
199007,82.40497737556566
199008,84.46896551724136
199009,80.24656862745094
199010,69.13078014184397
199011,63.04260731319555
199012,52.74414976599063
199101,48.39251497005985
199102,56.99726775956281
199103,63.30190476190478
199104,71.00999999999998
199105,76.67727272727272
199106,81.70659133709982
199107,84.35389105058361
199108,83.46777777777778
199109,75.28581687612207
199110,70.20860805860804
199111,55.19395161290321
199112,53.32000000000001
199201,49.1980582524272
199202,56.782276422764234
199203,62.27511244377812
199204,67.10129870129867
199205,71.89347826086957
199206,79.95527638190954
199207,83.16476868327395
199208,80.08612099644124
199209,78.32074829931969
199210,70.79389721627408
199211,55.649547511312214
199212,52.78181818181819
199301,47.12230483271375
199302,51.320352781546816
199303,57.59613526570049
199304,63.549620253164555
199305,71.56704119850185
199306,80.03629343629345
199307,85.20478873239438
199308,85.8989643268124
199309,77.5810096153846
199310,65.14241706161138
199311,52.41873479318737
199312,50.81213942307692
199401,47.2308598351001
199402,50.77724399494309
199403,59.82089552238806
199404,67.04390832328107
199405,71.94441805225652
199406,82.25169385194482
199407,83.49869976359341
199408,82.52590361445785
199409,75.81739659367392
199410,67.91568877551022
199411,60.099386503067464
199412,50.72484993997598
199501,49.54374269005848
199502,53.58806744487679
199503,57.702447552447566
199504,65.4967980295566
199505,73.75188235294115
199506,79.47781818181817
199507,84.4556511056511
199508,84.63741092636579
199509,77.3646840148699
199510,68.60763807285548
199511,57.3396551724138
199512,50.62918149466192
199601,46.58620283018864
199602,54.564943253467845
199603,54.83863885839736
199604,66.30432309442547
199605,79.35766666666666
199606,81.83852364475202
199607,85.37457627118643
199608,81.76363636363638
199609,76.05796915167093
199610,69.00667522464703
199611,58.603712871287144
199612,53.124166666666646
199701,46.989846517119275
199702,52.282720178372344
199703,61.452656546489585
199704,63.31390804597706
199705,72.19340344168252
199706,79.25699029126217
199707,84.28028311425683
199708,83.03034330011076
199709,79.97956756756759
199710,68.0098241985522
199711,54.41070686070688
199712,47.58561224489799
199801,52.09661691542289
199802,52.82070949185045
199803,57.18213028169011
199804,64.91438127090302
199805,77.68399053627763
199806,84.29545829892649
199807,87.80713128038897
199808,84.56784282277458
199809,81.3948402948403
199810,70.06009036144569
199811,60.51349693251525
199812,50.639176829268294
199901,53.21894586894585
199902,58.18393574297189
199903,58.18045897079285
199904,68.85600247524752
199905,73.19248029108543
199906,79.83851393188856
199907,82.6563823351482
199908,86.52434988179667
199909,77.7480340760157
199910,67.97277258566983
199911,61.49424999999993
199912,51.169291338582624
200001,53.329461998292
200002,59.74973045822098
200003,63.79936868686872
200004,67.7523043478261
200005,77.35788135593228
200006,79.81613043478272
200007,85.26714770797963
200008,85.98822790113111
200009,79.5750650477017
200010,69.5313642158947
200011,54.43867798124165
200012,44.44755458515283
200101,46.466934121621605
200102,54.83330215154354
200103,54.800000000000075
200104,69.89109470026072
200105,75.32076271186446
200106,80.96205395996526
200107,85.32117886178868
200108,83.93697978596911
200109,75.95760869565221
200110,67.25793871866291
200111,61.42716904276986
200112,53.18732673267333
200201,52.02766040688573
200202,50.05441364605543
200203,58.45893812070275
200204,71.31819589624467
200205,75.46327338129504
200206,80.95650887573967
200207,82.04984104556698
200208,83.74396491228066
200209,78.16433260393867
200210,67.69250609968636
200211,55.93439767779394
200212,51.482540784449824
200301,47.83225017470301
200302,50.34602009273568
200303,59.068178717598926
200304,68.56352416866656
200305,77.53681063122932
200306,79.91987556170074
200307,83.06043189368778
200308,83.79539776462858
200309,75.21635135135126
200310,69.17327868852458
200311,61.09715850736061
200312,51.668631997350076
200401,51.25345911949683
200402,49.31673611111113
200403,63.46238234339493
200404,66.20866194809567
200405,74.79567415730334
200406,78.31708081018996
200407,81.28527376951968
200408,80.06053688823961
200409,76.5759036144578
200410,71.49712321331641
200411,57.6800585437249
200412,49.02101536867547
200501,51.01704688342017
200502,52.78714425907755
200503,57.52310242540571
200504,65.525612119077
200505,72.31514893617013
200506,81.56924964936889
200507,82.54580689418617
200508,82.1526547176192
200509,81.0005631819782
200510,67.4700033145509
200511,60.23736052998604
200512,48.851519731318255
200601,55.04225817101354
200602,51.256692195477726
200603,62.15525234259408
200604,71.58591501028098
200605,75.93267261314833
200606,81.23793342579756
200607,83.71579391891895
200608,84.68919466486581
200609,75.82925634295715
200610,68.02165280841677
200611,58.41780798348247
200612,50.368046357615896
200701,44.1227730953561
200702,50.57105263157896
200703,62.727450331125844
200704,62.89742891197001
200705,72.43695508586529
200706,78.31496505880341
200707,79.02323051948055
200708,82.68875272788318
200709,77.70284504657072
200710,69.44254071661231
200711,59.151204620462046
200712,51.48931718061675
200801,47.56718923198733
200802,54.77547651463577
200803,59.71314965560426
200804,66.57624067466753
200805,75.10377746167222
200806,82.65420256868794
200807,82.69478246909611
200808,81.40171093368099
200809,74.65373259520216
200810,66.69817495280051
200811,59.14777465918202
200812,53.57114893617024
200901,52.837826797385624
200902,60.167274384685506
200903,62.579819524200175
200904,68.7135619641465
200905,76.11505617977525
200906,83.07683794466404
200907,85.04561933534744
