194209,70.21460674157304
194210,60.186868686868685
194211,52.77333333333334
194212,45.03161290322581
194301,42.00967741935484
194302,48.296428571428564
194303,52.98064516129033
194304,65.22333333333331
194305,70.91236559139783
194306,78.76666666666665
194307,80.00215053763444
194308,82.1994623655914
194309,72.68388888888889
194310,60.94892473118279
194311,47.998888888888885
194312,39.773118279569886
194401,37.690322580645166
194402,45.32758620689656
194403,50.249462365591384
194404,57.985
194405,68.66075268817204
194406,77.815
194407,79.9763440860215
194408,78.4209677419355
194409,70.85055555555554
194410,62.751612903225784
194411,47.846666666666664
194412,39.67849462365591
194501,41.404301075268826
194502,47.91190476190476
194503,51.27956989247312
194504,58.504999999999995
194505,71.26720430107527
194506,77.55555555555553
194507,80.68602150537636
194508,80.4951612903226
194509,74.73944444444446
194510,61.368817204301095
194511,51.14518072289157
194512,41.27741935483871
194601,39.41208053691274
194602,46.70714285714286
194603,56.5
194605,79.15714285714284
194606,91.31333333333335
194607,89.43870967741935
194608,82.5306451612903
194609,77.6361111111111
194610,66.1774193548387
194611,48.97944444444446
194612,46.22458100558659
194701,39.26559139784946
194702,48.85952380952379
194703,54.56881720430106
194704,61.93833333333333
194705,74.11129032258066
194706,80.5050314465409
194707,84.47564102564101
194708,79.57254901960783
194709,77.80077519379844
194710,67.47644927536231
194711,47.67259259259258
194712,40.267741935483876
194801,38.36989247311827
194802,45.767432950191576
194803,49.40286738351255
194804,66.17407407407406
194805,72.8942652329749
194806,79.63366666666666
194807,78.58024193548388
194808,77.02560483870968
194809,71.47541666666666
194810,58.49818548387096
194811,42.086250000000014
194812,41.714717741935466
194901,30.99753320683113
194902,40.22926315789474
194903,49.920303605313094
194904,56.60882352941175
194905,66.85787476280836
194906,74.80039215686274
194907,77.21783681214421
194908,75.30113851992412
194909,70.07392156862744
194910,56.796015180265655
194911,49.905686274509804
194912,36.93700189753321
195001,41.08330170777988
195002,46.18928571428572
195003,50.983870967741936
195004,60.610784313725496
195005,67.06491935483872
195006,76.85372549019608
195007,75.27703984819735
195008,75.60986717267554
195009,68.80333333333333
195010,64.99563567362429
195011,48.478823529411756
195012,43.02390891840607
195101,38.25684410646387
195102,41.71449579831933
195103,48.085578747628084
195104,56.35450980392156
195105,67.48121442125237
195106,76.17352941176472
195107,81.67058823529412
195108,77.52998102466792
195109,72.6756862745098
195110,61.27666034155596
195111,44.77490196078431
195112,39.401897533206835
195201,42.87324478178369
195202,41.81379310344827
195203,44.74060721062617
195204,57.20686274509803
195205,67.55028462998104
195206,78.67137254901961
195207,77.70094876660343
195208,78.77855787476278
195209,71.47490196078428
195210,60.82794676806083
195211,43.262352941176474
195212,37.884104627766604
195301,44.66895161290323
195302,41.908158508158515
195303,52.13729838709678
195304,58.53235908141964
195305,64.75247311827955
195306,80.57
195307,80.60967741935484
195308,78.31913978494623
195309,73.79999999999998
195310,60.84907834101382
195311,49.171904761904756
195312,35.09285714285714
195401,41.106136363636374
195402,47.94413265306124
195403,49.17741935483872
195404,64.31261904761905
195405,68.99055299539171
195406,77.69642857142857
195407,80.42626728110599
195408,75.9453917050691
195409,73.28285714285714
195410,62.24216589861752
195411,49.29190476190476
195412,39.237096774193546
195501,36.906687898089174
195502,39.31392857142856
195503,51.6874193548387
195504,60.330999999999996
195505,67.85967741935484
195506,76.80499999999996
195507,76.96774193548389
195508,77.65451612903225
195509,74.12766666666666
195510,62.61290322580645
195511,48.76212121212121
195512,43.22580645161291
195601,43.592961876832845
195602,39.482131661442
195603,52.3915915915916
195604,57.50759075907592
195605,71.59777070063696
195606,80.43234323432344
195607,78.58424437299036
195608,76.29305993690852
195609,74.00067340067342
195610,62.25331230283913
195611,42.68633333333332
195612,38.1255737704918
195701,43.1015923566879
195702,50.829537366548045
195703,50.305144694533766
195704,56.34019607843139
195705,64.05445859872613
195706,76.90166666666667
195707,79.98917197452229
195708,76.3996815286624
195709,70.42666666666669
195710,57.79968454258675
195711,43.22457912457913
195712,41.12250803858522
195801,37.2264331210191
195802,45.82535211267606
195803,44.403536977491974
195804,56.92516339869283
195805,69.54235668789809
195806,79.22211221122113
195807,80.48789808917198
195808,78.52025723472673
195809,69.92442244224424
195810,58.04794952681387
195811,46.80816326530612
195812,41.236538461538466
195901,39.57170418006431
195902,42.86227758007118
195903,48.78280254777071
195904,59.26503267973856
195905,68.36881028938906
195906,78.6467320261438
195907,79.1312101910828
195908,76.48167202572346
195909,72.98184818481849
195910,59.92197452229299
195911,44.72929292929294
195912,40.73949044585987
196001,34.06720779220779
196002,38.09486301369864
196003,52.288328075709785
196004,61.024752475247524
196005,67.99736070381232
196006,79.39315476190478
196007,77.59262536873158
196008,78.72816091954023
196009,72.89219219219217
196010,59.39180790960453
196011,48.86966966966966
196012,32.7447619047619
196101,35.800000000000004
196102,43.588996763754054
196103,50.508625336927224
196104,60.100279329608945
196105,70.41091370558375
196106,78.42572178477688
196107,79.65268542199489
196108,77.23518987341772
196109,69.11226666666668
196110,60.648936170212764
196111,44.11447721179624
196112,39.06135770234987
196201,34.750895140664966
196202,48.01802816901409
196203,46.227411167512706
196204,62.35328083989502
196205,69.92131979695432
196206,76.27821522309712
196207,76.48804071246818
196208,79.89240506329115
196209,70.21928374655647
196210,60.9255376344086
196211,50.01333333333333
196212,40.35093333333334
196301,32.412541254125415
196302,42.920664206642066
196303,49.24133333333334
196304,59.533904109589045
196305,70.107
196306,76.11145833333335
196307,80.40431893687708
196308,74.52325581395348
196309,71.46689895470385
196310,62.76140939597316
196311,47.334859154929575
196312,35.25966101694915
196401,32.7993883792049
196402,32.82890365448505
196403,44.82670807453417
196404,55.761464968152865
196405,67.4840625
196406,75.36847133757962
196407,79.8216049382716
196408,76.6417445482866
196409,69.01182108626197
196410,59.78098159509203
196411,45.340514469453375
196412,36.929846153846164
196501,40.372480620155045
196502,39.64025423728813
196503,44.5572
196504,58.11422413793104
196505,65.15564853556485
196506,72.382905982906
196507,78.60458333333331
196508,75.22231404958676
196509,67.84137931034482
196510,58.930543933054395
196511,51.20873362445414
196512,39.613865546218484
196601,32.76512605042017
196602,35.77674418604651
196603,49.89249999999999
196604,58.04805194805195
196605,68.50378151260504
196606,74.4344827586207
196607,80.41434599156116
196608,74.76333333333332
196609,69.05186721991701
196610,57.69665427509293
196611,49.45846153846154
196612,37.10185873605948
196701,35.911524163568785
196702,41.53827160493827
196703,53.22287822878229
196704,59.59384615384616
196705,64.75962962962963
196706,72.91145038167939
196707,77.89033457249067
196708,72.95719557195572
196709,67.93269230769232
196710,59.8474074074074
196711,47.624904214559386
196712,33.926217228464424
196801,35.084074074074074
196802,43.47261904761904
196803,47.6814126394052
196804,54.409920634920645
196805,66.3337037037037
196806,77.02192307692307
196807,76.78364312267658
196808,73.81481481481481
196809,68.91346153846155
196810,60.345555555555556
196811,45.26171875
196812,35.482156133829
196901,42.52283464566929
196902,41.90790697674418
196903,43.02109704641351
196904,60.071551724137926
196905,67.06806722689076
196906,74.87359307359306
196907,79.26625
196908,78.88949579831933
196909,70.03246753246752
196910,57.94833333333333
196911,44.90175438596491
196912,39.51888412017167
197001,36.81186440677966
197002,43.6506976744186
197003,45.15020920502092
197004,55.48017241379311
197005,67.50717299578059
197006,74.06622807017543
197007,78.87112970711296
197008,77.95
197009,69.44935064935065
197010,54.226778242677824
197011,46.947161572052394
197012,40.94351464435147
197101,35.27192118226602
197102,39.8364640883978
197103,48.24928229665071
197104,54.412
197105,62.87281553398058
197106,75.06915422885574
197107,77.8384236453202
197108,72.54038461538462
197109,66.30265957446811
197110,54.30099009900991
197111,44.291044776119406
197112,34.57044334975369
197201,35.730555555555554
197202,41.22352941176471
197203,53.01292517006802
197204,56.76714285714286
197205,63.89041095890411
197206,71.98873239436622
197207,77.21388888888889
197208,72.87891156462582
197209,66.84785714285715
197210,56.37310344827586
197211,39.295035460992914
197212,32.799290780141845
197301,36.965
197302,42.717679558011035
197303,48.700471698113205
197304,55.73144329896906
197305,67.50721649484535
197306,78.23837209302327
197307,78.88502673796792
197308,79.11475409836068
197309,74.02316384180793
197310,63.43204419889502
197311,53.00722222222222
197312,42.34525139664805
197401,39.9645
197402,43.05828220858895
197403,58.35277777777777
197404,62.61511627906976
197405,74.05251396648048
197406,83.27616279069767
197407,77.07842105263158
197408,73.940306122449
197409,67.17434554973822
197410,60.14973821989526
197411,49.168965517241375
197412,39.029032258064504
197501,41.12864864864866
197502,45.420930232558135
197503,49.93711340206188
197504,56.11878453038674
197505,67.56914285714285
197506,79.17758620689658
197507,79.07621621621621
197508,78.64508670520232
197509,68.15322580645163
197510,62.408474576271196
197511,48.9329479768786
197512,41.10828729281769
197601,39.63595505617978
197602,48.949999999999996
197603,52.154494382022484
197604,61.23908045977013
197605,67.965
197606,78.92647058823529
197607,77.05955056179778
197608,78.51853932584272
197609,68.94632768361583
197610,54.90777777777779
197611,42.32163742690059
197612,38.015
197701,39.5481081081081
197702,45.05421686746987
197703,49.81884816753926
197704,60.116489361702136
197705,68.89347826086956
197706,80.52444444444446
197707,80.50427807486632
197708,80.78256410256412
197709,75.76610169491525
197710,62.49662921348315
197711,51.30229885057472
197712,44.82388888888889
197801,39.96927083333333
197802,42.37352941176469
197803,53.0340425531915
197804,62.790476190476205
197805,67.66373626373625
197806,79.9553672316384
197807,82.29261363636361
197808,77.25220125786163
197809,68.05437500000002
197810,59.807975460122705
197811,49.54882352941177
197812,39.867283950617285
197901,37.98475609756097
197902,44.32638888888889
197903,51.174683544303804
197904,59.56942675159237
197905,66.12638036809814
197906,75.4898734177215
197907,82.32580645161288
197908,75.80318471337581
197909,70.65249999999999
197910,62.99936708860758
197911,44.97243589743591
197912,39.51124999999998
198001,43.85678391959798
198002,46.564324324324325
198003,49.97025641025641
198004,58.349999999999994
198005,68.04974093264246
198006,84.45934065934065
198007,85.29251336898395
198008,79.06276595744681
198009,71.73903743315509
198010,57.2298969072165
198011,45.239790575916224
198012,42.861139896373054
198101,41.545595854922276
198102,46.334857142857146
198103,49.63902439024388
198104,63.17064676616917
198105,69.12656249999999
198106,81.06298342541439
198107,81.01436170212766
198108,75.24126213592233
198109,70.73882978723405
198110,60.37317073170733
198111,50.50705882352942
198112,46.529299363057305
198201,43.31428571428571
198202,46.09500000000001
198203,55.9561797752809
198204,64.85341614906832
198205,69.88012422360248
198206,81.58609271523181
198207,82.90382165605097
198208,80.98397435897436
198209,73.65379746835441
198210,61.69554140127388
198211,49.13962264150943
198212,40.88882352941177
198301,39.95730337078651
198302,46.57592592592592
198303,52.14054054054054
198304,53.97978142076502
198305,66.79641025641025
198306,75.68638743455497
198307,80.05257731958761
198308,78.29642857142858
198309,73.61347150259067
198310,59.069685039370086
198311,47.80478087649401
198312,39.48539325842695
198401,37.56546184738955
198402,42.67705627705628
198403,49.7136186770428
198404,55.285826771653554
198405,71.66995884773664
198406,73.73092369477912
198407,77.17622950819673
198408,73.18145161290323
198409,68.16666666666664
198410,52.03235294117648
198411,46.4952205882353
198412,39.717808219178075
198501,34.92582781456954
198502,41.009191176470594
198503,50.077950310559004
198504,59.30416666666666
198505,67.80350877192983
198506,75.58444444444444
198507,77.19268292682926
198508,76.33701067615657
198509,67.46944444444443
198510,57.58807947019867
198511,48.71371237458193
198512,40.31584158415843
198601,43.77327044025158
198602,46.4962382445141
198603,53.176557863501486
198604,60.57267605633804
198605,65.23605633802816
198606,71.73410404624278
198607,73.84313725490196
198608,75.11060606060606
198609,66.9472295514512
198610,57.00845771144278
198611,44.869346733668344
198612,38.39782608695653
198701,36.841909814323614
198702,42.37198795180723
198703,47.861475409836075
198704,57.327297297297285
198705,64.87950819672132
198706,75.34073033707865
198707,78.82614555256066
198708,73.88157181571815
198709,68.06250000000003
198710,62.9210843373494
198711,47.52732732732732
198712,36.5045197740113
198801,37.153160919540234
198802,44.77839506172839
198803,49.79571865443425
198804,57.713803680981584
198805,66.36220930232558
198806,75.28445121951219
198807,75.07449856733524
198808,72.7058823529412
198809,67.49775910364146
198810,62.611764705882365
198811,50.13220858895704
198812,39.59895833333334
198901,40.467968750000004
198902,44.629022988505746
198903,56.28627968337733
198904,65.20806916426513
198905,71.82794871794871
198906,76.78682795698926
198907,77.5548051948052
198908,74.07063291139242
198909,70.14972677595627
198910,59.824603174603155
198911,50.6411111111111
198912,38.384350132626
199001,38.992428198433416
199002,41.8267217630854
199003,50.20852713178294
199004,59.344844124700245
199005,65.99549071618038
199006,81.96370967741936
199007,74.5721649484536
199008,71.9574412532637
199009,69.16657824933688
199010,60.294050991501415
199011,49.00760869565216
199012,39.89720812182742
199101,39.1209549071618
199102,46.83172205438066
199103,48.47953890489915
199104,59.97948717948717
199105,69.21630094043888
199106,75.10228758169934
199107,74.31746031746032
199108,73.57891373801917
199109,66.44314381270902
199110,60.37517482517484
199111,44.10671140939597
199112,38.63035143769968
199201,36.337457044673535
199202,44.409964412811384
199203,49.8340782122905
199204,60.52948717948717
199205,62.94075829383885
199206,72.21930294906167
199207,74.28183962264153
199208,71.85211267605634
199209,69.05360824742267
199210,59.74009433962266
199211,40.35384615384616
199212,34.48303571428571
199301,38.07012987012988
199302,40.44959785522789
199303,48.85216400911161
199304,57.58409090909092
199305,65.78747252747253
199306,74.76570743405277
199307,75.33960000000003
199308,72.67737556561084
199309,67.64475524475525
199310,55.77243735763098
199311,43.082669789227154
199312,38.29590909090909
199401,38.00799999999999
199402,40.926128266033245
199403,49.94838709677418
199404,56.68446389496717
199405,65.64499999999998
199406,79.70157303370786
199407,78.36141906873615
199408,76.14354838709676
199409,69.36974595842956
199410,57.46109890109891
199411,46.03085585585585
199412,40.87336244541485
199501,38.20833333333335
199502,47.328606356968216
199503,50.26496815286624
199504,53.9207126948775
199505,63.568834080717515
199506,73.29266055045869
199507,78.50794871794871
199508,78.56117647058825
199509,68.05263157894736
199510,60.79605263157894
199511,50.26735159817352
199512,41.02577777777777
199601,39.745898004434586
199602,46.23681818181817
199603,47.201968503937
199604,58.1601214574899
199605,72.75700197238659
199606,76.15631262525048
199607,76.34403183023873
199608,73.30023474178405
199609,65.45858823529412
199610,57.07952941176469
199611,47.98239795918366
199612,42.918899521531095
199701,37.48471337579618
199702,41.087276785714266
199703,53.054285714285726
199704,53.84352226720647
199705,67.13428571428572
199706,74.80296610169492
199707,77.3170478170478
199708,75.43847736625514
199709,71.92340425531917
199710,57.95991820040902
199711,45.5566371681416
199712,34.67711340206185
199801,40.998326359832646
199802,41.43089244851259
199803,48.09229208924948
199804,54.08535031847135
199805,68.2333333333333
199806,76.35010799136067
199807,76.5077083333333
199808,74.34956896551726
199809,72.9251655629139
199810,58.85849056603775
199811,48.246384039900256
199812,39.51650717703348
199901,42.365096359743056
199902,46.100515463917525
199903,50.65842450765865
199904,54.414312977099264
199905,64.08953488372097
199906,71.79713193116639
199907,74.46060037523448
199908,74.07148148148148
199909,67.59186991869917
199910,58.01308593750001
199911,50.656513026052146
199912,36.459634888438146
200001,42.28677083333333
200002,47.76125541125542
200003,50.00859140859142
200004,60.41995841995844
200005,72.22187182095621
200006,74.21367521367524
200007,78.61238293444332
200008,77.61704545454538
200009,72.30788912579958
200010,56.04910179640716
200011,39.416752312435776
200012,36.41046511627906
200101,34.04682692307691
200102,42.305341880341906
200103,47.23396404919583
200104,58.72285429141718
200105,67.63236669784847
200106,76.5515384615385
200107,78.7929236499069
200108,74.81822386679006
200109,70.30029296875003
200110,60.57488457987072
200111,48.335578747628105
200112,37.90271028037381
200201,39.371729185727375
200202,40.16106796116504
200203,48.08571428571429
200204,62.08817598533463
200205,68.3321270962048
200206,78.32663092046468
200207,76.53098214285708
200208,76.86107205623905
200209,68.65955156950672
200210,55.45376712328769
200211,44.21022727272724
200212,36.78451063829785
200301,41.491807432432466
200302,41.01663568773232
200303,48.335429056924404
200304,57.27914485165788
200305,67.24359861591692
200306,72.97886178861793
200307,80.22210526315794
200308,76.73518360375743
200309,69.15558510638296
200310,61.344940978077574
200311,46.94749340369391
200312,38.0472835314092
200401,38.80178117048348
200402,37.307809694793534
200403,52.35549036043593
200404,54.97798085291557
200405,68.09891485809688
200406,74.10016515276634
200407,76.02873194221513
200408,72.23066343042069
200409,67.26161290322584
200410,57.05202492211843
200411,43.30460420032312
200412,37.283649289099564
200501,42.59904534606208
200502,43.283854166666686
200503,47.82893815635942
200504,57.44113389626048
200505,66.67940828402368
200506,76.83829268292682
200507,79.23109243697482
200508,74.92936416184976
200509,72.58052391799546
200510,58.49720873786405
200511,49.04209905660379
200512,40.34149659863945
200601,42.939686098654704
200602,44.45285171102663
200603,50.779512735326705
200604,62.483391405342665
200605,70.79203539823008
200606,78.19953488372097
200607,78.48993212669683
200608,73.40840611353711
200609,64.94054982817872
200610,57.61459276018099
200611,49.40304093567249
200612,37.87933333333334
200701,34.19695652173912
200702,42.565286236297204
200703,51.65281385281387
200704,55.786287625418055
200705,64.12715654952073
200706,73.70903155603916
200707,75.23251072961375
200708,76.9962637362637
200709,70.3415584415584
200710,61.02369263607257
200711,47.852085816448174
200712,37.99615861214374
200801,35.45516458569811
200802,42.92481927710844
200803,48.74781725888321
200804,56.52029442691904
200805,64.60851063829793
200806,76.01607335490824
200807,73.72193074501568
200808,72.58370136698214
200809,65.42962577962582
200810,57.00488798370674
200811,46.56534391534392
200812,37.085416666666674
200901,35.128787878787875
200902,40.695035460992926
200903,45.82898550724638
200904,52.76916666666668
200905,62.647552447552464
200906,69.69999999999999
200907,71.18125
