196211,40.95
196212,29.3741935483871
196301,28.529032258064518
196302,28.70714285714286
196303,44.86129032258064
196304,53.71333333333334
196305,60.28387096774194
196306,69.68333333333334
196307,76.30322580645162
196308,74.4516129032258
196309,65.24
196310,58.435483870967744
196311,49.166666666666664
196312,29.79677419354839
196401,33.49032258064516
196402,31.44827586206896
196403,43.30645161290323
196404,50.92333333333333
196405,65.02258064516128
196406,73.49333333333334
196407,75.98387096774192
196408,72.35483870967744
196409,66.73666666666666
196410,51.72580645161292
196411,47.186666666666675
196412,39.193548387096776
196501,30.883870967741938
196502,34.83571428571429
196503,39.412903225806446
196504,50.93333333333333
196505,67.1483870967742
196506,70.28
196507,74.40645161290324
196508,74.3709677419355
196509,69.98999999999998
196510,53.92580645161291
196511,46.12666666666667
196512,39.19677419354839
196601,29.0516129032258
196602,32.00714285714285
196603,43.08064516129032
196604,48.60000000000001
196605,61.23870967741936
196606,71.09666666666666
196607,76.5451612903226
196608,73.8483870967742
196609,63.45333333333334
196610,51.687096774193556
196611,44.683333333333316
196612,33.52258064516129
196701,36.829032258064515
196702,30.082142857142856
196703,42.37096774193547
196704,54.916666666666664
196705,56.17741935483871
196706,71.06333333333333
196707,73.41935483870968
196708,72.14838709677419
196709,63.603333333333346
196710,53.36774193548386
196711,40.910000000000004
196712,36.229032258064514
196801,28.280645161290316
196802,30.84827586206897
196803,45.6483870967742
196804,53.47999999999999
196805,58.4225806451613
196806,69.83333333333333
196807,75.2225806451613
196808,74.72580645161291
196809,66.28666666666668
196810,56.645161290322584
196811,46.12666666666666
196812,32.25161290322579
196901,29.53548387096774
196902,32.45
196903,38.97096774193548
196904,55.986666666666665
196905,64.91935483870968
196906,73.34666666666665
196907,77.01935483870967
196908,71.64838709677417
196909,64.69333333333334
196910,52.699999999999996
196911,42.29666666666667
196912,31.177419354838705
197001,24.651612903225807
197002,33.132142857142846
197003,37.699999999999996
197004,52.003333333333345
197005,63.877419354838715
197006,68.92
197007,73.21290322580644
197008,72.05806451612902
197009,68.59333333333332
197010,55.9225806451613
197011,45.46000000000001
197012,36.454838709677425
197101,29.277419354838706
197102,36.27857142857143
197103,39.95483870967742
197104,51.87666666666667
197105,60.35806451612903
197106,72.31
197107,74.56451612903226
197108,72.50645161290322
197109,69.16666666666667
197110,60.935483870967744
197111,44.14666666666666
197112,42.84838709677419
197201,36.03225806451613
197202,32.40689655172414
197203,42.8032258064516
197204,51.28999999999999
197205,61.9741935483871
197206,67.32000000000001
197207,75.26774193548388
197208,72.63870967741934
197209,67.9
197210,51.69032258064516
197211,42.20666666666667
197212,39.32258064516129
200807,80.25714285714285
200808,76.54
200809,72.54333333333334
200810,58.783870967741926
200811,47.68333333333335
200812,41.26451612903225
200901,32.229032258064514
200902,40.214285714285715
200903,45.52903225806451
200904,57.773333333333326
200905,66.31935483870967
200906,74.39666666666668
200907,74.97500000000001
