194503,44.47419354838709
194504,51.486666666666665
194505,54.619354838709675
194506,64.95666666666665
194507,71.38709677419354
194508,69.35161290322581
194509,67.15
194510,52.94838709677419
194511,45.440000000000005
194512,28.067741935483873
194601,30.6258064516129
194602,28.832142857142863
194603,45.02903225806452
194604,45.31666666666667
194605,56.251612903225805
194606,64.70333333333332
194607,69.8516129032258
194608,67.23870967741935
194609,65.41666666666667
194610,57.49677419354839
194611,48.06666666666668
194612,35.41290322580645
194701,33.599999999999994
194702,30.080357142857146
194703,37.55483870967742
194704,46.19333333333334
194705,54.95967741935484
194706,63.69166666666667
194707,72.43225806451612
194708,71.73870967741934
194709,65.01
194710,58.75806451612903
194711,40.876666666666665
194712,30.406451612903233
194801,24.764835164835162
194802,27.38235294117647
194803,37.20752688172044
194804,45.53
194805,53.50537634408603
194806,61.7179775280899
194807,71.17816091954023
194808,71.78928571428571
194809,64.3943820224719
194810,53.7720430107527
194811,49.91011235955056
194812,37.105376344086025
194901,36.61397849462365
194902,35.96428571428571
194903,38.43010752688172
194904,48.76666666666668
194905,56.375268817204294
194906,67.92285714285714
194907,74.94193548387096
194908,72.49354838709677
194909,62.98666666666668
194910,57.87903225806453
194911,43.14666666666667
194912,36.340322580645164
195001,37.35645161290322
195002,28.248214285714287
195003,33.29677419354838
195004,44.923333333333325
195005,54.085483870967735
195006,65.90833333333333
195007,71.35967741935484
195008,69.05645161290323
195009,60.65333333333333
195010,55.25322580645161
195011,46.725
195012,34.438709677419354
195101,34.23548387096774
195102,33.79107142857142
195103,38.8725806451613
195104,49.70333333333335
195105,57.89354838709677
195106,64.90499999999999
195107,72.45483870967742
195108,70.05806451612904
195109,64.74666666666667
195110,54.69354838709678
195111,42.025
195112,35.320967741935476
195201,33.74677419354838
195202,32.99310344827585
195203,37.00000000000001
195204,49.90666666666667
195205,57.00483870967742
195206,68.75
195207,76.08870967741936
195208,71.28225806451613
195209,64.99499999999999
195210,52.630645161290325
195211,44.63666666666667
195212,35.153225806451616
195301,34.78064516129033
195302,35.30535714285714
195303,39.182258064516134
195304,48.14166666666667
195305,57.11935483870969
195306,68.36833333333334
195307,71.76290322580647
195308,70.28709677419354
195309,65.62000000000002
195310,54.91935483870968
195311,46.88166666666667
195312,39.71129032258066
195401,27.327419354838714
195402,35.916071428571435
195403,38.65806451612904
195404,49.25333333333333
195405,55.90967741935485
195406,66.76500000000001
195407,70.4967741935484
195408,68.70161290322581
195409,63.04499999999999
195410,58.033870967741926
195411,43.96000000000001
195412,34.25
195501,28.672580645161293
195502,32.05892857142857
195503,37.46290322580645
195504,48.12333333333333
195505,59.32903225806451
195506,65.00833333333335
195507,75.14193548387095
195508,73.49193548387093
195509,63.275
195510,55.566129032258054
195511,41.94166666666668
195512,26.901612903225807
195601,30.75322580645161
195602,33.1948275862069
195603,33.633870967741935
195604,44.205000000000005
195605,52.99193548387097
195606,66.61166666666666
195607,70.3483870967742
195608,70.64354838709679
195609,60.87166666666668
195610,53.187096774193556
195611,44.83833333333334
195612,37.00645161290322
195701,24.888709677419353
195702,34.45178571428572
195703,38.95806451612903
195704,48.96833333333333
195705,58.78709677419355
195706,69.72999999999999
195707,72.36935483870967
195708,68.6467741935484
195709,65.55666666666667
195710,53.54032258064516
195711,46.86000000000001
195712,39.37096774193548
195801,31.39516129032258
195802,25.735714285714288
195803,38.42096774193549
195804,48.025
195805,54.96612903225807
195806,62.539999999999985
195807,71.10161290322581
195808,70.15645161290323
195809,62.78499999999999
195810,51.83387096774193
195811,45.175
195812,26.169354838709683
195901,28.846774193548388
195902,28.021428571428572
195903,36.501612903225805
195904,48.4
195905,59.977419354838716
195906,64.44333333333334
195907,71.96290322580644
195908,72.97258064516127
195909,66.74499999999999
195910,54.99516129032258
195911,44.35333333333333
195912,35.650000000000006
196001,30.059677419354838
196002,35.189655172413794
196003,31.812903225806455
196004,48.336666666666666
196005,58.26774193548386
196006,67.29166666666667
196007,70.84516129032258
196008,70.62096774193549
196009,63.11000000000001
196010,53.990322580645156
196011,46.62166666666667
196012,28.64354838709677
196101,24.719354838709677
196102,31.292857142857144
196103,37.13870967741935
196104,45.17166666666666
196105,55.238709677419344
196106,66.68333333333334
196107,72.05161290322582
196108,71.07096774193548
196109,68.87166666666668
196110,56.18387096774194
196111,44.586666666666666
196112,32.664516129032265
196201,29.129032258064516
196202,27.34107142857143
196203,37.766129032258064
196204,48.916666666666664
196205,56.591935483870955
196206,66.72500000000001
196207,68.58225806451614
196208,68.6548387096774
196209,61.72500000000001
196210,52.79677419354838
196211,40.763333333333335
196212,29.06129032258064
196301,28.653225806451612
196302,26.044642857142854
196303,39.232258064516124
196304,48.06000000000001
196305,57.33709677419354
196306,67.23666666666666
196307,72.62258064516129
196308,69.35645161290321
196309,59.45333333333334
196310,56.94193548387097
196311,47.475
196312,25.717741935483875
196401,31.506451612903227
196402,29.03793103448276
196403,38.346774193548384
196404,45.745000000000005
196405,60.32096774193548
196406,66.25333333333334
196407,71.4274193548387
196408,67.04354838709678
196409,63.155
196410,53.20645161290323
196411,45.81499999999999
196412,34.01129032258064
196501,26.309677419354834
196502,29.13749999999999
196503,36.20161290322581
196504,44.855000000000004
196505,58.96290322580645
196506,66.425
196507,71.34516129032258
196508,71.02258064516128
196509,64.01333333333334
196510,53.2725806451613
196511,42.51833333333333
196512,35.03548387096774
196601,28.879032258064512
196602,31.017857142857142
196603,39.617741935483856
196604,44.18333333333333
196605,54.68709677419355
196606,66.55666666666666
196607,72.76935483870969
196608,70.21612903225805
196609,61.37166666666667
196610,51.803225806451614
196611,46.19166666666667
196612,33.01129032258065
196701,33.90483870967742
196702,26.344642857142862
196703,33.86290322580645
196704,44.593333333333334
196705,51.32741935483871
196706,65.55666666666667
196707,71.34677419354838
196708,69.98387096774194
196709,62.50499999999999
196710,53.796774193548394
196711,39.91
196712,35.325806451612905
196801,25.10967741935484
196802,25.587931034482757
196803,38.63225806451613
196804,49.736666666666665
196805,55.7241935483871
196806,64.99499999999999
196807,73.08548387096774
196808,70.54838709677419
196809,63.82166666666667
196810,54.94516129032259
196811,41.79333333333332
196812,31.0983870967742
196901,29.490322580645163
196902,29.99821428571428
196903,35.76129032258065
196904,50.54666666666667
196905,58.93064516129032
196906,67.67
196907,70.68870967741935
196908,73.11612903225807
196909,64.05499999999999
196910,53.69032258064516
196911,43.24666666666667
196912,30.67096774193548
197001,21.593548387096774
197002,30.626785714285713
197003,35.3516129032258
197004,47.718333333333334
197005,57.04677419354838
197006,65.39166666666665
197007,73.68870967741935
197008,72.20806451612904
197009,65.29499999999999
197010,54.727419354838716
197011,45.765
197012,30.20967741935484
197101,24.603225806451615
197102,30.619642857142857
197103,36.99838709677419
197104,45.233333333333334
197105,56.791935483870965
197106,68.41666666666667
197107,74.43225806451612
197108,73.00806451612901
197109,67.44000000000001
197110,58.82258064516129
197111,41.586666666666666
197112,36.380645161290325
197201,31.866129032258065
197202,28.112068965517242
197203,36.51451612903226
197204,44.06333333333332
197205,57.34838709677418
197206,64.52333333333334
197207,72.92096774193548
197208,71.13064516129035
197209,65.41333333333333
197210,51.03548387096774
197211,41.78833333333333
197212,34.83387096774193
197301,32.28709677419355
197302,28.864285714285717
197303,42.46774193548388
197304,49.89333333333334
197305,57.02258064516128
197306,68.65666666666665
197307,72.80000000000001
197308,75.00645161290323
197309,65.59666666666668
197310,54.98064516129034
197311,44.04333333333334
197312,41.228571428571435
197403,45.45
197509,62.946666666666665
197510,57.973118279569924
197511,50.776136363636375
197512,36.84301075268818
197601,28.06989247311829
197602,36.298850574712645
197603,39.682417582417585
197604,49.46888888888888
197605,56.4021505376344
197606,66.51888888888887
197607,71.50322580645161
197608,70.83333333333333
197609,65.89444444444445
197610,53.02761904761906
197611,41.45615384615384
197612,28.652173913043487
197701,21.83010752688171
197702,28.828048780487816
197703,38.932558139534876
197704,46.07471264367817
197705,55.442222222222235
197706,63.083333333333314
197707,70.66774193548383
197708,70.07065217391303
197709,63.914893617021264
197710,55.095959595959606
197711,48.203260869565234
197712,35.682105263157894
197801,29.45229357798166
197802,26.931707317073172
197803,35.93021582733814
197804,45.04533333333332
197805,53.49727891156464
197806,64.68749999999999
197807,68.8096551724138
197808,70.80962962962965
197809,62.5472602739726
197810,54.9374193548387
197811,46.681756756756755
197812,38.09290322580645
197901,33.14129032258065
197902,22.89285714285714
197903,39.742580645161304
197904,45.65933333333334
197905,56.97806451612904
197906,64.11554054054054
197907,72.2182481751825
197908,70.85034013605443
197909,65.49714285714282
197910,53.950331125827816
197911,48.47214285714286
197912,39.78116883116884
198001,32.93959731543623
198002,29.014893617021272
198003,36.37862068965517
198004,47.0
198005,56.84274809160304
198006,63.86764705882353
198007,71.76048387096772
198008,72.6751879699248
198009,66.73357142857147
198010,55.08206896551724
198011,44.00675675675676
198012,32.657333333333334
198101,25.4274647887324
198102,35.63857142857143
198103,36.85819672131148
198104,47.16690140845071
198105,55.84052287581701
198106,65.72937062937062
198107,71.76806722689075
198108,69.30714285714286
198109,62.584999999999994
198110,52.43703703703703
198111,45.21958762886598
198112,34.43255813953488
198201,23.751000000000005
198202,31.647058823529424
198203,36.58828828828828
198204,43.182644628099176
198205,53.95238095238094
198206,58.753153153153164
198207,69.77407407407408
198208,67.96129032258064
198209,63.94848484848484
198210,55.34186046511626
198211,50.00392156862747
198212,43.00752688172044
198301,33.11946902654867
198302,34.28208955223882
198303,40.856716417910455
198304,47.53970588235294
198305,55.05620437956204
198306,66.16611570247935
198307,73.18521739130438
198308,72.22758620689656
198309,69.2822429906542
198310,59.98144329896906
198311,50.14433962264152
198312,36.92448979591836
198401,32.20826446280993
198402,38.85859375
198403,33.97857142857143
198404,44.9041095890411
198405,54.6154761904762
198406,65.6358024691358
198407,69.7258064516129
198408,71.01562500000003
198409,63.356626506024114
198410,57.03125
198411,47.21573033707865
198412,42.447272727272725
198501,27.291954022988513
198502,33.27894736842106
198503,39.84086021505375
198504,47.03820224719101
198505,55.498913043478254
198506,62.316091954022966
198507,69.72688172043011
198508,70.55161290322584
198509,65.692523364486
198510,57.0482517482517
198511,48.44833333333334
198512,34.41774193548388
198601,33.92419354838711
198602,30.79833333333335
198603,40.08686131386859
198604,47.767999999999994
198605,55.67368421052631
198606,63.70866666666665
198607,68.24740259740257
198608,68.26578947368424
198609,63.043333333333344
198610,55.40718954248366
198611,45.114765100671136
198612,37.087499999999984
198701,31.571910112359546
198702,31.88771929824562
198703,39.758620689655174
198704,47.533333333333346
198705,57.601694915254264
198706,65.90287769784173
198707,70.47094017094014
198708,69.78270676691729
198709,64.5331034482759
198710,54.942446043165475
198711,45.080392156862715
198712,38.30151515151513
198801,29.934074074074058
198802,33.19365079365078
198803,39.10649350649353
198804,46.27054794520548
198805,55.59503105590063
198806,64.82052980132448
198807,70.79745222929935
198808,73.25845070422528
198809,63.836305732484085
198810,51.25269461077843
198811,47.98636363636364
198812,36.003105590062056
198901,35.3055900621118
198902,32.01760563380282
198903,37.58692810457514
198904,45.62876712328771
198905,55.938650306748485
198906,66.81978609625673
198907,70.34207920792076
198908,71.3095477386935
198909,65.9167512690355
198910,56.372413793103426
198911,44.495263157894726
198912,24.787916666666664
199001,37.78433734939758
199002,35.51337579617834
199003,39.788750000000014
199004,47.17021276595744
199005,55.069230769230764
199006,65.60443037974683
199007,71.80298507462687
199008,73.64557823129253
199009,65.17553956834533
199010,60.60234374999999
199011,48.96209677419356
199012,42.111805555555556
199101,32.76585365853659
199102,36.72322580645162
199103,41.11333333333333
199104,49.42193548387096
199105,61.43821138211382
199106,67.84369747899161
199107,72.79724770642201
199108,74.07203389830505
199109,64.18425925925925
199110,56.812295081967214
199111,46.751694915254234
199112,37.272972972972966
199201,33.81370967741935
199202,33.97460317460318
199203,36.181909547738705
199204,44.82768361581921
199205,54.464117647058835
199206,64.4644578313253
199207,66.64411764705885
199208,67.06666666666665
199209,61.0142857142857
199210,49.58516129032259
199211,41.673684210526325
199212,35.228712871287115
199301,29.540127388535044
199302,23.927272727272733
199303,32.79005847953215
199304,43.800609756097565
199305,54.66494252873568
199306,61.221052631578964
199307,67.42091503267974
199308,68.86257668711653
199309,59.427210884353684
199310,48.736912751677835
199311,38.893167701863376
199312,29.689634146341476
199401,19.771999999999988
199402,24.195138888888906
199403,35.650602409638545
199404,45.52363636363639
199405,48.61542857142853
199406,60.07499999999999
199407,69.83413173652697
199408,66.89779411764715
199409,59.68486842105261
199410,49.19499999999997
199411,44.600657894736855
199412,34.367682926829275
199501,31.29813664596275
199502,26.69300699300699
199503,36.540601503759405
199504,45.866964285714296
199505,56.40180180180182
199506,67.56194690265487
199507,72.08318584070793
199508,69.52788461538461
199509,57.766153846153856
199510,53.71428571428568
199511,37.38031496062992
199512,27.508450704225332
199601,27.435460992907792
199602,28.522962962962968
199603,34.41063829787233
199604,45.574074074074076
199605,54.78534482758621
199606,65.38607594936708
199607,70.63846153846154
199608,70.22916666666667
199609,63.31886792452833
199610,52.76034482758618
199611,39.607272727272715
199612,39.03684210526315
199701,29.522916666666685
199702,37.00769230769232
199703,37.30000000000001
199704,48.12142857142855
199705,55.282758620689656
199706,68.09285714285713
199707,72.80701754385963
199708,70.75344827586208
199709,63.64363636363637
199710,51.918965517241375
199711,41.5818181818182
199712,35.14912280701751
199801,35.39824561403509
199802,37.3826923076923
199803,41.52982456140348
199804,50.278181818181835
199805,61.325862068965506
199806,66.14181818181817
199807,73.60701754385963
199808,72.84035087719298
199809,67.321052631579
199810,56.50877192982458
199811,43.87454545454547
199812,40.03157894736842
199901,32.28493150684933
199902,35.787499999999994
199903,40.856716417910455
199904,49.64252873563219
199905,59.09659090909093
199906,69.24367816091957
199907,75.13636363636365
199908,71.33132530120481
199909,67.24230769230766
199910,53.40348837209301
199911,48.8564705882353
199912,38.11123595505617
200001,28.94915254237288
200002,34.87767857142858
200003,43.06333333333335
200004,46.96521739130433
200005,57.60168067226892
200006,66.42758620689659
200007,69.20338983050848
200008,69.58250000000002
200009,63.93189655172415
200010,54.42521008403364
200011,44.10265486725667
200012,31.388888888888857
200101,31.594871794871807
200102,33.629629629629626
200103,36.75
200104,47.757894736842104
200105,59.30333333333329
200106,69.68119658119664
200107,68.87796610169491
200108,72.93193277310924
200109,65.06637931034484
200110,56.15384615384614
200111,49.48571428571428
200112,41.41192660550458
200201,37.74358974358974
200202,37.18396226415095
200203,40.628333333333316
200204,49.45000000000001
200205,56.28583333333333
200206,64.80000000000003
200207,72.93109243697475
200208,72.36166666666665
200209,66.35913043478257
200210,53.08151260504202
200211,44.13274336283186
200212,34.409401709401706
200301,25.623931623931625
200302,27.85294117647058
200303,38.22016806722689
200304,43.976315789473695
200305,54.22231404958679
200306,64.2791304347826
200307,72.425
200308,73.9108333333333
200309,66.82000000000004
200310,54.43697478991594
200311,47.03689320388351
200312,37.00598290598291
200401,22.58205128205127
200402,33.13818181818181
200403,38.63613445378154
200404,47.3836206896552
200405,57.540740740740745
200406,65.1755102040816
200407,70.05793103448275
200408,69.80958904109593
200409,65.78852459016392
200410,53.63676470588236
200411,45.084827586206934
200412,36.46733333333335
200501,27.202108433734942
200502,32.4188202247191
200503,35.521265822784805
200504,48.92526315789474
200505,52.52333333333335
200506,66.72697547683923
200507,72.14217252396165
200508,73.79149560117303
200509,67.61013986013987
200510,55.24513513513514
200511,47.59166666666667
200512,33.84415204678362
200601,37.72344213649851
200602,32.74174454828661
200603,38.4542699724518
200604,49.476331360946745
200605,56.885250737463124
200606,66.33085714285713
200607,74.17640449438203
200608,71.30883977900551
200609,63.59938837920488
200610,54.16713091922006
200611,49.61447368421052
200612,42.3578125
200701,34.6130890052356
200702,27.448816568047334
200703,38.296730245231615
200704,45.39947368421051
200705,59.58274111675127
200706,66.62630136986301
200707,71.89316939890709
200708,71.53805555555553
200709,66.25473684210525
200710,59.47125307125307
200711,43.69851485148513
200712,33.51053984575836
200801,34.071084337349404
200802,33.78315789473684
200803,38.966501240694804
200804,49.66994949494949
200805,55.745260663507125
200806,68.91634146341464
200807,74.09645390070921
200808,69.5124105011933
200809,65.37213541666667
200810,53.274764150943405
200811,44.60955056179775
200812,37.91279069767442
200901,26.674324324324335
200902,33.8008
200903,38.014843750000026
200904,50.00434782608696
200905,56.963815789473685
200906,62.46428571428573
200907,67.4625
