194201,39.64285714285712
194202,40.16071428571428
194203,43.558064516129015
194204,49.38666666666664
194205,53.07419354838709
194206,57.070000000000014
194207,65.3774193548387
194208,64.11290322580643
194209,58.34333333333331
194210,52.8483870967742
194211,41.61666666666667
194212,40.70967741935482
194301,32.19032258064518
194302,42.342857142857156
194303,42.16451612903225
194304,49.926666666666655
194305,50.57096774193548
194306,56.13333333333334
194307,60.34193548387097
194308,60.01612903225804
194309,59.54666666666665
194310,51.33870967741937
194311,45.69999999999998
194312,39.625806451612895
194401,40.49677419354836
194402,39.931034482758626
194403,41.79677419354841
194404,47.67666666666666
194405,53.070967741935476
194406,57.183333333333366
194407,62.10967741935487
194408,60.416129032258056
194409,60.33999999999999
194410,55.01935483870968
194411,44.65666666666666
194412,38.629032258064534
194501,41.21290322580646
194502,40.828571428571415
194503,42.699193548387086
194504,46.92458333333334
194505,56.56532258064516
194506,58.95791666666667
194507,65.04634146341466
194508,63.298790322580665
194509,57.87692307692308
194510,53.017204301075274
194511,43.12797619047619
194512,38.0741935483871
194601,40.123655913978496
194602,42.078571428571436
194603,45.251612903225805
194604,50.59333333333333
194605,59.73548387096774
194606,57.65166666666665
194607,61.68064516129032
194608,60.75967741935484
194609,57.011666666666656
194610,48.63870967741935
194611,41.88166666666667
194612,40.08709677419354
194701,36.97903225806452
194702,43.84107142857142
194703,45.58548387096773
194704,49.98166666666667
194705,55.89677419354839
194706,58.7
194707,61.5709677419355
194708,60.72419354838709
194709,57.36666666666666
194710,52.90322580645162
194711,44.49666666666666
194712,43.71612903225805
194801,36.13594470046082
194802,36.035960591133005
194803,40.79447004608295
194804,44.7697619047619
194805,52.27327188940094
194806,62.257555555555534
194807,62.247741935483866
194808,61.63311827956987
194809,57.21207289293851
194810,49.043548387096756
194811,40.49476190476189
194812,32.04953917050693
194901,24.563440860215053
194902,33.73976190476189
194903,42.69978494623654
194904,49.514999999999965
194905,56.863911290322584
194906,58.54395833333334
194907,62.14899193548386
194908,62.921212121212086
194909,60.017083333333325
194910,47.45241935483871
194911,47.16229166666666
194912,37.39959677419354
195001,21.982056451612912
195002,35.12275862068967
195003,40.65446808510638
195004,46.02395833333332
195005,51.76680327868853
195006,59.57604166666666
195007,63.860728744939266
195008,64.92342158859469
195009,59.55333333333333
195010,49.28178137651824
195011,42.308541666666656
195012,42.01491935483872
195101,35.17200811359027
195102,38.106249999999996
195103,38.62358870967743
195104,50.191874999999996
195105,54.50907258064519
195106,61.27489539748957
195107,64.51133603238868
195108,62.9769230769231
195109,59.65312500000001
195110,50.099395161290325
195111,42.032708333333325
195112,34.38004032258065
195201,31.945564516129032
195202,38.33577586206897
195203,41.627419354838686
195204,49.06652360515023
195205,54.527311827956986
195206,57.053333333333335
195207,64.18795698924731
195208,63.44473118279567
195209,60.80888888888887
195210,54.36774193548386
195211,39.348222222222226
195212,38.94494623655914
195301,42.79720430107527
195302,40.66895674300253
195303,42.985714285714266
195304,47.08190476190476
195305,53.07032258064516
195306,56.09176755447944
195307,64.14562211981566
195308,64.01474654377881
195309,60.015641025641024
195310,52.340694789081894
195311,45.000256410256405
195312,40.53449131513647
195401,33.13598014888337
195402,39.57087912087913
195403,39.96674937965262
195404,45.49871794871794
195405,54.01240694789084
195406,55.98051282051282
195407,61.02059553349875
195408,60.46972704714641
195409,58.168205128205116
195410,48.99156327543423
195411,46.771794871794874
195412,37.11215880893302
195501,37.47667731629392
195502,37.242142857142845
195503,37.62064516129032
195504,43.15366666666667
195505,49.62064516129031
195506,56.967000000000006
195507,58.823548387096785
195508,60.57741935483871
195509,56.79899999999999
195510,49.703870967741935
195511,36.83066666666666
195512,35.255161290322576
195601,36.12935483870968
195602,32.78068965517242
195603,40.01612903225806
195604,48.93500000000001
195605,56.013870967741944
195606,56.070999999999984
195607,63.88129032258066
195608,62.359032258064516
195609,57.55933333333333
195610,48.84290322580645
195611,40.95966666666667
195612,38.79129032258066
195701,29.06709677419356
195702,37.28785714285715
195703,42.26096774193549
195704,48.57266666666666
195705,56.349354838709665
195706,58.67633333333334
195707,60.451612903225794
195708,60.847096774193545
195709,61.52133333333334
195710,49.88677419354839
195711,42.191666666666656
195712,41.304193548387104
195801,41.048064516129024
195802,45.19857142857143
195803,42.491290322580646
195804,47.71633333333332
195805,58.32645161290321
195806,62.61233333333334
195807,66.90967741935485
195808,65.06290322580642
195809,58.09866666666666
195810,51.73741935483872
195811,41.62200000000002
195812,42.03677419354838
195901,37.275000000000006
195902,38.18690476190476
195903,42.302150537634425
195904,48.05851851851852
195905,51.39068100358423
195906,58.27148148148148
195907,63.932974910394265
195908,60.483154121863784
195909,55.73592592592593
195910,50.38673835125448
195911,40.88370370370371
195912,37.97347670250895
196001,33.64659498207885
196002,38.615708812260536
196003,41.235483870967734
196004,47.45814814814815
196005,51.04982078853047
196006,57.88370370370371
196007,64.71577060931898
196008,60.3931899641577
196009,56.62259259259261
196010,51.12043010752688
196011,41.440000000000005
196012,36.3820788530466
196101,39.699999999999996
196102,42.336507936507935
196103,43.21469534050179
196104,46.91888888888887
196105,52.65376344086022
196106,61.30074074074073
196107,64.20860215053764
196108,65.66093189964158
196109,55.658148148148136
196110,48.095340501792116
196111,39.30999999999999
196112,37.43548387096775
196201,35.79032258064517
196202,39.68690476190477
196203,39.793906810035836
196204,48.656296296296304
196205,49.74767025089608
196206,57.13814814814816
196207,61.490681003584235
196208,61.158781362007154
196209,58.41185185185187
196210,51.01756272401435
196211,44.42518518518518
196212,40.55519713261649
196301,32.41971326164875
196302,43.73690476190475
196303,42.56236559139784
196304,46.12444444444445
196305,53.85913978494623
196306,56.9137037037037
196307,60.1573476702509
196308,62.25376344086021
196309,61.73370370370371
196310,52.89354838709677
196311,43.778888888888886
196312,38.57849462365593
196401,38.91863799283154
196402,39.19233716475096
196403,40.94910394265233
196404,44.28037037037037
196405,50.27706093189964
196406,56.29518518518519
196407,61.44372759856632
196408,59.99713261648744
196409,55.36296296296296
196410,50.111111111111114
196411,39.92407407407408
196412,33.2089605734767
196501,36.88750000000001
196502,39.99563492063493
196503,42.25663082437277
196504,47.53111111111111
196505,49.88136200716847
196506,57.359259259259254
196507,62.583512544802865
196508,62.23584229390682
196509,54.78148148148148
196510,52.183399209486154
196511,45.607083333333335
196512,37.34475806451613
196601,37.434939759036155
196602,39.683928571428574
196603,42.063306451612895
196604,47.36666666666667
196605,51.56290322580646
196606,55.39833333333334
196607,59.070564516129046
196608,61.55951417004048
196609,59.11666666666666
196610,49.519354838709674
196611,43.66375000000001
196612,41.417741935483875
196701,39.965725806451616
196702,40.691071428571426
196703,39.79072580645161
196704,43.257083333333334
196705,51.83225806451613
196706,60.22291666666668
196707,62.7233870967742
196708,66.01733870967742
196709,61.18
196710,51.145967741935486
196711,43.339999999999996
196712,37.43104838709677
196801,35.88279569892473
196802,41.58620689655171
196803,44.33297491039427
196804,44.868148148148144
196805,53.193548387096754
196806,57.57148148148147
196807,64.4799283154122
196808,60.74910394265232
196809,56.97222222222222
196810,47.05799086757991
196811,40.95666666666667
196812,31.746543778801847
196901,25.93364055299539
196902,33.960204081632654
196903,41.12350230414744
196904,46.11142857142857
196905,55.616129032258065
196906,62.25238095238093
196907,62.25852534562212
196908,60.68110599078341
196909,57.36904761904761
196910,47.03778801843318
196911,41.38904761904762
196912,37.384331797235006
197001,35.18266129032257
197002,41.230357142857144
197003,42.04354838709678
197004,43.85958333333334
197005,52.26411290322581
197006,61.020853080568735
197007,63.563133640553
197008,62.72764976958527
197009,54.46619047619049
197010,46.88986175115208
197011,40.67095238095235
197012,33.92718894009215
197101,36.02477064220185
197102,37.87448979591837
197103,37.40506912442396
197104,44.76380952380952
197105,52.86912442396314
197106,54.469047619047636
197107,63.55345622119815
197108,65.9880184331797
197109,54.07714285714286
197110,46.53686635944701
197111,40.43666666666666
197112,32.27649769585254
197201,33.679032258064524
197202,37.749999999999986
197203,43.73669354838709
197204,43.51916666666667
197205,55.21774193548387
197206,57.932083333333345
197207,63.77379032258068
197208,63.88951612903224
197209,53.9375
197210,47.745564516128994
197211,42.97666666666666
197212,34.38830645161289
197301,32.03360000000004
197302,38.31673469387751
197303,43.72913669064747
197304,49.63656716417907
197305,57.736630036630075
197306,61.611278195488744
197307,69.52748091603058
197308,65.55693430656939
197309,61.159923664122154
197310,49.74612403100774
197311,37.93596837944659
197312,38.96587301587305
197401,32.61149425287351
197402,38.956000000000024
197403,42.62255639097742
197404,48.990566037735846
197405,53.543494423791834
197406,64.68104838709674
197407,67.13000000000001
197408,68.61058394160575
197409,64.99201520912551
197410,52.30777777777779
197411,43.27677165354331
197412,37.95530303030307
197501,33.44596774193551
197502,34.42916666666665
197503,40.40875912408758
197504,46.12083333333331
197505,55.88321428571427
197506,60.8731182795699
197507,70.483870967742
197508,64.77292418772562
197509,62.45656565656569
197510,50.42682926829264
197511,41.727835051546364
197512,38.146298984034836
197601,37.58895434462445
197602,38.50759689922482
197603,39.99726224783861
197604,48.6675250357654
197605,55.14088145896658
197606,58.4929927007299
197607,65.63728813559318
197608,63.26780141843969
197609,62.35806451612905
197610,51.59841498559079
197611,42.88958990536277
197612,37.0293185419969
197701,31.39199372056518
197702,41.77583187390539
197703,42.670766773162974
197704,53.55079086115997
197705,53.53051948051946
197706,64.26185064935056
197707,65.79321192052981
197708,70.60588235294121
197709,58.45951972555744
197710,50.61993670886073
197711,39.848730964466995
197712,36.20850722311396
197801,36.704905063291136
197802,40.15159574468084
197803,46.360697305863674
197804,49.55707154742096
197805,55.360413354531
197806,65.5300675675676
197807,68.29569377990431
197808,66.54464579901159
197809,58.975493421052676
197810,52.71233766233774
197811,37.30950764006797
197812,30.9542222222222
197901,25.251582278481035
197902,35.53303886925796
197903,45.995118110236234
197904,49.754635761589405
197905,58.21879936808845
197906,64.00364842454397
197907,69.44902912621362
197908,68.22211538461545
197909,64.01504273504278
197910,53.63792517006801
197911,38.40075471698112
197912,39.62495667244374
198001,29.38424778761065
198002,38.851531531531535
198003,42.94866220735785
198004,53.156661045531216
198005,56.59899497487433
198006,59.43920552677019
198007,67.63769100169776
198008,65.25773710482535
198009,61.825391304347825
198010,53.14971857410884
198011,43.58900900900902
198012,38.538049713193104
198101,40.82416812609459
198102,41.149220103986146
198103,47.85793413173647
198104,50.38702791461406
198105,56.584319526627276
198106,60.430365659777515
198107,66.65827702702703
198108,72.01224165341819
198109,62.932943143812714
198110,50.39282218597056
198111,44.59726247987119
198112,37.13950995405819
198201,33.71030927835056
198202,38.06556776556777
198203,44.205467372134045
198204,48.078214285714296
198205,57.56825938566551
198206,66.70089605734768
198207,67.65938104448747
198208,69.47095588235295
198209,62.353183520599316
198210,50.83297297297295
198211,38.13079777365486
198212,34.661721611721596
198301,39.602882882882874
198302,42.47921568627451
198303,47.41797153024909
198304,51.271428571428565
198305,60.10955752212381
198306,62.10820610687022
198307,66.08285714285714
198308,70.64328621908125
198309,58.866666666666596
198310,51.057404326123155
198311,43.9041958041958
198312,28.667073170731665
198401,37.68093797276851
198402,40.592563291139186
198403,46.83647416413372
198404,49.207488299532024
198405,54.24817629179331
198406,61.1370839936609
198407,69.55753424657533
198408,69.12445482866048
198409,60.18506787330318
198410,48.729368575624086
198411,41.35245901639345
198412,30.644346549192385
198501,31.854281567489135
198502,33.84027565084228
198503,42.20868347338937
198504,51.11954545454547
198505,57.27102137767222
198506,62.16173469387759
198507,71.1479809976247
198508,65.76613496932518
198509,57.42651222651223
198510,50.03363057324844
198511,32.20846262341328
198512,31.11728553137004
198601,38.90697368421055
198602,38.92672064777329
198603,47.85931198102015
198604,48.859014423076935
198605,56.47674144037789
198606,64.98422939068097
198607,63.4463592233009
198608,70.4595
198609,58.01699266503665
198610,52.49629156010228
198611,42.90922459893045
198612,37.77649253731346
198701,36.02765957446808
198702,42.481181318681315
198703,46.92344559585491
198704,53.967338709677456
198705,59.475995024875644
198706,65.0067247820673
198707,66.3784671532847
198708,67.15254854368929
198709,63.43601036269432
198710,53.78351515151515
198711,45.96250000000002
198712,36.21544209215445
198801,36.037948084054364
198802,41.977415307402794
198803,45.497337962962945
198804,51.606296296296286
198805,56.70649819494586
198806,61.42173396674585
198807,67.42235576923073
198808,67.06067796610174
198809,60.72100238663488
198810,55.06507760532157
198811,44.32378752886834
198812,38.06156501726121
198901,37.850455580865585
198902,32.34082624544351
198903,42.26870229007631
198904,53.419450800915406
198905,56.7599315068493
198906,64.61460807600949
198907,66.38868144690784
198908,65.17192174913693
198909,62.88426842684269
198910,51.907240293809075
198911,44.69488574537541
198912,39.54363827549946
199001,40.20000000000002
199002,37.288221153846145
199003,45.94321120689655
199004,52.496799999999965
199005,54.94054669703873
199006,60.51305418719216
199007,68.83634116192832
199008,67.34414201183434
199009,64.27437125748502
199010,50.02770700636945
199011,45.02977272727271
199012,31.701827956989245
199101,35.54760348583875
199102,44.9855297157623
199103,42.68142523364487
199104,49.531392694063925
199105,54.66176783812564
199106,58.676574585635365
199107,66.30184331797233
199108,66.73202312138726
199109,62.36036809815953
199110,51.03504566210044
199111,44.59904191616767
199112,41.7897347174164
199201,41.956719817767656
199202,45.29144254278727
199203,50.1982122905028
199204,53.33114186851207
199205,60.851619870410374
199206,66.35148842337377
199207,66.64159663865551
199208,67.19336898395721
199209,59.00315315315313
199210,53.53951701427002
199211,43.88905529953917
199212,35.997658862876264
199301,33.27052980132452
199302,38.16322263222632
199303,45.88392461197341
199304,49.96595505617977
199305,60.24438559322039
199306,61.10449678800855
199307,61.94050632911389
199308,65.37346072186843
199309,60.609570957095684
199310,53.62161572052404
199311,39.350656455142264
199312,39.12787418655101
199401,42.72694414019716
199402,38.439585730724986
199403,47.434941050375166
199404,52.383520179372205
199405,58.45081788440569
199406,61.36283783783785
199407,68.35121107266437
199408,67.85329670329665
199409,63.45748847926272
199410,51.64550379198267
199411,40.48983644859813
199412,38.844127708095776
199501,40.496440872560285
199502,43.48408521303254
199503,45.731567080045075
199504,50.35294117647058
199505,58.973569794050356
199506,62.275495915985985
199507,67.64734463276835
199508,63.05517647058824
199509,63.20754060324827
199510,50.83456790123454
199511,46.56370106761566
199512,39.12995444191344
199601,36.431626848691714
199602,38.64260563380282
199603,44.87966457023059
199604,51.17127312295976
199605,52.77942122186496
199606,60.50165198237888
199607,68.63633093525183
199608,67.31718555417189
199609,58.310311750599496
199610,50.482087912087906
199611,41.561301369862974
199612,35.872095671981754
199701,37.77777777777781
199702,40.34863523573201
199703,44.400559910414366
199704,49.56123399301515
199705,59.4481481481481
199706,61.090011614401924
199707,66.0369662921348
199708,68.9357384441939
199709,62.32922002328286
199710,51.151402918069586
199711,45.87205542725174
199712,39.14205186020289
199801,39.096808510638326
199802,43.814321295143216
199803,46.36279329608939
199804,50.8261737089202
199805,56.48730325288564
199806,61.695217391304325
199807,70.00691056910574
199808,68.37141372141369
199809,63.88560924369746
199810,50.94938650306747
199811,45.06471838469714
199812,36.481430096051255
199901,39.323664921465934
199902,40.46260964912283
199903,42.88035538005922
199904,47.8156923076923
199905,52.106063618290264
199906,58.4408163265306
199907,63.18724035608303
199908,65.92099502487561
199909,59.900641025641015
199910,50.89512690355328
199911,45.781762295081975
199912,39.65323383084579
200001,36.07314487632509
200002,39.741149773071065
200003,43.18452883263009
200004,50.8852205882353
200005,54.66839121190643
200006,61.51020558002934
200007,65.31359154929578
200008,64.78253182461107
200009,58.69701383831022
200010,50.371028037383105
200011,37.9741935483871
200012,35.43792114695338
200101,37.35167259786477
200102,36.8845852895149
200103,44.22074542897329
200104,47.50962800875278
200105,55.98609129814552
200106,58.64815634218289
200107,64.56915351506463
200108,66.76250866250874
200109,60.76643209007737
200110,49.46121212121211
200111,44.21775106082033
200112,37.20171821305839
200201,38.14784394250514
200202,38.91718289085548
200203,39.87491548343478
200204,48.657816901408424
200205,53.34921928038019
200206,62.44335010783616
200207,67.71046195652173
200208,65.78389715832205
200209,60.061833688699394
200210,48.684078590785866
200211,43.06412053258584
200212,40.048980978260865
200301,41.20041067761811
200302,39.72378094523631
200303,45.7145762711865
200304,48.45406935598017
200305,54.810497614178594
200306,63.63162333099087
200307,69.06467427803892
200308,67.42950600801072
200309,62.1832306639288
200310,54.03421926910304
200311,38.84691614691617
200312,37.75697831978317
200401,35.78050964187324
200402,40.20780346820805
200403,46.66293279022399
200404,51.70871130309575
200405,56.19184100418404
200406,63.01168555240798
200407,69.04803725881575
200408,67.78217362491715
200409,58.429330708661304
200410,51.73903810118682
200411,42.313154450261806
200412,39.64346446700511
200501,37.93838383838387
200502,38.8408931698774
200503,46.54276923076927
200504,49.72600644122382
200505,57.61787878787882
200506,59.359625876851084
200507,65.6040029651594
200508,65.29999999999998
200509,57.614710485133
200510,51.87998500749628
200511,40.876699770817424
200512,36.55252069224981
200601,41.994748858447494
200602,38.5308652246256
200603,43.08656156156158
200604,48.80419254658386
200605,55.16800595238099
200606,61.37000759301445
200607,66.48793486306445
200608,63.76978260869564
200609,59.46157894736844
200610,49.637653874004315
200611,42.56054836252853
200612,37.6170531039641
200701,34.98189033189034
200702,40.83394077448744
200703,45.55586854460097
200704,48.25332428765263
200705,54.15455737704918
200706,58.70151828847477
200707,66.6885049833887
200708,63.63707250342001
200709,57.74699863574352
200710,49.233823529411765
200711,41.824604810996554
200712,37.51216216216215
200801,34.826742627345844
200802,40.00058737151247
200803,41.030284956925136
200804,44.34319281271595
200805,54.22010796221324
200806,56.824271844660196
200807,62.723355704698
200808,63.44879032258065
200809,58.2305858310627
200810,49.81270252754373
200811,46.895377503852075
200812,36.784380032206116
200901,38.49951612903225
200902,39.696785714285724
200903,41.08806451612903
200904,46.79097103918228
200905,52.8001644736842
200906,58.897804054054056
200907,60.69312500000001
