194212,37.456521739130444
194301,32.730645161290326
194302,42.43214285714284
194303,41.6483870967742
194304,61.751666666666644
194305,65.316
194306,78.18888888888887
194307,82.34108108108107
194308,84.63096774193546
194309,68.33133333333332
194310,56.64483870967744
194311,43.36066666666666
194312,30.24870967741935
194401,33.670645161290324
194402,38.15965517241379
194403,39.941290322580656
194404,50.22766666666667
194405,66.5541935483871
194406,77.13499999999999
194407,78.75193548387094
194408,79.36096774193548
194409,69.75066666666666
194410,59.60774193548389
194411,47.11266666666666
194412,31.475161290322585
194501,33.32903225806453
194502,35.53636363636363
194503,49.888439306358386
194504,52.087878787878786
194505,62.08651026392963
194506,69.14333333333332
194507,78.041935483871
194508,79.32627118644069
194509,69.8330303030303
194510,57.73970037453182
194511,46.54238095238095
194512,27.865240641711225
194601,33.34516129032259
194602,40.748275862068965
194603,52.46935483870968
194604,59.43333333333332
194605,60.674193548387095
194606,75.84838709677419
194607,83.95806451612903
194608,78.78709677419354
194609,70.25333333333333
194610,60.7
194701,36.4896551724138
194702,33.076470588235296
194703,40.86491228070176
194704,59.09107142857143
194705,67.22456140350877
194706,77.9090909090909
194707,83.34545454545453
194708,90.67592592592594
194709,79.32600000000001
194710,73.93181818181819
194711,40.93666666666668
194712,37.796774193548394
194801,26.782795698924726
194802,29.96590038314177
194803,36.94014336917562
194804,60.938888888888904
194805,64.85193548387096
194806,73.52366666666666
194807,77.70677419354838
194808,77.02297734627832
194809,71.88966666666667
194810,56.39709677419356
194811,42.235333333333344
194812,33.98709677419355
194901,22.444516129032266
194902,31.141428571428573
194903,41.409032258064514
194904,53.52
194905,65.58903225806452
194906,74.60866666666666
194907,78.74000000000001
194908,75.17967741935485
194909,64.61800000000002
194910,57.562258064516136
194911,47.798666666666676
194912,34.55
195001,28.47203647416413
195002,36.11136363636363
195003,39.624926686217
195004,50.79757575757576
195005,63.3231671554252
195006,74.46941896024464
195007,72.25630498533722
195008,71.29648093841642
195009,65.91000000000001
195010,61.63151125401931
195011,39.49333333333333
195012,31.542228739002937
195101,28.759163987138255
195102,34.45107142857143
195103,37.253870967741925
195104,49.48166666666668
195105,63.57516129032259
195106,68.06
195107,75.8941935483871
195108,77.02741935483868
195109,63.92166666666668
195110,54.43511705685618
195111,37.30699999999999
195112,29.975483870967746
195201,32.8641935483871
195202,37.906551724137934
195203,37.035483870967745
195204,51.384
195205,63.59774193548388
195206,81.21666666666668
195207,79.72967741935483
195208,78.13483870967741
195209,70.80366666666664
195210,54.38504398826978
195211,40.93727272727272
195212,30.26891495601173
195301,34.37096774193547
195302,38.187337662337654
195303,46.09736070381231
195304,49.524545454545446
195305,62.81583577712611
195306,80.90575757575758
195307,78.0290322580645
195308,77.39208211143695
195309,72.3378787878788
195310,60.76398713826364
195311,43.79787878787879
195312,33.708797653958946
195401,28.18157894736842
195402,43.9198051948052
195403,39.90029325513196
195404,59.14484848484848
195405,59.356304985337246
195406,76.85909090909091
195407,86.1348973607038
195408,81.52316715542523
195409,75.13999999999999
195410,57.578299120234604
195411,47.011818181818185
195412,35.13401759530792
195501,31.625199999999996
195502,29.154910714285712
195503,41.816532258064534
195504,60.49458333333334
195505,66.46975806451614
195506,70.13583333333334
195507,83.4258064516129
195508,80.6633064516129
195509,72.24458333333335
195510,58.0600806451613
195511,38.736250000000005
195512,30.505241935483877
195601,28.170161290322575
195602,31.70431034482759
195603,44.037096774193536
195604,51.75875
195605,68.56653225806453
195606,78.28833333333333
195607,80.38387096774193
195608,81.08225806451615
195609,73.62041666666666
195610,63.71532258064515
195611,42.014583333333334
195612,35.832661290322584
195701,24.504838709677422
195702,38.370535714285715
195703,41.97822580645161
195704,51.430833333333325
195705,62.17540322580645
195706,72.03
195707,81.61935483870967
195708,79.44596774193548
195709,65.44708333333334
195710,54.12661290322581
195711,40.19833333333334
195712,38.56975806451613
195801,31.95201612903226
195802,28.489732142857147
195803,33.100806451612904
195804,51.501250000000006
195805,65.96330275229357
195806,72.65142857142858
195807,75.36497695852535
195808,76.80230414746543
195809,69.42571428571428
195810,57.45023041474653
195811,45.005714285714284
195812,30.94516129032258
195901,25.31566820276498
195902,31.648979591836735
195903,43.17741935483871
195904,52.66809523809524
195905,65.40046082949307
195906,75.16142857142857
195907,75.22350230414746
195908,79.84331797235023
195909,68.22619047619048
195910,52.64147465437787
195911,36.93571428571428
195912,37.631797235023036
196001,27.859447004608292
196002,25.671921182266008
196003,31.01705069124424
196004,56.574285714285715
196005,62.466820276497685
196006,72.23619047619047
196007,75.96267281105992
196008,77.69493087557605
196009,70.67666666666666
196010,58.5516129032258
196011,44.06238095238096
196012,31.287096774193547
196101,29.37695852534563
196102,35.91581632653062
196103,42.95622119815668
196104,50.20857142857143
196105,60.7152073732719
196106,72.19857142857143
196107,77.22488479262671
196108,75.07926267281107
196109,64.19761904761904
196110,56.67695852534561
196111,39.83476190476191
196112,27.87695852534563
196201,23.440552995391702
196202,34.81734693877551
196203,39.03778801843318
196204,53.42333333333333
196205,71.86635944700461
196206,71.91458333333334
196207,77.00604838709675
196208,77.95161290322582
196209,65.34416666666667
196210,58.944954128440365
196211,43.60125000000001
196212,33.41451612903226
196301,19.178225806451607
196302,34.40223214285715
196303,46.35201612903226
196304,57.811249999999994
196305,65.82379032258066
196306,76.90500000000002
196307,81.13870967741936
196308,78.60362903225807
196309,70.85416666666667
196310,66.14758064516128
196311,45.476666666666674
196312,24.51653225806451
196401,33.72137096774193
196402,32.78275862068966
196403,39.15564516129032
196404,55.39083333333333
196405,67.90040322580646
196406,73.02291666666666
196407,82.12500000000001
196408,74.87298387096774
196409,68.1475
196410,55.94919354838709
196411,44.67166666666666
196412,29.727016129032258
196501,31.524770642201833
196502,29.402551020408172
196503,31.647926267281104
196504,56.72952380952381
196505,66.97281105990784
196506,71.80714285714284
196507,78.43225806451615
196508,75.5557603686636
196509,64.22999999999999
196510,57.74654377880184
196511,46.51809523809523
196512,37.701382488479275
196601,24.470046082949306
196602,30.034693877551017
196603,46.231797235023045
196604,50.57333333333333
196605,64.40645161290323
196606,73.4790476190476
196607,82.67926267281106
196608,73.54009216589863
196609,66.01571428571428
196610,55.61889400921659
196611,43.23857142857143
196612,29.264976958525338
196701,31.360829493087557
196702,33.595408163265304
196703,46.05069124423963
196704,56.825714285714284
196705,59.93686635944701
196706,70.57666666666665
196707,74.10460829493088
196708,73.21428571428571
196709,64.4152380952381
196710,55.59723502304147
196711,41.05619047619048
196712,31.978801843317974
196801,28.066820276497698
196802,31.61083743842364
196803,46.274193548387096
196804,52.989999999999995
196805,58.819815668202764
196806,74.3642857142857
196807,77.14147465437789
196808,75.72027649769586
196809,67.11047619047619
196810,57.4774193548387
196811,39.69652173913044
196812,27.562978723404257
196901,26.82892561983471
196902,32.892660550458714
196903,34.57768595041322
196904,55.077619047619045
196905,63.98749999999998
196906,69.53506493506492
196907,80.30251046025104
196908,77.1163179916318
196909,69.29310344827586
196910,52.06443514644352
196911,43.02565217391305
196912,32.16118143459915
197001,25.532500000000006
197002,36.76063829787233
197003,37.12535885167463
197004,52.80443349753696
197005,67.50873786407767
197006,72.68725490196078
197007,79.31971153846153
197008,80.92488038277513
197009,66.97733990147783
197010,52.061057692307685
197011,39.82361809045226
197012,34.79174757281554
197101,25.493085106382978
197102,28.533333333333335
197103,40.374731182795706
197104,53.92611111111111
197105,60.17043010752688
197106,76.27111111111111
197107,75.35967741935484
197108,75.38817204301075
197109,67.95277777777778
197110,57.91075268817204
197111,42.58444444444445
197112,33.35322580645162
197201,26.109139784946233
197202,33.03908045977012
197203,46.48817204301075
197204,53.02277777777777
197205,61.919892473118274
197206,73.51555555555554
197207,74.66397849462365
197208,74.6752688172043
197209,67.49055555555555
197210,52.96827956989247
197211,36.927777777777784
197212,25.442473118279572
197301,29.035483870967724
197302,36.21071428571429
197303,47.48709677419353
197304,54.22033898305083
197305,64.61499999999998
197306,79.17500000000011
197307,82.27580645161288
197308,82.43064516129036
197309,67.54500000000003
197310,62.9338709677419
197311,46.75272727272725
197312,33.881666666666675
197401,28.51016949152542
197402,41.91785714285714
197403,50.540983606557404
197404,60.19298245614035
197405,72.13770491803278
197406,77.90172413793103
197407,87.34210526315786
197408,76.61186440677965
197409,65.9033898305085
197410,61.80508474576271
197411,46.66724137931033
197412,36.16071428571427
197501,34.83442622950818
197502,32.1
197503,43.325
197504,58.8965517241379
197505,70.78793103448274
197506,78.01551724137936
197507,83.80689655172411
197508,83.50363636363636
197509,68.60425531914896
197510,64.27058823529408
197511,46.627272727272754
197512,37.6616666666667
197601,34.425
197602,47.32884615384617
197603,47.72982456140352
197604,60.312
197605,64.4928571428571
197606,79.93958333333332
197607,83.01346153846151
197608,82.76346153846156
197609,71.67358490566038
197610,52.69230769230769
197611,40.81428571428573
197612,35.82241379310344
197701,24.12181818181818
197702,43.239285714285735
197703,52.986666666666686
197704,62.543333333333315
197705,73.08965517241384
197706,81.41666666666669
197707,85.48703703703703
197708,78.25090909090906
197709,73.67551020408162
197710,57.94537815126051
197711,46.058000000000014
197712,34.640425531914936
197801,22.551666666666684
197802,23.946153846153834
197803,44.98606557377051
197804,60.484677419354824
197805,59.10070921985808
197806,72.41333333333331
197807,77.13958333333336
197808,73.18811188811189
197809,67.58630136986294
197810,55.57153284671533
197811,44.03134328358214
197812,30.88376623376623
197901,17.61102362204725
197902,29.516417910447757
197903,46.21073825503356
197904,54.91985815602836
197905,63.33986486486486
197906,75.35714285714288
197907,80.67625899280581
197908,78.03958333333335
197909,72.77342657342662
197910,61.73357142857142
197911,40.909448818897644
197912,37.294594594594614
198001,31.07703703703704
198002,31.812499999999993
198003,41.76197183098592
198004,55.45928571428573
198005,65.26643356643365
198006,81.02086330935253
198007,88.98714285714291
198008,83.5979166666666
198009,73.04492753623187
198010,59.12765957446807
198011,45.84930555555558
198012,36.74421768707484
198101,34.87602739726029
198102,40.27751937984495
198103,49.06780821917808
198104,66.05693430656935
198105,64.31489361702127
198106,80.01619047619052
198107,81.55897435897428
198108,76.53138686131386
198109,70.76974789915965
198110,56.879508196721304
198111,48.13467741935485
198112,34.73529411764706
198201,26.807017543859633
198202,31.272173913043503
198203,46.00342465753425
198204,55.7971014492753
198205,66.45244755244754
198206,71.43802816901406
198207,82.21151079136695
198208,80.77132352941184
198209,71.08214285714284
198210,59.22456140350875
198211,44.08761904761908
198212,36.209734513274334
198301,32.93818181818183
198302,36.933333333333344
198303,45.36779661016947
198304,49.17456140350876
198305,62.951612903225836
198306,72.88547008547006
198307,85.42439024390245
198308,86.22537313432836
198309,72.83021582733814
198310,58.3139393939394
198311,45.72229729729732
198312,19.030344827586212
198401,28.985430463576172
198402,41.285620915032645
198403,40.367759562841556
198404,51.2331325301205
198405,64.51104294478529
198406,77.16866666666668
198407,81.35165562913905
198408,80.87639751552794
198409,67.93311688311685
198410,55.364532019704434
198411,46.30105263157899
198412,36.020895522388045
198501,25.277948717948718
198502,30.98631578947368
198503,48.85221674876847
198504,61.34499999999996
198505,68.59219512195122
198506,74.45781249999999
198507,82.24258373205744
198508,77.56903553299496
198509,67.69699999999999
198510,56.482010582010574
198511,37.037696335078536
198512,30.049238578680207
198601,41.07788461538462
198602,37.22967032967033
198603,54.258947368421055
198604,60.844148936170185
198605,67.28979591836733
198606,79.22261904761906
198607,83.39897435897437
198608,76.32774869109947
198609,72.77202072538854
198610,57.3712871287129
198611,42.23401015228426
198612,36.16395939086293
198701,34.24040404040402
198702,41.56513157894737
198703,46.654609929078
198704,56.66204379562046
198705,68.61205673758867
198706,77.59343434343432
198707,81.98111587982835
198708,78.16597510373447
198709,70.12254098360661
198710,57.45783132530125
198711,48.167521367521374
198712,37.49480519480519
198801,30.285185185185174
198802,36.4398190045249
198803,47.915695067264586
198804,56.99851485148514
198805,69.32065727699533
198806,80.54141414141415
198807,80.11560975609758
198808,82.62131979695427
198809,71.00350000000002
198810,57.03617021276597
198811,49.87786885245902
198812,39.99109311740887
198901,40.67679324894516
198902,28.159734513274355
198903,49.40578512396694
198904,61.946363636363664
198905,67.66866359447008
198906,72.66785714285713
198907,79.99771689497719
198908,76.87620817843869
198909,66.27689393939391
198910,59.30817120622569
198911,47.057142857142864
198912,25.477168949771684
199001,39.81674208144797
199002,37.904210526315794
199003,46.8144680851064
199004,54.05083333333333
199005,62.341832669322685
199006,79.5785046728972
199007,79.49372693726939
199008,78.77547892720308
199009,73.06983471074378
199010,57.48270042194092
199011,50.38727272727272
199012,29.993248945147673
199101,27.231178707224338
199102,43.70138248847925
199103,48.81065292096218
199104,57.59379562043796
199105,69.01716171617161
199106,77.98740740740737
199107,82.45491525423732
199108,78.3590106007067
199109,70.74727891156459
199110,57.03924528301887
199111,38.69250000000001
199112,37.28566552901023
199201,37.79957081545064
199202,42.093939393939394
199203,48.26428571428569
199204,54.66201550387599
199205,63.39714285714286
199206,69.57898089171975
199207,76.354802259887
199208,71.3854368932039
199209,69.0218905472637
199210,57.25096153846155
199211,38.03546798029556
199212,30.594312796208538
199301,26.14978165938866
199302,29.02938388625593
199303,41.24190871369295
199304,50.7558441558442
199305,62.39327731092433
199306,73.21298701298704
199307,78.63008474576273
199308,77.38151260504195
199309,64.93333333333334
199310,54.26483050847456
199311,40.02017937219729
199312,35.695762711864404
199401,28.90593220338982
199402,31.069626168224307
199403,47.91048034934497
199404,53.4995515695067
199405,66.20128205128205
199406,78.88801843317968
199407,77.05810810810813
199408,77.3922705314009
199409,68.66244131455402
199410,57.99671361502344
199411,43.97465437788019
199412,36.00258620689653
199501,31.81173913043479
199502,39.456132075471686
199503,44.76419753086421
199504,51.42340425531912
199505,58.28132780082987
199506,71.80044247787615
199507,79.55866666666661
199508,80.56244541484718
199509,66.71751152073733
199510,56.891964285714316
199511,43.266517857142865
199512,32.37782258064518
199601,27.442276422764245
199602,36.44396551724139
199603,38.15241935483869
199604,54.47583333333333
199605,66.1878661087866
199606,74.83738317757012
199607,75.51506024096386
199608,73.96834170854272
199609,64.3258883248731
199610,55.79449541284401
199611,38.49250000000002
199612,31.17904761904763
199701,28.124200913242007
199702,36.158029197080275
199703,46.68357771260996
199704,49.91049382716049
199705,61.355623100303916
199706,72.72935779816515
199707,78.2229850746268
199708,75.14458204334366
199709,70.08615384615382
199710,57.73841642228736
199711,40.943768996960486
199712,33.07121661721069
199801,33.239705882352936
199802,39.97385620915033
199803,39.1149560117302
199804,53.0148936170213
199805,69.54072948328262
199806,75.17611464968152
199807,79.51363636363635
199808,78.23269230769232
199809,74.76588628762536
199810,58.82709677419352
199811,48.12931034482754
199812,34.67387096774194
199901,31.843987341772124
199902,43.292833876221486
199903,43.278885630498536
199904,55.20861538461535
199905,64.1636363636364
199906,71.78303030303034
199907,81.2002941176471
199908,78.7018575851393
199909,66.93660130718958
199910,58.04316770186338
199911,50.877675840978604
199912,37.045645645645656
200001,32.8930402930403
200002,41.54522417154003
200003,47.20364298724957
200004,55.056710775047314
200005,67.94306569343065
200006,72.51075471698115
200007,78.99669724770644
200008,84.08373382624772
200009,72.20115163147793
200010,60.46466019417476
200011,37.96890595009593
200012,23.265478424015004
200101,30.9314711359404
200102,31.8845995893224
200103,41.34349442379184
200104,60.440264650283595
200105,66.54350877192982
200106,73.93902877697836
200107,83.59353146853151
200108,79.80124113475182
200109,68.00900900900896
200110,57.23639514731372
200111,50.20318352059926
200112,37.85485008818346
200201,34.77279151943464
200202,36.69710424710424
200203,41.150349650349646
200204,57.70634057971011
200205,62.77048300536667
200206,76.39925373134334
200207,80.2937050359712
200208,78.35962962962965
200209,71.09822834645666
200210,51.38818181818183
200211,42.70777777777776
200212,35.65000000000001
200301,31.078363636363633
200302,31.972817460317444
200303,44.08652094717674
200304,56.89943609022559
200305,64.01170018281537
200306,70.9102420856611
200307,82.10878136200729
200308,80.62176258992812
200309,65.15214953271028
200310,58.049641577060925
200311,43.74973262032083
200312,35.982653061224504
200401,30.696604414261447
200402,33.01799999999998
200403,49.54268707482987
200404,56.182249560632656
200405,68.39251700680273
200406,71.97315789473684
200407,75.68692699490663
200408,72.90615384615391
200409,71.17754385964918
200410,58.79354838709685
200411,45.51526315789471
200412,36.16689303904923
200501,31.50729411764704
200502,40.175897435897454
200503,45.41543778801846
200504,56.425564803804996
200505,65.63229050279331
200506,76.05614849187934
200507,79.56960556844548
200508,77.87043879907627
200509,73.13523809523804
200510,58.087327188940115
200511,47.50552884615385
200512,31.846759259259265
200601,41.92910798122064
200602,35.21748071979433
200603,47.32834101382488
200604,61.708333333333314
200605,67.15740740740742
200606,76.77071428571426
200607,81.93503480278416
200608,79.5069124423963
200609,65.86666666666669
200610,56.14534883720926
200611,45.88923444976074
200612,37.40302325581395
200701,29.414798206278043
200702,32.368674698795154
200703,53.21947483588619
200704,52.31557562076749
200705,66.90065217391304
200706,72.940625
200707,77.95895196506548
200708,82.00588235294113
200709,71.28623024830702
200710,60.56349557522128
200711,45.03356009070296
200712,30.951541850220256
200801,31.364270152505473
200802,32.497685185185205
200803,43.87467248908297
200804,52.29843400447428
200805,64.78235294117646
200806,75.2488888888889
200807,78.95444685466386
200808,75.83377192982447
200809,66.53184855233852
200810,56.023655913978494
200811,45.92284122562674
200812,30.880645161290314
200901,30.42096774193547
200902,40.67321428571429
200903,46.56451612903224
200904,54.61833333333335
200905,66.00169491525425
200906,76.8833333333333
200907,75.6625
