194206,64.43571428571428
194207,66.4258064516129
194208,65.45806451612903
194209,58.826666666666675
194210,47.79354838709678
194211,33.810909090909085
194212,16.663793103448274
194301,11.814035087719299
194302,19.85576923076923
194303,24.91724137931035
194304,35.512499999999996
194305,51.448214285714286
194306,60.44821428571431
194307,67.58620689655172
194308,63.45438596491228
194309,56.558928571428574
194310,47.59999999999999
194311,34.05178571428572
194312,15.3578947368421
194401,20.608771929824567
194402,16.481481481481485
194403,25.14912280701754
194404,36.85090909090909
194405,57.40344827586207
194406,60.74318181818182
194407,68.44838709677418
194408,70.07741935483868
194409,58.39333333333332
194410,43.703225806451606
194411,35.93333333333333
194412,17.577419354838717
194501,12.187096774193542
194502,20.31666666666667
194503,38.66720430107526
194504,48.38166666666666
194505,49.921935483870975
194506,61.45133333333334
194507,68.87032258064515
194508,68.47419354838709
194509,61.148666666666664
194510,48.50656934306569
194511,38.19666666666665
194512,22.18064516129032
194601,20.729032258064517
194602,19.853571428571428
194603,39.174193548387095
194604,40.309999999999995
194605,51.81612903225807
194606,60.953333333333326
194607,67.9258064516129
194608,66.94666666666666
194801,12.614516129032259
194802,12.475862068965515
194803,24.943548387096772
194804,38.686666666666675
194805,49.46451612903226
194806,58.08500000000001
194807,67.66290322580645
194808,66.97096774193548
194809,57.775
194810,45.60806451612903
194811,39.75166666666665
194812,25.038709677419355
194901,21.650537634408614
194902,19.467857142857138
194903,28.737500000000022
194904,42.98625000000002
194905,52.92379032258065
194906,64.53208333333333
194907,69.48225806451609
194908,67.14556451612906
194909,56.47375
194910,48.898347107438006
194911,30.848571428571432
194912,25.44746543778801
195001,19.60552995391705
195002,13.558673469387749
195003,23.56405529953917
195004,38.69095238095238
195005,53.8778801843318
195006,61.37904761904763
195007,66.33548387096775
195008,63.87926267281111
195009,52.555714285714295
195010,46.202304147465455
195011,39.363809523809515
195012,25.574654377880186
195101,20.400000000000006
195102,21.34744897959184
195103,29.96903765690377
195104,43.349166666666655
195105,53.09032258064516
195106,60.34333333333332
195107,66.99637096774191
195108,64.47540322580649
195109,57.85499999999999
195110,46.71814516129033
195111,32.56499999999999
195112,20.847211895910778
195201,18.358870967741932
195202,21.764224137931038
195203,29.6141129032258
195204,42.00708333333332
195205,50.73719008264463
195206,63.4516666666667
195207,72.07338709677418
195208,66.79233870967742
195209,57.72375
195210,44.289112903225806
195211,34.83416666666666
195212,25.155645161290327
195301,22.38467741935484
195302,23.373660714285716
195303,30.399193548387093
195304,42.7425
195305,53.48548387096774
195306,62.63333333333333
195307,67.28911290322581
195308,64.34193548387096
195309,58.306250000000006
195310,46.883870967741935
195311,39.42125
195312,29.25887096774194
195401,13.43266129032258
195402,25.413392857142856
195403,28.35201612903226
195404,39.85708333333333
195405,50.44233870967742
195406,61.02499999999997
195407,64.23548387096773
195408,62.48427419354839
195409,55.18041666666664
195410,48.676209677419344
195411,36.03375000000001
195412,23.90846774193549
195501,16.88037974683545
195502,21.58214285714285
195503,26.624516129032273
195504,41.35466666666665
195505,54.077419354838696
195506,61.95200000000002
195507,69.56064516129027
195508,67.30838709677417
195509,56.01666666666665
195510,46.63032258064513
195511,34.447333333333326
195512,15.382580645161285
195601,25.07225806451613
195602,20.617931034482755
195603,23.741935483870957
195604,38.44199999999999
195605,46.84193548387097
195606,61.198666666666696
195607,63.86258064516128
195608,62.79741935483872
195609,53.27333333333331
195610,46.81806451612904
195611,35.41600000000002
195612,22.534838709677427
195701,9.120645161290323
195702,22.538571428571426
195703,30.95290322580647
195704,41.18533333333334
195705,53.535483870967745
195706,63.43066666666667
195707,65.4793548387097
195708,62.46451612903228
195709,58.43466666666666
195710,48.09483870967742
195711,38.90999999999998
195712,28.24967741935485
195801,23.233548387096775
195802,16.450714285714284
195803,34.090322580645164
195804,42.960666666666654
195805,50.01096774193548
195806,57.630666666666656
195807,65.75806451612902
195808,64.93935483870968
195809,56.975999999999985
195810,44.20967741935483
195811,34.93799999999998
195812,13.012258064516134
195901,17.056129032258056
195902,14.507857142857146
195903,26.656129032258068
195904,41.01266666666664
195905,56.00967741935484
195906,58.00133333333338
195907,69.75419354838714
195908,66.29354838709676
195909,58.782666666666685
195910,46.42129032258065
195911,35.37799999999999
195912,25.207096774193555
196001,18.51032258064516
196002,26.211724137931025
196003,25.985161290322573
196004,39.60999999999999
196005,56.83161290322584
196006,63.029333333333305
196007,66.22129032258064
196008,65.89290322580644
196009,57.36133333333331
196010,44.63741935483871
196011,37.74133333333334
196012,19.75419354838709
196101,10.132258064516128
196102,19.459285714285706
196103,26.629677419354834
196104,38.64066666666667
196105,49.983225806451635
196106,62.159999999999975
196107,65.6516129032258
196108,65.69548387096768
196109,62.67866666666665
196110,48.394838709677416
196111,37.61066666666667
196112,24.345161290322576
196201,15.767973856209151
196202,12.972142857142853
196203,32.156129032258065
196204,39.64599999999999
196205,50.934838709677415
196206,62.13733333333331
196207,62.123225806451615
196208,63.359354838709706
196209,54.35666666666668
196210,45.194193548387084
196211,32.38333333333332
196212,20.27935483870966
196301,18.635483870967747
196302,12.104285714285712
196303,27.01354838709677
196304,39.33733333333334
196305,51.655483870967736
196306,63.97133333333334
196307,69.0909677419355
196308,62.19806451612902
196309,53.93866666666668
196310,50.27548387096776
196311,39.00133333333334
196312,13.608387096774194
196401,20.87741935483871
196402,20.435862068965527
196403,29.184516129032268
196404,40.32666666666667
196405,55.06709677419352
196406,61.858666666666636
196407,67.1322580645161
196408,60.7761290322581
196409,54.32199999999999
196410,45.34129032258064
196411,33.99266666666668
196412,20.980645161290315
196501,14.521600000000003
196502,16.791964285714275
196503,30.2983870967742
196504,39.26249999999998
196505,52.82499999999997
196506,63.90583333333335
196507,66.07661290322582
196508,65.18064516129031
196509,57.485833333333304
196510,44.695161290322595
196511,32.33666666666667
196512,22.2733870967742
196601,20.573387096774198
196602,20.4044642857143
196603,31.80322580645161
196604,39.66999999999998
196605,51.72741935483871
196606,63.365000000000016
196607,67.61612903225804
196608,66.32258064516131
196609,55.674166666666665
196610,46.14112903225806
196611,39.300833333333344
196612,25.773387096774197
196701,21.420967741935467
196702,13.430357142857138
196703,23.586290322580655
196704,37.683333333333316
196705,45.61774193548386
196706,63.23416666666667
196707,67.61129032258066
196708,66.39677419354841
196709,57.988333333333344
196710,47.88870967741933
196711,34.15500000000001
196712,23.52258064516128
196801,12.653225806451614
196802,14.882758620689653
196803,30.76612903225806
196804,43.864999999999974
196805,51.48548387096772
196806,59.92499999999998
196807,69.08306451612908
196808,63.441935483870964
196809,60.108333333333334
196810,50.98709677419354
196811,33.55083333333334
196812,22.954032258064526
196901,19.723387096774186
196902,21.637499999999992
196903,28.384677419354848
196904,39.3525
196905,51.098387096774154
196906,61.8266666666667
196907,65.33951612903223
196908,67.04596774193547
196909,56.66
196910,44.77723577235771
196911,38.154621848739495
196912,25.8008064516129
197001,11.398387096774194
197002,19.604464285714297
197003,29.076612903225808
197004,40.37083333333335
197005,52.888709677419335
197006,62.14249999999999
197007,68.88387096774196
197008,67.36774193548389
197009,57.553333333333356
197010,49.329032258064544
197011,37.73833333333333
197012,14.793548387096779
197101,10.68095238095238
197102,19.980357142857144
197103,29.930645161290325
197104,39.174166666666686
197105,52.566129032258054
197106,62.97916666666665
197107,67.25564516129035
197108,66.34999999999998
197109,60.4058333333333
197110,51.13951612903224
197111,33.677499999999995
197112,22.086290322580652
197201,18.52258064516128
197202,16.898260869565217
197203,25.730645161290315
197204,38.62333333333334
197205,53.047580645161304
197206,60.450833333333335
197207,66.53629032258065
197208,65.07096774193546
197209,58.465
197210,44.023387096774194
197211,33.36249999999999
197212,18.855645161290333
197301,18.804651162790694
197302,18.12115384615384
197303,33.52307692307692
197304,40.732692307692304
197305,50.27346938775511
197306,63.88372093023257
197307,70.21666666666667
197308,68.42500000000001
197309,55.85555555555555
197310,46.17843137254903
197311,33.95531914893618
197312,27.58823529411765
197401,17.99821428571428
197402,16.058695652173913
197403,26.458139534883717
197404,39.27857142857143
197405,47.0132075471698
197406,62.668749999999996
197407,66.70714285714284
197408,65.46101694915254
197409,53.69078947368421
197410,39.387837837837836
197411,32.65405405405405
197412,23.17594936708861
197501,17.54556962025317
197502,17.67631578947368
197503,26.215294117647062
197504,34.729577464788726
197505,55.74533333333334
197506,61.77045454545455
197507,69.90199999999999
197508,64.36470588235294
197509,56.69914163090126
197510,50.578899082568796
197511,44.45035629453681
197512,27.03363636363638
197601,21.053793103448278
197602,28.515496368038736
197603,32.83833718244804
197604,44.41718377088304
197605,52.02265446224256
197606,62.02699530516431
197607,64.55316159250584
197608,65.01220095693778
197609,59.0164619164619
197610,48.36683168316832
197611,38.077479892761396
197612,23.634048257372655
197701,19.321662468513853
197702,25.52593659942363
197703,37.137150127226455
197704,40.97910447761194
197705,53.19750692520775
197706,56.99378238341969
197707,65.46147959183673
197708,64.1164420485175
197709,56.59686746987952
197710,49.71325581395348
197711,41.775566750629714
197712,27.34123711340207
197801,21.081395348837205
197802,21.660670731707327
197803,29.856818181818188
197804,40.67180156657961
197805,52.665865384615365
197806,59.07085308056872
197807,65.24761904761904
197808,65.10963855421686
197809,55.709852216748764
197810,47.92605633802817
197811,38.01964735516373
197812,29.13614718614718
197901,25.96904761904763
197902,17.858275058275062
197903,36.023736263736254
197904,41.84467592592591
197905,52.7328260869565
197906,60.86521739130433
197907,66.0371002132196
197908,62.756673960612666
197909,58.19956043956043
197910,48.84580498866216
197911,42.78829787234041
197912,30.779862700228833
198001,24.554608294930876
198002,22.28320610687022
198003,31.452267818574505
198004,43.091004184100385
198005,51.94489361702128
198006,59.28935185185183
198007,65.43660130718956
198008,65.7871121718377
198009,57.49902912621355
198010,46.76914414414414
198011,37.51180124223602
198012,22.502096436058697
198101,16.679865771812082
198102,33.22346368715085
198103,35.156853932584276
198104,44.499551569506735
198105,54.6800959232614
198106,62.854773869346715
198107,67.6792857142857
198108,65.38276699029126
198109,58.789534883720926
198110,46.57165991902833
198111,39.628774928774924
198112,31.495108695652192
198201,15.57009345794392
198202,23.378688524590153
198203,32.73652694610777
198204,41.32820512820512
198205,53.40390625
198206,57.45225563909774
198207,68.16901408450703
198208,63.63619631901841
198209,58.72704918032786
198210,49.564359861591676
198211,42.361568627450964
198212,31.39596774193548
198301,23.188744588744587
198302,26.765566037735855
198303,34.75885167464115
198304,42.68497409326425
198305,50.62677165354331
198306,63.529333333333334
198307,68.20396039603959
198308,65.48071065989848
198309,61.05138121546961
198310,47.538502673796785
198311,38.91542857142858
198312,28.096391752577322
198401,17.29631901840491
198402,27.516666666666666
198403,25.700000000000003
198404,42.207299270072994
198405,52.8870848708487
198406,61.68655172413793
198407,67.90737704918034
198408,68.62459016393443
198409,56.341013824884776
198410,49.538124999999994
198411,40.38148148148148
198412,32.33798701298702
198501,18.09431137724551
198502,26.41144414168937
198503,31.858482142857135
198504,41.687228260869546
198505,51.8255369928401
198506,57.901808785529695
198507,64.95662337662337
198508,64.00130208333334
198509,59.7661458333333
198510,50.936591478696734
198511,35.91946308724832
198512,18.89558011049724
198601,18.17860962566845
198602,18.80334928229665
198603,31.584030418250958
198604,43.51960227272728
198605,50.233602150537635
198606,56.72028169014086
198607,61.59591280653951
198608,61.87616580310879
198609,54.99395604395604
198610,47.280898876404486
198611,35.1823880597015
198612,27.18823529411765
198701,19.256273764258555
198702,19.87056277056277
198703,35.428957528957525
198704,51.33805668016194
198705,62.004724409448805
198706,62.76210045662099
198707,65.30395683453236
198708,66.41405622489961
198709,64.28811475409837
198710,56.49545454545454
198711,44.81884615384615
198712,33.987109374999996
198801,25.76534653465347
198802,28.917090909090913
198803,37.4995
198804,47.08153477218224
198805,56.44300411522636
198806,65.47139423076922
198807,67.82873831775701
198808,67.84744680851063
198809,61.35213903743315
198810,51.41068493150684
198811,46.05130890052357
198812,29.693201133144477
198901,29.88142076502733
198902,25.92099125364431
198903,33.66186186186186
198904,47.67777777777777
198905,60.99088235294118
198906,63.56064981949457
198907,67.006862745098
198908,62.73867595818815
198909,57.60037313432836
198910,47.448601398601404
198911,33.999640287769786
198912,11.208185053380783
199001,27.357288135593222
199002,22.659160305343516
199003,29.90625
199004,40.101689189189194
199005,48.189032258064515
199006,58.70243902439026
199007,65.22929687500002
199008,65.44932885906042
199009,55.29590443686007
199010,48.23194888178914
199011,37.28455882352941
199012,29.53754512635379
199101,17.213698630136985
199102,23.56093189964158
199103,31.552012383900927
199104,40.48790560471976
199105,52.21538461538463
199106,59.47017045454543
199107,64.07835365853659
199108,64.2378021978022
199109,54.65575620767493
199110,48.69265306122447
199111,37.78732394366198
199112,23.66365853658537
199201,20.730405405405403
199202,21.921285140562254
199203,28.010815939278935
199204,38.34365671641791
199205,49.96168582375479
199206,60.22358156028367
199207,61.76211180124223
199208,63.00829420970264
199209,56.37471636952997
199210,44.53157894736841
199211,34.63199233716476
199212,25.99236363636363
199301,19.86323076923077
199302,13.61774193548387
199303,27.84806201550388
199304,40.356480000000005
199305,51.276315789473685
199306,59.521269841269806
199307,64.96717791411038
199308,64.8421052631579
199309,56.627646129541866
199310,43.6827906976744
199311,36.69688013136287
199312,26.305625
199401,9.538671209540038
199402,16.121723518850988
199403,30.301562500000024
199404,40.74083601286174
199405,49.18610223642174
199406,61.86683937823833
199407,67.78595194085028
199408,64.06488549618321
199409,56.67931654676259
199410,48.559450171821325
199411,40.27445255474455
199412,29.319782214156096
199501,24.890766550522656
199502,18.118231046931403
199503,30.60428571428571
199504,37.46010733452594
199505,50.001376936316674
199506,62.40650793650797
199507,67.15217391304346
199508,64.7112081513828
199509,53.946370370370396
199510,49.96687211093991
199511,33.41743827160495
199512,21.195399188092008
199601,17.644736842105274
199602,20.91926751592358
199603,27.25939968404423
199604,39.69413580246913
199605,49.83732970027247
199606,61.605345911949684
199607,65.38161764705885
199608,65.23671875
199609,57.580478087649404
199610,45.18359073359071
199611,33.18282828282829
199612,31.258541266794637
199701,19.075514403292186
199702,24.42585170340681
199703,27.816572504708102
199704,39.79157706093189
199705,49.60499999999998
199706,62.73296089385476
199707,67.1748726655348
199708,64.3807560137457
199709,57.05693693693697
199710,44.96803418803419
199711,34.32139037433155
199712,25.01780821917809
199801,22.76559139784946
199802,27.853846153846145
199803,33.42952218430034
199804,43.5074074074074
199805,56.6709156193896
199806,59.727155963302714
199807,67.22998171846433
199808,66.5739352640545
199809,58.87996485061511
199810,47.74617996604413
199811,36.7384479717813
199812,29.225982905982896
199901,19.200180505415155
199902,25.732894736842113
199903,33.53424190800682
199904,43.24134275618377
199905,55.82439024390244
199906,65.7770642201835
199907,68.96608391608393
199908,64.27765765765767
199909,62.01663442940038
199910,44.47771428571429
199911,40.34716981132077
199912,27.792996108949414
200001,18.01197411003237
200002,22.91489361702127
200003,34.827831715210365
200004,41.215
200005,51.33896103896105
200006,60.728719723183424
200007,64.04027303754269
200008,64.1503267973856
200009,56.51178451178449
200010,46.01960132890365
200011,37.5742474916388
200012,21.10819672131147
200101,17.60653594771242
200102,20.593140794223828
200103,27.834527687296408
200104,40.23999999999999
200105,55.15754189944135
200106,64.34438202247189
200107,64.62258064516129
200108,68.14123989218331
200109,58.89444444444447
200110,48.18617886178861
200111,39.63802395209579
200112,31.847604790419147
200201,25.329763779527557
200202,25.758756137479534
200203,31.58203753351207
200204,41.49395886889461
200205,50.0709677419355
200206,58.74036939313986
200207,66.38126801152737
200208,67.08876404494384
200209,60.52268188302426
200210,44.2516358463727
200211,35.09203910614526
200212,26.489837398373993
200301,15.153278688524596
200302,17.556994047619053
200303,28.44495912806539
200304,37.79644886363637
200305,50.381586021505385
200306,61.47731092436973
200307,66.13485639686687
200308,66.48855585831063
200309,59.344510385756685
200310,46.24819944598337
200311,37.520547945205486
200312,26.53481675392671
200401,10.80995024875622
200402,22.30000000000002
200403,30.893781094527363
200404,41.0904884318766
200405,51.98089330024815
200406,58.18897435897439
200407,64.65831265508682
200408,64.51423173803529
200409,57.446857923497255
200410,46.699870466321265
200411,35.51675324675324
200412,22.728117048346054
200501,15.645839210155145
200502,23.249922239502332
200503,28.511972789115646
200504,42.15926966292135
200505,47.3106182795699
200506,61.01308823529412
200507,65.63073654390934
200508,65.36284916201117
200509,60.14705882352937
200510,48.85988857938716
200511,38.60210084033614
200512,25.484231805929923
200601,27.29407008086254
200602,22.417761194029843
200603,31.4532258064516
200604,43.439027777777774
200605,52.3034293552812
200606,61.56564245810058
200607,67.72181303116147
200608,62.97180851063828
200609,57.27125
200610,47.1184696569921
200611,41.88264352469959
200612,31.996189224704334
200701,23.23384615384616
200702,17.92666666666667
200703,30.204768786127154
200704,39.415843023255825
200705,52.40084865629418
200706,60.49082969432312
200707,64.19410939691444
200708,64.25550724637685
200709,58.92788321167882
200710,51.26510344827584
200711,36.15961002785516
200712,23.608123249299727
200801,24.373802816901396
200802,24.947455089820366
200803,29.280649526387002
200804,43.05287517531559
200805,51.117817679557994
200806,61.065512265512254
200807,67.28828337874663
200808,62.93763736263738
200809,57.884999999999984
200810,47.13096514745308
200811,39.15580204778156
200812,32.41188811188811
200901,21.82867132867133
200902,28.547857142857147
200903,32.712258064516135
200904,43.71573033707865
200905,50.04239631336406
200906,55.77836538461539
200907,57.57708333333334
