193701,39.061290322580646
193702,45.1
193704,46.970000000000006
193705,60.30967741935484
193706,68.55333333333333
193707,73.53548387096775
193708,74.0967741935484
193709,63.426666666666655
193710,53.474193548387106
193711,44.46
193712,34.122580645161285
193801,31.022580645161288
193802,34.66785714285714
193803,41.51612903225807
193804,50.34
193805,57.42258064516129
193806,66.51333333333335
193807,73.04516129032258
193808,74.47096774193548
193809,63.70666666666666
193810,56.53548387096773
193811,45.583333333333336
193812,35.696774193548386
193901,30.90645161290322
193902,34.97857142857143
193903,37.429032258064524
193904,46.37333333333334
193905,60.0
193906,68.71333333333334
193907,73.1290322580645
193908,75.63870967741934
193909,65.73666666666668
193910,54.867741935483856
193911,41.68999999999999
193912,35.23225806451613
194001,23.570967741935487
194002,31.662068965517243
194003,33.59354838709677
194004,44.61999999999999
194005,57.72903225806453
194006,66.45
194007,72.32580645161292
194008,68.63225806451611
194009,64.01666666666668
194010,51.21612903225807
194011,44.103333333333325
194012,37.664516129032265
194101,29.83225806451612
194102,30.37857142857143
194103,34.03225806451613
194104,52.67000000000001
194105,60.809677419354834
194106,68.11999999999999
194107,72.42580645161291
194108,71.66451612903225
194109,67.29666666666664
194110,58.98387096774193
194111,47.36666666666668
194112,37.664516129032265
194201,22.891397849462372
194202,20.644047619047623
194203,36.64516129032258
194204,47.95666666666669
194205,59.869892473118284
194206,66.55333333333333
194207,70.95698924731182
194208,68.84516129032258
194209,61.785555555555554
194210,52.50107526881721
194211,39.71222222222223
194212,23.00322580645161
194301,29.169696969696975
194302,32.57142857142857
194303,38.25483870967742
194304,44.35666666666666
194305,63.03389830508475
194306,74.33888888888889
194307,73.86344086021506
194308,73.58494623655913
194309,65.49444444444445
194310,54.88279569892474
194311,44.19444444444444
194312,33.438095238095244
194401,32.78387096774194
194402,32.1448275862069
194403,36.46774193548387
194404,46.20333333333333
194405,60.30725806451612
194406,65.745
194407,72.0475806451613
194408,71.80725806451612
194409,63.41583333333332
194410,50.60725806451614
194411,40.78833333333333
194412,25.845967741935482
194501,16.56903225806452
194502,26.457857142857147
194503,42.47741935483871
194504,50.09111111111111
194505,53.2989247311828
194506,65.07055555555554
194507,70.44946236559139
194508,68.78732394366196
194509,66.48333333333333
194510,52.831182795698915
194511,44.474444444444444
194512,28.423387096774192
194601,28.560215053763446
194602,25.835714285714282
194603,44.123655913978496
194604,46.12555555555556
194605,57.00322580645162
194606,65.38666666666666
194607,71.00215053763442
194608,67.99784946236558
194609,66.00444444444445
194610,57.09347826086957
194611,46.34222222222221
194612,33.26559139784947
194701,31.369892473118284
194702,25.051190476190477
194703,34.51397849462366
194704,45.66777777777778
194705,55.52795698924733
194706,65.47666666666666
194707,72.6989247311828
194708,73.49213483146066
194709,65.87555555555556
194710,59.25376344086022
194711,40.75666666666667
194712,28.93870967741935
194801,18.300359712230215
194802,22.070881226053636
194803,34.03154121863799
194804,47.06555555555555
194805,54.73440860215054
194806,64.93768656716419
194807,72.40791788856302
194808,71.01407624633433
194809,65.41333333333333
194810,51.676702508960574
194811,48.25148148148148
194812,33.71720430107527
194901,33.37634408602151
194902,32.65515873015874
194903,36.45286738351255
194904,47.73308270676689
194905,58.71487455197134
194906,71.539146567718
194907,75.20920577617328
194908,72.15824372759856
194909,60.75629629629633
194910,56.77585585585585
194911,39.652222222222214
194912,33.12531418312387
195001,34.83960573476701
195002,25.593849206349212
195003,30.162186379928308
195004,43.07407407407407
195005,56.55412186379926
195006,66.66925925925926
195007,70.30483870967743
195008,68.85727440147328
195009,59.997647058823524
195010,54.433206831119556
195011,42.846534653465355
195012,28.757604562737644
195101,29.855407969639465
195102,29.630882352941175
195103,36.839848197343436
195104,47.901372549019605
195105,58.84592030360531
195106,65.98235294117646
195107,71.80643863179077
195108,69.18891129032258
195109,62.82624999999998
195110,54.17802419354839
195111,37.286458333333336
195112,31.607168458781366
195201,28.958904109589053
195202,30.281439393939394
195203,34.74842300556586
195204,50.24015444015444
195205,55.77050092764379
195206,69.17748091603053
195207,75.44906015037594
195208,70.5467032967033
195209,64.40377358490564
195210,49.42580645161292
195211,43.59716981132074
195212,33.59926470588235
195301,31.780336134453787
195302,31.920471014492758
195303,37.426829268292686
195304,46.787547169811326
195305,58.84331450094161
195306,68.56586345381527
195307,72.84863813229572
195308,70.33190661478599
195309,64.29120654396728
195310,54.273217726396915
195311,44.26372745490982
195312,36.213733075435194
195401,23.897711670480543
195402,34.081043956043956
195403,36.03473945409428
195404,48.735897435897435
195405,56.15483870967742
195406,67.73974358974361
195407,71.2305210918114
195408,68.47841191066998
195409,62.36435897435898
195410,56.362282878411904
195411,41.60102564102564
195412,30.819851116625323
195501,26.357950530035335
195502,29.36626984126984
195503,36.711827956989254
195504,50.23074074074074
195505,61.09964157706094
195506,67.42703703703705
195507,77.03799283154125
195508,75.06344086021507
195509,64.5114814814815
195510,56.57562724014336
195511,41.13222222222222
195512,26.47311827956989
195601,27.91541218637993
195602,31.549042145593866
195603,32.82724014336918
195604,44.18777777777777
195605,54.495340501792114
195606,68.07338403041824
195607,70.11774193548386
195608,70.91532258064517
195609,61.4
195610,54.92217741935484
195611,43.80416666666666
195612,36.64274193548387
195701,24.148387096774194
195702,32.995535714285715
195703,38.08870967741936
195704,49.569166666666675
195705,58.88991935483871
195706,70.77999999999999
195707,72.87016129032257
195708,69.43870967741937
195709,65.66666666666667
195710,52.9141129032258
195711,45.34625000000001
195712,36.865725806451614
195801,28.029838709677414
195802,23.335714285714285
195803,36.561693548387105
195804,48.88458333333334
195805,55.57782258064517
195806,63.489583333333336
195807,72.92701612903227
195808,71.24475806451612
195809,64.00916666666667
195810,53.160215053763444
195811,45.78592592592593
195812,26.35806451612903
195901,28.054838709677412
195902,28.232539682539684
195903,36.11003584229391
195904,48.83740740740742
195905,60.796415770609336
195906,68.03703703703702
195907,73.4978494623656
195908,74.3594982078853
195909,68.66333333333333
195910,56.29032258064516
195911,43.284074074074084
195912,35.73799283154122
196001,30.462007168458786
196002,32.76934865900383
196003,29.706093189964164
196004,49.636296296296294
196005,59.722525597269616
196006,67.90848484848485
196007,71.22639296187684
196008,71.07771260997066
196009,64.98599999999999
196010,54.52508960573477
196011,46.9375
196012,27.756854838709668
196101,23.04354838709677
196102,30.733035714285705
196103,36.589919354838706
196104,44.195283018867926
196105,56.11398305084746
196106,66.76708333333333
196107,72.47056451612903
196108,70.73790322580645
196109,70.42547169811321
196110,56.09342723004694
196111,43.07745098039215
196112,30.97135922330097
196201,25.573684210526324
196202,24.123936170212772
196203,35.91298076923077
196204,46.794000000000004
196205,61.03318584070796
196206,68.41181102362205
196207,69.72613636363636
196208,69.26468253968254
196209,61.47122641509433
196210,52.973118279569896
196211,38.95666666666667
196212,27.060752688172048
196301,23.906989247311827
196302,21.76845238095238
196303,36.88548387096775
196304,47.931111111111115
196305,56.7963157894737
196306,68.04782608695653
196307,72.37394957983193
196308,67.61958333333334
196309,59.818627450980394
196310,57.51021505376344
196311,46.318888888888885
196312,24.288172043010753
196401,29.650537634408597
196402,26.691954022988504
196403,36.84301075268817
196404,46.08500000000001
196405,61.435483870967744
196406,67.20254237288135
196407,73.49475806451612
196408,68.30975609756096
196409,63.9147619047619
196410,51.63225806451612
196411,44.91166666666667
196412,32.08225806451613
196501,23.88
196502,27.097619047619038
196503,33.595340501792116
196504,44.16
196505,61.604301075268815
196506,66.84740740740739
196507,70.27168458781362
196508,70.28888888888888
196509,64.43085501858734
196510,51.553046594982085
196511,41.50185185185185
196512,34.85268817204301
196601,25.081720430107524
196602,27.72103174603174
196603,37.31003584229391
196604,44.82296296296296
196605,55.3050847457627
196606,68.65993788819875
196607,74.25800604229606
196608,71.2888888888889
196609,61.836111111111094
196610,51.78817204301076
196611,44.97074074074075
196612,31.335483870967735
196701,32.404659498207884
196702,23.422222222222228
196703,32.54659498207885
196704,45.850719424460415
196705,51.25619335347431
196706,69.3080745341615
196707,70.96435045317222
196708,69.2933933933934
196709,62.353214285714266
196710,52.900000000000006
196711,38.34296296296296
196712,33.39677419354839
196801,21.85806451612903
196802,23.61034482758621
196803,37.54480286738351
196804,50.106737588652486
196805,55.38753799392097
196806,65.59
196807,73.09848942598185
196808,71.48372093023256
196809,66.10592592592592
196810,55.57168458781363
196811,42.25148148148149
196812,28.85017921146953
196901,26.069354838709682
196902,27.376428571428576
196903,33.81838709677419
196904,49.12361963190184
196905,57.93426966292135
196906,67.41929824561404
196907,71.29435028248588
196908,72.61221590909092
196909,64.28104575163397
196910,52.68870967741935
196911,42.504000000000005
196912,28.072903225806446
197001,19.167419354838703
197002,27.852857142857147
197003,33.68258064516129
197004,48.17467105263159
197005,59.58644067796612
197006,67.05170454545451
197007,72.66236263736263
197008,72.3160220994475
197009,65.16521739130437
197010,55.05
197011,44.17269372693727
197012,28.10035842293907
197101,21.20107526881721
197102,28.765873015873016
197103,33.28387096774194
197104,44.32222222222221
197105,57.28781362007171
197106,68.8125925925926
197107,71.7168458781362
197108,70.284229390681
197109,66.98333333333336
197110,58.18673835125446
197111,40.28814814814816
197112,34.106093189964156
197201,28.29483870967741
197202,24.55379310344827
197203,32.573870967741925
197204,43.01266666666666
197205,59.28612903225807
197206,64.59364548494982
197207,72.62387096774192
197208,69.63
197209,64.43333333333334
197210,48.1458064516129
197211,38.617333333333335
197212,32.323870967741925
197301,28.972571428571428
197302,26.223239436619735
197303,43.729090909090885
197304,49.38701298701298
197305,54.770334928229666
197306,71.09898989898991
197307,74.19095477386938
197308,73.91379310344824
197309,65.19303797468353
197310,54.363975155279505
197311,42.18466666666667
197312,31.36754966887416
197401,28.515172413793096
197402,26.519811320754723
197403,34.814965986394576
197404,50.45466666666666
197405,55.38888888888888
197406,67.5488372093023
197407,72.08042328042329
197408,70.94703196347031
197409,59.68932038834952
197410,46.83507109004741
197411,39.76052631578946
197412,31.142028985507245
197501,27.172769953051645
197502,27.10161290322581
197503,30.51642512077294
197504,39.45098039215685
197505,62.37405405405405
197506,67.32602739726026
197507,73.28657718120806
197508,69.49103448275862
197509,60.29826839826839
197510,56.845238095238095
197511,49.29318885448915
197512,33.04984423676012
197601,22.949657534246576
197602,34.15685483870969
197603,38.8992565055762
197604,51.25316455696202
197605,57.581048387096786
197606,68.67248908296943
197607,70.3344537815126
197608,70.1584126984127
197609,63.76101694915256
197610,49.857746478873224
197611,38.48697478991596
197612,27.110833333333336
197701,19.11304347826087
197702,27.880538922155683
197703,40.32891891891891
197704,48.3680473372781
197705,60.49224376731302
197706,65.18300835654595
197707,73.198891966759
197708,70.46630136986303
197709,63.64484679665737
197710,51.11187845303867
197711,44.31733333333333
197712,29.747368421052634
197801,21.784478935698452
197802,19.94698162729659
197803,32.902393617021275
197804,44.1393351800554
197805,56.68276762402089
197806,66.55973333333334
197807,71.13445595854922
197808,71.6490861618799
197809,61.10024390243902
197810,51.02828947368421
197811,41.0527446300716
197812,30.92346938775511
197901,24.356199999999998
197902,18.498333333333335
197903,39.45059880239521
197904,45.51802197802197
197905,57.792951541850215
197906,65.97120879120878
197907,72.64039301310045
197908,69.54368070953436
197909,63.87665198237885
197910,51.81327800829875
197911,45.869124423963136
197912,33.884482758620685
198001,26.746943231441048
198002,23.40620842572062
198003,34.40206185567011
198004,46.69577777777778
198005,58.71621052631578
198006,63.44404494382023
198007,72.78657718120805
198008,73.47894736842105
198009,64.313870246085
198010,49.698913043478264
198011,38.681995661605214
198012,25.27787810383747
198101,18.709273182957393
198102,33.420833333333334
198103,36.0639566395664
198104,48.95388888888889
198105,57.52871794871795
198106,68.08867924528302
198107,73.79546666666667
198108,70.18559670781893
198109,60.433023255813964
198110,48.88561320754716
198111,41.46437054631829
198112,30.379028697571748
198201,16.565217391304344
198202,26.242499999999996
198203,35.15208333333334
198204,44.63966597077244
198205,59.868346774193554
198206,63.17625899280576
198207,73.84793187347933
198208,67.59853658536586
198209,62.46399026763988
198210,53.361999999999995
198211,44.98590308370044
198212,36.78072289156627
198301,27.39455337690632
198302,30.14977777777777
198303,38.02
198304,45.65152749490834
198305,55.655728155339816
198306,69.6214953271028
198307,75.06706443914082
198308,72.24141876430204
198309,65.70611246943764
198310,51.956122448979606
198311,40.73250517598343
198312,24.94067085953879
198401,21.403201506591337
198402,32.97895791583168
198403,27.937044534412948
198404,47.026914153132246
198405,54.53140495867768
198406,69.55728346456692
198407,72.10789473684211
198408,72.12234513274336
198409,60.21923990498813
198410,54.161340206185564
198411,38.92955974842768
198412,33.01641337386017
198501,17.880597014925375
198502,25.437060702875396
198503,36.801355013550136
198504,50.489327146171696
198505,59.66502732240437
198506,63.10824949698191
198507,70.88754716981131
198508,70.04194528875381
198509,64.94439178515003
198510,53.468960468521225
198511,42.09517241379311
198512,26.03325942350333
198601,23.890846681922195
198602,24.51115702479339
198603,37.80493827160494
198604,48.233381294964026
198605,60.041503759398516
198606,64.92313546423135
198607,71.6029411764706
198608,68.74161392405065
198609,62.102427184466
198610,52.23489655172414
198611,39.154373177842565
198612,32.92554112554113
198701,26.64298375184639
198702,25.311034482758622
198703,38.28222891566264
198704,48.74910277324633
198705,59.24368770764119
198706,68.81036269430051
198707,73.9114379084967
198708,69.27853736089033
198709,62.91580645161289
198710,48.921889763779525
198711,41.73548387096774
198712,33.199495798319326
198801,24.00450751252087
198802,26.10445859872611
198803,35.20760517799353
198804,44.91712439418418
198805,58.338132911392385
198806,65.7882154882155
198807,73.7876254180602
198808,72.4279146141215
198809,62.04819277108431
198810,46.44834205933684
198811,42.750445632798574
198812,28.97397504456328
198901,29.640206185567006
198902,24.455223880597014
198903,33.06938775510205
198904,43.32883959044368
198905,56.28325508607199
198906,66.22802768166092
198907,71.49228243021345
198908,69.49536321483772
198909,62.629635761589405
198910,52.17040971168435
198911,39.33643533123029
198912,17.614637681159422
199001,33.56200564971751
199002,32.27481146304675
199003,39.275102599179206
199004,48.9716030534351
199005,55.82210095497953
199006,67.16467065868262
199007,71.66828528072838
199008,70.44799357945423
199009,62.55769828926904
199010,55.48810572687226
199011,45.29416167664671
199012,35.03449319213315
199101,26.111214953271038
199102,31.91498054474708
199103,38.01859205776172
199104,49.582014388489206
199105,62.61399662731871
199106,69.3944827586207
199107,72.48018018018018
199108,71.62644927536232
199109,61.98551483420593
199110,53.77692307692308
199111,40.4596551724138
199112,31.61538461538462
199201,27.0771285475793
199202,28.404577464788733
199203,31.719001610305952
199204,43.56695352839932
199205,56.177547495682205
199206,63.20686106346485
199207,65.04909688013136
199208,65.08903436988547
199209,60.313036303630355
199210,47.490196078431374
199211,39.11401673640167
199212,30.65944333996024
199301,26.96241379310345
199302,19.881237524950098
199303,30.74122807017543
199304,45.062956521739125
199305,56.56095551894563
199306,64.58537414965986
199307,71.75392156862745
199308,68.4742857142857
199309,58.36700336700338
199310,47.255464926590534
199311,39.03294509151415
199312,27.71330128205129
199401,15.446727272727275
199402,21.178411405295318
199403,31.48438061041292
199404,46.13881118881118
199405,52.59163822525598
199406,66.31967509025269
199407,71.91865284974091
199408,67.05906642728904
199409,61.53163444639718
199410,51.28380503144654
199411,44.740229885057474
199412,33.1583193277311
199501,29.350315457413245
199502,22.323181049069373
199503,36.69418803418803
199504,41.67933579335793
199505,55.192605633802806
199506,66.84157706093191
199507,69.87916666666665
199508,69.14205128205128
199509,57.97483660130719
199510,52.77940717628705
199511,35.60593607305936
199512,24.2269578313253
199601,22.15459098497496
199602,24.762911611785096
199603,29.723801369863008
199604,41.89658385093168
199605,52.65479041916168
199606,65.32044728434504
199607,68.9253829321663
199608,69.65095137420718
199609,62.865454545454554
199610,51.1793499043977
199611,35.43029702970296
199612,34.40603112840466
199701,23.61670020120725
199702,31.118847006651876
199703,33.392872570194385
199704,43.60512249443208
199705,51.986086956521746
199706,66.74119047619048
199707,69.87676991150441
199708,67.14197247706423
199709,60.54429530201343
199710,50.32687224669604
199711,37.67136363636363
199712,31.169450549450545
199801,30.914285714285718
199802,33.31269035532995
199803,37.97734204793029
199804,48.0938900203666
199805,61.79311740890689
199806,64.91178861788617
199807,69.68643724696355
199808,69.96845360824742
199809,63.380167014613775
199810,51.236595744680855
199811,41.07782608695653
199812,34.46229838709678
199901,24.63735909822866
199902,29.285232067510535
199903,32.89516994633274
199904,45.86372549019608
199905,59.155525606468984
199906,68.00716463414632
199907,73.39497964721846
199908,67.53872282608697
199909,63.8677037037037
199910,48.88614718614718
199911,43.73988684582744
199912,30.797018970189704
200001,22.640453356582388
200002,28.702464454976308
200003,39.78810148731408
200004,44.328584392014534
200005,57.801835664335655
200006,65.1868896925859
200007,67.29292576419216
200008,67.65258092738407
200009,60.19218181818183
200010,50.555093002657216
200011,38.380692167577415
200012,22.496940559440567
200101,25.08917030567687
200102,27.52153249272551
200103,30.971201413427565
200104,46.62900900900899
200105,58.57762825904119
200106,67.08912671232878
200107,68.25638031693074
200108,72.12161520190024
200109,61.34025974025976
200110,52.2143063583815
200111,45.83323353293412
200112,36.21786743515851
200201,32.19928418038657
200202,32.09800766283524
200203,36.00154169586545
200204,47.79725738396628
200205,53.68519781718963
200206,65.74369501466279
200207,72.33458904109587
200208,71.15734989648037
200209,65.2563309352518
200210,49.497265077138856
200211,39.30959004392388
200212,28.82788051209105
200301,19.28704626334518
200302,22.08170445660672
200303,34.35035410764871
200304,43.411343283582056
200305,54.74898697539797
200306,64.26954915003691
200307,70.36988716502114
200308,71.08080736543907
200309,62.83328467153285
200310,49.16451841359773
200311,43.534329446064135
200312,31.410381355932188
200401,17.407932011331443
200402,26.24913986537022
200403,36.96114561766736
200404,46.19341917024321
200405,59.38275154004106
200406,64.3310082872928
200407,69.25068852459015
200408,68.2405193236715
200409,64.35071651090342
200410,51.27900837089506
200411,42.28244714926328
200412,31.187027027027032
200501,23.155183673469395
200502,28.22482142857142
200503,32.08669724770643
200504,47.80216886134779
200505,53.32864506627396
200506,69.48604118993136
200507,72.78417865253593
200508,72.7131221719457
200509,66.37470881863558
200510,52.72523437499999
200511,44.128425998433826
200512,28.841116005873715
200601,34.072188905547215
200602,28.68420181968569
200603,35.60653266331659
200604,48.37046153846154
200605,57.11372403560832
200606,65.89665144596651
200607,73.29715821812597
200608,70.61186696900982
200609,61.61534954407295
200610,50.7885911179173
200611,45.318433931484506
200612,38.07580524344569
200701,29.772721041809465
200702,20.898016781083143
200703,34.687123862841155
200704,43.93922852983988
200705,58.62828207051764
200706,67.26525925925924
200707,69.73083451202264
200708,70.49904622157008
200709,65.07060539752005
200710,58.464075067024105
200711,40.43201075991931
200712,30.888895979578805
200801,30.40648683365446
200802,28.004646324549235
200803,33.831428571428575
200804,49.741469993256935
200805,54.444066709429116
200806,68.41593813046403
200807,71.6009894459103
200808,67.59478672985782
200809,63.60406504065038
200810,50.087968441814596
200811,41.44447900466563
200812,32.61362862010222
200901,21.83208255159475
200902,29.905942622950818
200903,35.520278330019885
200904,47.32562500000001
200905,57.24218415417558
200906,63.48767123287671
200907,65.99915966386556
