194311,43.67666666666666
194312,32.31290322580646
194401,33.54838709677419
194402,33.50344827586207
194403,36.92580645161291
194404,46.61000000000001
194405,61.16129032258064
194406,69.24333333333333
194407,74.55483870967741
194408,73.66774193548389
194409,67.06
194410,54.351612903225785
194411,44.71333333333333
194412,32.90645161290323
194501,26.412903225806456
194502,34.44563758389262
194503,49.30806451612903
194504,53.81055555555555
194505,58.73010752688172
194506,69.93999999999998
194507,73.68602150537633
194508,71.58172043010752
194509,69.45444444444443
194510,56.8984
194511,49.35249999999999
194512,32.66930693069306
194601,34.81397849462366
194602,35.02023809523809
194603,47.46344086021506
194604,49.84782608695652
194605,61.24054054054054
194606,67.83500000000001
194607,72.78225806451613
194608,70.28548387096775
194609,68.31166666666667
194610,59.97419354838709
194611,50.23166666666666
194612,39.106451612903214
194701,40.09516129032257
194702,28.755357142857147
194703,36.91612903225807
194704,50.87833333333334
194705,60.29032258064516
194706,67.26500000000001
194707,73.87741935483871
194708,73.50806451612901
194709,67.215
194710,59.88387096774194
194711,43.230000000000004
194712,33.01935483870968
194801,26.30584415584416
194802,31.444827586206898
194803,41.824675324675326
194804,49.45333333333333
194805,58.718709677419355
194806,67.93799999999999
194807,74.67870967741935
194808,73.29161290322578
194809,66.81333333333332
194810,54.39146341463414
194811,50.469863013698635
194812,37.66
194901,39.81987179487179
194902,39.71726618705036
194903,42.42983870967742
194904,51.913333333333334
194905,61.46693548387097
194906,72.07916666666667
194907,77.7290322580645
194908,74.83870967741935
194909,64.58083333333335
194910,60.676595744680846
194911,45.316666666666656
194912,39.2
195001,43.065322580645166
195002,33.724999999999994
195003,37.440322580645166
195004,47.95666666666666
195005,58.0758064516129
195006,69.46499999999999
195007,74.1282258064516
195008,71.67338709677419
195009,63.39166666666668
195010,57.93387096774193
195011,47.024166666666666
195012,33.90645161290323
195101,36.16370967741935
195102,35.8419642857143
195103,41.70483870967741
195104,51.89083333333333
195105,61.75322580645161
195106,68.63916666666665
195107,75.18548387096774
195108,73.42338709677419
195109,66.95
195110,58.15403225806452
195111,42.533333333333346
195112,38.33548387096774
195201,36.67338709677419
195202,36.5448275862069
195203,39.627419354838715
195204,53.79666666666666
195205,60.09435483870968
195206,72.55666666666666
195207,77.65241935483873
195208,73.48951612903225
195209,67.19083333333333
195210,53.18629032258063
195211,46.63666666666667
195212,37.61048387096774
195301,37.98387096774193
195302,38.516071428571436
195303,43.3241935483871
195304,51.7025
195305,62.798387096774206
195306,70.825
195307,75.79677419354839
195308,73.67580645161289
195309,68.20333333333333
195310,57.6483870967742
195311,46.41499999999999
195312,40.020967741935486
195401,31.786290322580644
195402,39.88214285714285
195403,41.518548387096786
195404,53.330000000000005
195405,59.229838709677416
195406,70.06833333333334
195407,74.82580645161292
195408,72.21209677419354
195409,67.13499999999999
195410,59.712903225806464
195411,44.22083333333333
195412,35.48467741935483
195501,30.497311827956988
195502,33.86785714285714
195503,42.123118279569894
195504,52.21444444444444
195505,63.03010752688172
195506,67.24444444444444
195507,78.23225806451612
195508,76.16720430107526
195509,66.49277777777777
195510,58.16021505376344
195511,43.49444444444445
195512,29.746236559139792
195601,31.54516129032259
195602,36.83735632183908
195603,37.50591397849462
195604,47.10166666666666
195605,57.68387096774193
195606,70.09333333333333
195607,72.96827956989249
195608,73.3752688172043
195609,64.83352601156069
195610,57.65224719101122
195611,46.93099415204678
195612,42.48514285714286
195701,29.49943502824859
195702,37.47044025157232
195703,41.64508670520232
195704,52.77882352941176
195705,62.21529411764706
195706,72.2539393939394
195707,75.61609195402299
195708,71.35443786982248
195709,68.92455089820358
195710,55.094797687861266
195711,48.07738095238095
195712,39.87687861271676
195801,31.647428571428566
195802,28.043589743589745
195803,39.24360465116279
195804,52.26745562130177
195805,58.930057803468195
195806,66.5875
195807,76.35172413793103
195808,72.96312056737591
195809,66.56170212765959
195810,55.41301369863013
195811,48.19208633093525
195812,29.456250000000004
195901,31.211290322580645
195902,32.24017857142857
195903,39.174193548387095
195904,51.68
195905,63.90483870967742
195906,70.10333333333334
195907,74.35564516129031
195908,75.42096774193547
195909,69.25166666666668
195910,58.966129032258074
195911,45.675
195912,37.68709677419355
196001,34.071774193548386
196002,35.959482758620695
196003,32.0258064516129
196004,53.1825
196005,59.99435483870969
196006,70.21666666666668
196007,72.98322580645161
196008,73.46064516129033
196009,66.544
196010,55.64387096774193
196011,47.69800000000001
196012,29.204516129032257
196101,25.970322580645163
196102,35.34071428571429
196103,40.62387096774194
196104,47.60733333333333
196105,57.94516129032258
196106,69.24266666666668
196107,74.84129032258063
196108,73.38479999999998
196109,72.17583333333336
196110,57.328723404255314
196111,46.827777777777776
196112,34.0247311827957
196201,31.431182795698923
196202,30.399999999999995
196203,39.93763440860215
196204,51.25111111111111
196205,61.143010752688184
196206,70.87903225806451
196207,72.13548387096773
196208,71.24032258064517
196209,63.49666666666667
196210,55.97419354838709
196211,42.35999999999999
196212,30.92096774193548
196301,29.170967741935485
196302,27.566666666666666
196303,42.448387096774184
196304,51.144444444444446
196305,59.593548387096774
196306,69.6659090909091
196307,74.60344827586206
196308,72.15053763440861
196309,62.646666666666654
196310,59.0505376344086
196311,49.259550561797745
196312,28.950000000000003
196401,34.04354838709678
196402,31.45172413793103
196403,42.262903225806454
196404,48.53333333333333
196405,64.17903225806451
196406,69.99333333333333
196407,75.05000000000001
196408,71.70483870967742
196409,67.01833333333333
196410,54.26612903225805
196411,48.38999999999999
196412,36.37096774193547
196501,28.523655913978498
196502,32.091666666666676
196503,37.903225806451616
196504,47.74111111111111
196505,64.8494623655914
196506,69.19666666666666
196507,73.56451612903226
196508,72.9268817204301
196509,67.45666666666668
196510,53.737634408602155
196511,45.24222222222223
196512,37.38064516129032
196601,29.636559139784943
196602,31.97738095238096
196603,41.04408602150538
196604,47.04333333333333
196605,57.593548387096774
196606,71.26555555555555
196607,76.64193548387098
196608,74.06559139784945
196609,65.04444444444445
196610,54.047311827956996
196611,47.93
196612,36.00107526881721
196701,37.36451612903226
196702,30.005952380952376
196703,37.73763440860215
196704,50.09
196705,54.104301075268815
196706,69.91111111111111
196707,72.76236559139785
196708,71.6247311827957
196709,63.78888888888889
196710,54.383870967741935
196711,41.212222222222216
196712,37.099999999999994
196801,27.112903225806452
196802,28.426436781609194
196803,42.3236559139785
196804,52.227777777777774
196805,58.718279569892466
196806,69.4211111111111
196807,75.7247311827957
196808,75.1236559139785
196809,67.93333333333334
196810,57.459139784946245
196811,44.97333333333333
196812,32.52150537634409
196901,30.50860215053763
196902,31.404761904761898
196903,38.078494623655914
196904,53.62222222222222
196905,62.655913978494624
196906,70.90777777777778
196907,73.28172043010753
196908,74.41532258064517
196909,66.48249999999999
196910,54.93790322580645
196911,44.67166666666667
196912,33.38709677419355
197001,25.218548387096778
197002,33.598214285714285
197003,37.684677419354834
197004,49.462500000000006
197005,61.775
197006,69.0775
197007,74.42258064516129
197008,74.98225806451612
197009,69.07416666666667
197010,58.09354838709677
197011,48.03583333333334
197012,35.9266129032258
197101,27.91370967741935
197102,34.13392857142857
197103,38.85806451612903
197104,48.68666666666666
197105,58.4233870967742
197106,70.68333333333334
197107,74.49758064516128
197108,73.17234042553193
197109,69.55111111111111
197110,61.513978494623665
197111,44.84
197112,41.65483870967742
197201,34.5741935483871
197202,31.474712643678163
197203,39.233333333333334
197204,47.49666666666666
197205,60.382795698924724
197206,67.05888888888889
197207,75.60430107526884
197208,74.02473118279569
197209,68.47
197210,52.174193548387095
197211,44.07333333333332
197212,40.273118279569886
197509,66.35000000000001
197510,63.379032258064505
197511,54.823333333333345
197512,39.214516129032255
197601,30.97045454545455
197602,40.295402298850576
197603,44.93225806451613
197604,54.2011111111111
197605,60.82150537634409
197606,70.9022222222222
197607,74.35806451612902
197608,73.73736263736264
197609,67.92666666666666
197610,54.46022727272728
197611,33.867045454545455
197612,26.489247311827963
197701,23.41304347826087
197702,33.03855421686747
197703,44.21797752808989
197704,54.43974358974361
197705,64.35853658536585
197706,69.47951807228915
197707,76.70845070422537
197708,75.25125
197709,69.82588235294118
197710,56.631764705882354
197711,49.34177215189873
197712,38.157954545454544
197801,30.625842696629217
197802,29.321250000000003
197803,38.6551724137931
197804,50.34943820224717
197805,55.333720930232566
197806,65.3558139534884
197807,69.81084337349397
197808,71.37407407407407
197809,64.42142857142856
197810,54.876315789473686
197811,46.37692307692309
197812,38.91521739130434
197901,33.39354838709678
197902,23.838271604938278
197903,41.6797619047619
197904,49.05238095238096
197905,61.13552631578946
197906,66.82142857142857
197907,75.15348837209301
197908,74.8775
197909,69.32790697674417
197910,56.30120481927711
197911,51.67402597402598
197912,39.79222222222223
198001,32.110126582278475
198002,28.036144578313248
198003,36.560227272727275
198004,47.74342105263158
198005,59.43666666666668
198006,64.95882352941177
198007,73.98846153846154
198008,75.0923076923077
198009,68.3404255319149
198010,55.78055555555556
198011,41.452
198012,31.392307692307686
198101,22.90425531914894
198102,33.446153846153855
198103,37.693749999999994
198104,50.62820512820513
198105,60.096774193548384
198106,71.71666666666667
198107,79.44
198108,74.88235294117646
198109,69.86666666666666
198110,56.068571428571445
198111,49.46315789473684
198112,33.42916666666667
198201,28.411111111111115
198202,37.1
198203,40.87391304347826
198204,49.69130434782609
198205,59.06999999999999
198206,62.325
198208,68.96000000000001
198209,60.8
198210,53.971428571428575
198211,43.25714285714286
198212,45.385000000000005
198301,32.46923076923077
198302,35.13437499999999
198303,41.64107142857142
198304,46.99591836734695
198305,56.374999999999986
198306,66.53448275862068
198307,75.69999999999999
198308,70.55384615384617
198309,61.175000000000004
198310,56.55833333333333
198311,41.03846153846154
198312,29.816666666666666
198401,24.341666666666665
198402,34.03333333333333
198403,37.033333333333346
198404,49.27916666666666
198405,59.34545454545455
198406,69.91052631578948
198407,73.83125000000003
198408,74.275
198409,66.60000000000001
198410,59.50999999999999
198411,51.199999999999996
198412,46.94166666666666
198501,35.614285714285714
198502,32.56666666666667
198503,48.95312499999999
198504,53.932758620689675
198505,66.55714285714286
198506,66.7
198507,75.82272727272728
198508,74.59090909090911
198509,67.85312499999999
198510,59.26944444444447
198601,31.98666666666667
198602,30.724285714285713
198603,44.91847826086956
198604,51.85858585858587
198605,62.54999999999999
198606,54.8
198607,75.21111111111114
198608,72.36333333333333
198609,66.19374999999992
198610,57.28064516129032
198611,42.11836734693877
198612,37.56510067114095
198701,31.75345911949685
198702,32.84202898550721
198703,44.55432098765437
198704,52.908108108108145
198705,63.56601307189541
198706,73.63082706766922
198707,76.17093023255816
198708,72.59428571428572
198709,67.25901639344264
198710,52.53970588235294
198711,46.59027027027027
198712,38.54708994708994
198801,27.45687499999999
198802,33.288124999999994
198803,43.46111111111109
198804,50.643209876543224
198805,61.93636363636362
198806,72.33452380952376
198807,78.45121951219512
198808,77.19186046511626
198809,66.12500000000003
198810,51.92621951219513
198811,48.42822085889569
198812,34.58974358974358
198901,35.46727272727273
198902,33.67857142857144
198903,41.794674556213046
198904,51.54355828220856
198905,62.67454545454546
198906,72.54999999999994
198907,75.66111111111117
198908,73.6920731707317
198909,67.2741935483871
198910,56.475460122699374
198911,45.27115384615382
198912,24.819767441860453
199001,39.411309523809535
199002,39.27187500000001
199003,44.83000000000001
199004,53.43835616438352
199005,60.38736263736265
199006,72.6056737588653
199007,76.47567567567572
199008,75.61824817518244
199009,67.18888888888887
199010,61.69030303030303
199011,49.95095541401276
199012,41.405294117647045
199101,33.57721518987342
199102,38.893846153846155
199103,45.384905660377356
199104,55.96799999999999
199105,71.41538461538458
199106,75.1873015873016
199107,77.6454545454546
199108,76.72213114754099
199109,66.41428571428575
199110,56.428846153846166
199111,46.35307692307689
199112,38.188888888888954
199201,35.37522123893806
199202,35.8751724137931
199203,38.72364864864865
199204,49.29926470588237
199205,61.72968749999999
199206,70.49863013698632
199207,75.5064516129032
199208,72.17528089887644
199209,68.46619718309857
199210,53.103571428571435
199211,45.2573033707865
199212,36.93666666666666
199301,35.92077922077923
199302,30.353571428571428
199303,38.85604395604396
199304,52.563333333333304
199305,64.65000000000005
199306,72.3622222222222
199307,78.77112299465242
199308,75.90752688172043
199309,67.42888888888889
199310,54.94838709677416
199311,46.52333333333332
199312,35.79465240641711
199401,25.823655913978495
199402,30.896385542168677
199403,40.03697916666664
199404,53.086516853932594
199405,58.489340101522814
199406,70.85105263157897
199407,75.8096256684492
199408,72.46791443850266
199409,67.00333333333333
199410,55.43870967741937
199411,52.17176470588236
199412,40.44555555555553
199501,37.118279569892486
199502,29.183516483516488
199503,44.8268817204301
199504,51.65888888888889
199505,61.2322580645161
199506,69.80163934426231
199507,76.7931216931217
199508,76.31978021978024
199509,65.63675675675674
199510,60.5336898395722
199511,43.48959537572256
199512,30.903553299492394
199601,26.81382488479262
199602,32.582872928176805
199603,37.51761658031089
199604,52.14780219780218
199605,59.55977011494252
199606,71.2921052631579
199607,73.7011627906977
199608,73.67741935483869
199609,67.85444444444443
199610,56.07419354838709
199611,42.103333333333325
199612,40.37849462365591
199701,32.04193548387097
199702,40.041666666666664
199703,42.44946236559137
199704,51.57111111111111
199705,59.987356321839066
199706,70.25124999999996
199707,76.74565217391304
199708,73.11612903225806
199709,66.53999999999999
199710,56.09354838709676
199711,44.22444444444446
199712,37.692473118279565
199801,40.21195652173913
199802,40.65476190476189
199803,45.64835164835166
199804,55.34074074074077
199805,65.99639639639638
199806,70.79145299145291
199807,76.96185567010306
199808,77.0734693877551
199809,70.48166666666665
199810,57.70322580645159
199811,47.71583333333335
199812,42.00162601626014
199901,35.06666666666668
199902,37.65714285714286
199903,42.361290322580636
199904,53.45249999999999
199905,63.58861788617883
199906,72.35175438596487
199907,80.54308943089428
199908,76.31238095238098
199909,68.28919999999998
199910,54.22091254752851
199911,49.50111111111109
199912,39.112890624999984
200001,30.975525812619505
200002,36.70385395537523
200003,46.96621359223303
200004,50.636254980079656
200005,62.60853889943082
200006,71.1900793650794
200007,71.90626223091981
200008,71.71233396584446
200009,65.52243186582815
200010,55.27984344422698
200011,44.37075098814231
200012,31.01462925851705
200101,31.602707930367504
200102,36.30045454545453
200103,39.13074141048827
200104,53.12444444444446
200105,62.42701812191107
200106,72.36505016722408
200107,72.2370129870129
200108,76.13983606557382
200109,65.4846801346801
200110,56.6052117263844
200111,50.238166666666686
200112,42.08523489932887
200201,38.12954545454545
200202,39.47883895131087
200203,44.12983606557376
200204,55.2273333333334
200205,60.030322580645155
200206,70.66722408026752
200207,77.00577557755767
200208,76.12939244663376
200209,68.37683333333332
200210,54.7420967741935
200211,44.2567811934901
200212,34.93851132686081
200301,27.355647840531564
200302,29.082656826568293
200303,41.45193548387096
200304,48.74816666666664
200305,57.48935483870973
200306,68.07850000000005
200307,75.38128161888706
200308,75.17358490566036
200309,67.13000000000001
200310,53.58241935483878
200311,48.815191986644365
200312,36.215483870967766
200401,25.229901960784343
200402,33.47206896551724
200403,42.86483870967742
200404,52.17783505154639
200405,66.08740157480322
200406,69.58469696969694
200407,73.53680351906155
200408,72.44354838709677
200409,67.37318181818178
200410,54.20014662756597
200411,46.86580152671756
200412,36.34726443768998
200501,30.079061371841146
200502,33.209021113243764
200503,36.92711038961036
200504,52.71650000000004
200505,57.14983870967745
200506,72.11237458193979
200507,75.50205479452055
200508,75.85592105263159
200509,69.66609880749574
200510,56.61597337770379
200511,47.490969899665565
200512,32.2700657894737
200601,38.00855704697987
200602,33.85179211469532
200603,41.61682847896439
200604,53.23327841845139
200605,60.85860389610392
200606,69.84288052373161
200607,76.52919354838711
200608,74.02897196261678
200609,64.22340764331213
200610,54.147720364741645
200611,49.724430955993924
200612,42.04677419354841
200701,36.81818181818181
200702,26.960797342192688
200703,41.00121396054629
200704,48.20494590417313
200705,63.095645412130686
200706,70.5243150684931
200707,73.38533123028394
200708,73.01884057971019
200709,67.76571906354512
200710,61.24079754601219
200711,43.74060150375934
200712,36.05065123010132
200801,34.6072135785007
200802,35.15927051671732
200803,41.677856135401974
200804,52.96086956521739
200805,58.2391930835735
200806,72.3973451327434
200807,75.54471428571425
200808,70.8551226551226
200809,67.07262569832399
200810,52.757571623465196
200811,45.351546391752585
200812,38.93351351351352
200901,29.04414893617021
200902,36.22077294685992
200903,41.169547325102876
200904,52.90765550239234
200905,61.14507042253522
200906,66.59238095238096
200907,71.73571428571428
