194204,70.86333333333336
194205,76.71935483870965
194206,80.24333333333331
194207,83.16774193548386
194208,83.7967032967033
194209,79.96444444444445
194210,73.39462365591399
194211,68.14999999999998
194212,63.34901960784315
194301,62.196129032258064
194302,59.23428571428571
194303,65.87161290322582
194304,69.84800000000001
194305,77.01354838709676
194306,80.40866666666669
194307,79.97612903225803
194308,81.17999999999999
194309,78.73733333333334
194310,70.40322580645162
194311,64.13933333333334
194312,58.132258064516115
194401,58.67166276346604
194402,66.07537313432834
194403,68.69584415584418
194404,73.15786350148367
194405,75.44987593052107
194406,80.82512953367876
194407,79.85725806451612
194408,80.21397849462362
194409,80.29857549857553
194410,71.36989247311828
194411,64.23972222222223
194412,56.90026881720431
194501,58.33449131513645
194502,63.500000000000014
194503,70.69199318568995
194504,73.8844859813084
194505,74.8231007751938
194506,80.27819420783646
194507,79.93198707592887
194508,80.54054514480408
194509,79.91759082217972
194510,73.36753812636165
194511,65.19929906542058
194512,58.39513888888888
194601,61.296533333333336
194602,62.66666666666667
194603,66.73838383838385
194604,71.85828220858896
194605,76.34269005847952
194606,78.7731092436975
194607,80.11681415929205
194608,80.98659793814431
194609,79.54328358208956
194610,74.75000000000003
194611,71.35704225352113
194612,64.84193548387097
194701,65.27434210526314
194702,55.24071428571428
194703,60.470810810810825
194704,73.07042253521125
194705,76.16032608695652
194706,78.80781249999998
194707,79.50434782608697
194708,80.53306451612904
194709,77.98790322580645
194710,73.94270833333336
194711,63.78828828828827
194712,55.2236559139785
194801,56.15569892473119
194802,63.30602409638555
194803,69.61397590361446
194804,73.14111111111112
194805,77.22607526881718
194806,80.66031331592687
194807,80.71754385964913
194808,80.60893300248141
194809,78.34187192118226
194810,71.36755447941887
194811,69.99472422062354
194812,64.95441860465115
194901,64.34467289719628
194902,67.3483673469388
194903,64.82656826568265
194904,70.76535580524347
194905,76.4624555160142
194906,79.20295202952026
194907,81.04143126177027
194908,80.6934664246824
194909,78.71880341880339
194910,76.0074829931973
194911,62.253959484346225
194912,63.04263431542462
195001,67.78224000000003
195002,63.57916666666668
195003,63.957352941176474
195004,66.02474402730374
195005,76.70507364975452
195006,80.93713298791019
195007,79.64363636363639
195008,80.61592039800999
195009,78.31447811447813
195010,74.21200000000002
195011,61.01571194762684
195012,55.59221183800625
195101,58.267438271604945
195102,58.51365187713311
195103,64.96921875
195104,67.93986928104579
195105,75.07147286821706
195106,79.95977742448328
195107,81.27656249999995
195108,82.86523125996807
195109,80.01706161137442
195110,74.3862992125984
195111,61.646472392638046
195112,63.3922619047619
195201,62.24238975817922
195202,60.838181818181766
195203,65.61784172661875
195204,68.00149031296574
195205,76.40498652291103
195206,82.55481049562675
195207,82.11410614525141
195208,81.22843406593405
195209,78.7842465753425
195210,70.52711409395975
195211,64.31689373297003
195212,58.08768020969855
195301,60.09799749687106
195302,62.08164116828926
195303,68.37779204107832
195304,69.98172043010752
195305,79.0932816537468
195306,80.9233112582781
195307,81.48659658344285
195308,80.68395225464187
195309,78.82693823915899
195310,72.09933244325768
195311,64.25039787798408
195312,60.58301404853131
195401,60.00537352555699
195402,61.519109195402294
195403,62.69110225763616
195404,73.11552975326559
195405,74.38100128369702
195406,80.51710709318493
195407,81.5404166666667
195408,83.47250712250715
195409,80.48375706214689
195410,71.94198895027624
195411,62.17173620457602
195412,56.62379713914175
195501,57.75158597662768
195502,61.41587901701322
195503,66.7525179856115
195504,72.23115384615383
195505,77.2962648556876
195506,78.96679104477614
195507,80.7238007380074
195508,82.0797216699801
195509,80.40271317829459
195510,72.02026515151518
195511,65.14426229508196
195512,60.16130136986298
195601,54.87095652173914
195602,65.25048543689319
195603,64.96079136690646
195604,69.37304015296364
195605,77.65634782608697
195606,79.04309392265196
195607,81.24638783269961
195608,81.8932562620424
195609,77.77992633517496
195610,73.29372623574145
195611,63.43525046382189
195612,64.0538043478261
195701,63.2916518650089
195702,66.4144869215292
195703,64.60396396396395
195704,71.69359999999999
195705,76.63679577464791
195706,80.4490196078431
195707,81.76421663442942
195708,81.01079545454542
195709,79.44864864864866
195710,70.51682242990655
195711,68.11865384615385
195712,58.58479427549194
195801,53.16160558464226
195802,52.11305182341651
195803,62.97099644128113
195804,70.35086705202309
195805,75.27579505300356
195806,80.66448979591837
195807,81.60428571428572
195808,81.58742268041235
195809,80.76728778467913
195810,72.2532
195811,69.80840163934425
195812,59.72533849129591
195901,57.11648351648354
195902,65.20162601626012
195903,63.59270072992699
195904,70.35019531250003
195905,77.34635036496353
195906,79.98499025341131
195907,80.86666666666667
195908,81.21676300578038
195909,79.2126436781609
195910,76.40530451866402
195911,65.49390476190476
195912,59.04517304189434
196001,58.49524680073127
196002,58.356725146198876
196003,59.71989051094891
196004,70.77128712871286
196005,74.15183823529414
196006,78.99032882011606
196007,81.50291262135923
196008,81.29502868068835
196009,79.35454545454543
196010,75.25206286836939
196011,68.00588235294116
196012,55.896532846715296
196101,54.90619307832422
196102,62.51690721649486
196103,67.90132827324477
196104,68.05194552529186
196105,75.16800731261426
196106,78.61747572815537
196107,81.3790836653386
196108,80.74894026974955
196109,79.56004016064256
196110,72.1703339882122
196111,67.36435643564357
196112,61.53452157598498
196201,58.01131386861313
196202,65.27355371900822
196203,62.430627306273095
196204,68.31611001964639
196205,77.34794007490633
196206,79.3874531835206
196207,82.41742424242426
196208,81.6641404805915
196209,79.22942307692307
196210,73.6132183908046
196211,62.06799276672695
196212,56.217429577464806
196301,56.84842105263157
196302,55.98488372093023
196303,66.94990958408681
196304,71.93030888030887
196305,76.32376760563378
196306,80.12637571157497
196307,81.45992438563323
196308,81.76653919694071
196309,78.85120593692018
196310,72.5101503759399
196311,64.38633879781419
196312,53.86772486772489
196401,57.01964912280697
196402,56.60635514018693
196403,66.00698924731182
196404,71.9998062015504
196405,76.03297682709447
196406,80.855145631068
196407,80.81791590493602
196408,81.4520295202952
196409,79.07284403669725
196410,70.2145454545454
196411,67.8516853932584
196412,62.67872340425532
196501,59.01035031847134
196502,61.01173380035024
196503,64.44125200642054
196504,72.58927335640138
196505,76.35843949044586
196506,78.67915309446254
196507,79.95737179487183
196508,80.48249594813613
196509,79.22875816993466
196510,72.16605657237935
196511,67.50600649350652
196512,60.03962264150943
196601,55.88983557548579
196602,58.95099337748346
196603,62.886587183308485
196604,69.69135999999996
196605,75.6623880597015
196606,77.73953846153844
196607,81.71196172248801
196608,80.75821596244133
196609,78.72792511700467
196610,73.14698412698417
196611,63.77364341085273
196612,57.688095238095215
196701,59.855156950672644
196702,58.559420289855055
196703,66.75917159763316
196704,73.12977346278315
196705,76.5020926756353
196706,79.16196319018407
196707,80.42359208523592
196708,79.44909365558912
196709,76.99414483821269
196710,71.20093603744148
196711,64.18829953198123
196712,63.462027231467495
196801,57.181952662721926
196802,53.425396825396874
196803,60.57477611940298
196804,71.80290322580647
196805,75.3447004608295
196806,79.7509001636661
196807,80.92912000000001
196808,81.21733547351523
196809,79.0940129449838
196810,72.87218649517686
196811,61.601290322580624
196812,56.609076682316136
196901,57.65218068535826
196902,56.641896551724116
196903,58.8803125
196904,71.17881773399013
196905,75.47601957585647
196906,81.42348877374786
196907,82.23069139966273
196908,80.71321070234109
196909,78.70795262267343
196910,74.70193236714977
196911,62.49611021069694
196912,57.331818181818164
197001,53.12343749999998
197002,55.88141135972459
197003,64.26760563380283
197004,72.93371710526317
197005,75.89078125000002
197006,79.604893964111
197007,81.45412698412703
197008,81.35725677830939
197009,80.7795379537954
197010,74.3393203883495
197011,60.90978792822185
197012,61.749756888168555
197101,58.59379084967319
197102,59.916544117647085
197103,62.17993421052632
197104,68.85327586206894
197105,74.92446982055463
197106,79.54948453608245
197107,80.80590219224284
197108,80.77659176029967
197109,79.15748299319732
197110,75.43231810490694
197111,65.7419627749577
197112,67.44135090609556
197201,63.80737704918037
197202,59.121043478260844
197203,65.66612111292963
197204,70.97795138888888
197205,74.91914893617022
197206,79.13835616438354
197207,81.0840407470289
197208,81.61449999999999
197209,80.4284246575343
197210,73.7081597222222
197211,65.3846153846154
197212,62.490033783783794
197301,63.790395480225996
197302,59.658860759493685
197303,71.83236994219652
197304,72.65773809523809
197305,78.8376404494382
197306,82.46964285714284
197307,82.72787878787881
197308,81.31052631578949
197309,80.85030303030305
197310,76.29823529411765
197311,72.14939759036145
197312,61.17168674698797
197401,71.79934210526316
197402,65.00746268656717
197403,72.50915032679738
197404,73.63496932515335
197405,78.15607476635512
197406,80.72028985507242
197407,81.25841121495326
197408,81.72025316455695
197409,81.29097744360901
197410,73.07380073800739
197411,68.13518518518518
197412,62.68478260869564
197501,66.45698924731185
197502,67.78888888888889
197503,69.03655913978496
197504,73.26666666666668
197505,79.03444444444445
197506,80.68507462686567
197507,80.48225806451613
197508,81.13427419354836
197509,79.53794212218648
197510,77.2371727748691
197511,69.6289124668435
197512,63.31644562334216
197601,58.10534591194968
197602,64.26703910614525
197603,71.26717171717169
197604,72.4108695652174
197605,77.39682539682543
197606,79.29338422391861
197607,82.942972972973
197608,82.29030732860517
197609,80.3496143958869
197610,73.7549751243781
197611,66.13316195372751
197612,63.011405835543776
197701,56.28709677419353
197702,60.6994117647059
197703,71.32
197704,72.62397820163487
197705,76.47444168734492
197706,82.35894736842106
197707,82.68656330749349
197708,82.20526315789472
197709,81.98997214484676
197710,74.39893333333335
197711,70.52384823848239
197712,63.225219941348996
197801,57.60497076023393
197802,57.04259818731117
197803,65.5768194070081
197804,72.92572347266882
197805,78.27324840764332
197806,81.2717607973422
197807,82.07728813559324
197808,82.09106529209625
197809,80.73982035928144
197810,74.85714285714288
197811,71.12743055555555
197812,66.58882681564242
197901,58.716129032258074
197902,59.43807829181495
197903,65.47731958762887
197904,73.74115384615385
197905,76.57962264150943
197906,80.51814671814675
197907,82.81380597014925
197908,81.07543859649128
197909,80.17615062761506
197910,73.60368663594474
197911,67.09761904761903
197912,60.60506912442399
198001,59.48000000000002
198002,55.37625570776257
198003,66.6594470046083
198004,70.50533333333334
198005,76.41059322033901
198006,81.04044444444443
198007,83.15976095617532
198008,82.33679653679651
198009,80.34035087719298
198010,74.09846743295019
198011,66.75999999999996
198012,56.968558951965065
198101,50.53905579399145
198102,59.74444444444446
198103,63.415811965811955
198104,72.32162162162162
198105,75.37212389380532
198106,82.22592592592589
198107,82.71198156682031
198108,81.16821705426356
198109,78.78287037037045
198110,74.68304347826086
198111,64.45352112676053
198112,58.306060606060605
198201,59.88933333333336
198202,66.08484848484846
198203,68.34292237442922
198204,72.6509090909091
198205,75.60133928571427
198206,81.80235849056606
198207,81.6059633027522
198208,81.44655172413792
198209,79.43392857142858
198210,73.3944915254237
198211,69.68034188034186
198212,65.58630705394192
198301,55.83004291845494
198302,59.34622641509435
198303,63.310480349344985
198304,68.49722222222223
198305,75.60042918454936
198306,79.24103773584905
198307,82.66806722689074
198308,81.67792207792208
198309,77.92244094488187
198310,75.6825159914712
198311,67.021484375
198312,62.07267552182162
198401,58.220231213872815
198402,62.9600782778865
198403,67.04872665534813
198404,71.7354385964912
198405,77.44176570458404
198406,79.66877256317687
198407,80.26508538899425
198408,81.6333969465649
198409,79.404788213628
198410,76.17301854974696
198411,67.05042158516021
198412,67.24889643463501
198501,57.198305084745776
198502,64.00353817504656
198503,70.14715025906736
198504,72.48508771929826
198505,78.1638028169014
198506,82.06190476190474
198507,81.48002873563219
198508,82.07553041018386
198509,79.76308139534882
198510,78.76033994334279
198511,74.05483870967744
198512,61.04177215189872
198601,60.53891273247494
198602,65.3927536231884
198603,65.98222849083217
198604,70.58965517241384
198605,76.81659863945573
198606,80.51322901849218
198607,82.33207282913168
198608,81.52326869806096
198609,80.88600288600284
198610,76.2626647144949
198611,74.99768115942027
198612,66.77679324894514
198701,60.35802816901406
198702,63.29151785714286
198703,66.36109625668453
198704,67.51281337047354
198705,76.65385656292291
198706,81.37549295774649
198707,82.40326530612246
198708,83.29472972972975
198709,80.61400282885432
198710,71.52513966480451
198711,69.08430555555557
198712,64.14810126582275
198801,58.533957219251356
198802,59.68243451463792
198803,65.67378516624038
198804,71.869472361809
198805,75.51904761904763
198806,80.23151898734174
198807,81.54857849196537
198808,81.43733003708287
198809,81.30921717171718
198810,74.25291479820626
198811,72.05162037037029
198812,64.06141732283461
198901,67.66969001148102
198902,65.54962593516208
198903,69.30807736063706
198904,72.24987654320982
198905,77.77275985663084
198906,80.53481481481482
198907,81.77060931899645
198908,82.26287425149701
198909,81.02074074074075
198910,74.65939024390245
198911,69.37210796915166
198912,57.013490099009886
199001,65.87709090909097
199002,69.05637065637067
199003,69.5973067915691
199004,72.2017878426698
199005,78.84250559284112
199006,81.46624423963135
199007,82.09911699779249
199008,82.40458515283844
199009,81.77708803611738
199010,77.27629083245529
199011,70.29077936333697
199012,66.94924406047512
199101,66.17549530761208
199102,65.05833333333332
199103,68.73783494105038
199104,74.92467248908297
199105,78.88166127292341
199106,80.59216710182766
199107,81.6649874055416
199108,81.94859926918394
199109,79.9357326478149
199110,74.80117370892017
199111,65.53324968632374
199112,65.0729696969697
199201,59.98661037394452
199202,64.24379001280411
199203,66.55769682726206
199204,69.86144430844548
199205,74.30255516840883
199206,80.16186540731997
199207,82.92246294184719
199208,80.97682352941186
199209,80.08319018404912
199210,73.38697183098594
199211,70.04920245398775
199212,64.22273781902551
199301,66.36888111888109
199302,61.68322580645161
199303,65.25748218527322
199304,68.7726403823178
199305,75.34654377880184
199306,80.76898203592813
199307,82.61074561403511
199308,82.43835005574137
199309,80.8476571428572
199310,75.66242969628803
199311,68.92502844141069
199312,60.16673984632273
199401,60.64791666666672
199402,65.88322072072074
199403,67.92983706720979
199404,73.79360824742263
199405,77.05916749256691
199406,80.68046218487397
199407,80.70682281059064
199408,80.47970149253733
199409,79.01103166496429
199410,75.58899613899612
199411,71.24114173228348
199412,63.84650047938632
199501,59.13176248821866
199502,60.58302469135801
199503,67.38274582560294
199504,71.58373205741627
199505,78.73844731977822
199506,79.39371428571428
199507,81.52506912442395
199508,81.88317757009345
199509,80.01020019065778
199510,76.47372400756142
199511,65.80010204081633
199512,59.88481375358164
199601,59.07861216730034
199602,60.062474437627834
199603,62.2878578479763
199604,69.58645096056622
199605,77.48415559772296
199606,79.47851239669423
199607,82.52200000000002
199608,80.67633434038268
199609,79.99674711437565
199610,73.98211055276383
199611,67.42247899159666
199612,62.43699421965319
199701,60.78686401480113
199702,65.74971644612478
199703,72.20549738219896
199704,71.02653429602887
199705,76.79322779243628
199706,79.98296703296705
199707,82.46061135371177
199708,82.72050832602984
199709,80.97242869490059
199710,74.74608013937282
199711,66.78583992963938
199712,61.83856041131107
199801,62.92937181663834
199802,62.368832391713745
199803,64.4547697368421
199804,71.91103678929768
199805,78.39096671949287
199806,84.19427207637234
199807,83.5353389185072
199808,82.74048156508647
199809,80.58846453624321
199810,77.05515342250199
199811,71.47326035965601
199812,67.02252252252254
199901,63.94305555555555
199902,64.13267504488329
199903,65.27349879903926
199904,73.43477600607446
199905,75.36810655147585
199906,78.90068181818181
199907,82.12832244008716
199908,82.24418604651164
199909,79.52650073206439
199910,74.62600732600731
199911,67.91893033075296
199912,62.07381596752364
200001,60.25964593735815
200002,62.05119687347337
200003,69.0076071922545
200004,69.94511100614076
200005,77.83868480725623
200006,80.37952679864804
200007,81.75937647614548
200008,81.67566807313652
200009,80.1639119804401
200010,72.4694663573086
200011,65.68147797252495
200012,58.799409090909094
200101,55.019142212189635
200102,66.114096692112
200103,65.43695255474452
200104,71.61055690072638
200105,75.74827268539846
200106,80.18182683158892
200107,80.90731820287166
200108,81.47582022471914
200109,77.82849340009108
200110,73.19007936507938
200111,69.1072841726619
200112,65.82893379191745
200201,61.1732235701906
200202,61.205761500669944
200203,68.22696888205921
200204,74.61576257861628
200205,77.64649122807018
200206,79.4192038333947
200207,81.3142460041695
200208,81.05774358974362
200209,81.26522206303719
200210,77.41622183708833
200211,65.73399566473995
200212,60.29874956582152
200301,54.71678224687934
200302,63.065859197577616
200303,70.89466666666662
200304,70.94370370370366
200305,78.97668269230759
200306,80.21415196254954
200307,81.10165917732456
200308,80.54190443451367
200309,79.14637362637365
200310,75.12782369146012
200311,70.32201867816089
200312,59.23708724365666
200401,58.983472512178146
200402,61.727089001165986
200403,67.28411149825784
200404,69.29861061631631
200405,76.88152062734393
200406,81.22699263228394
200407,81.82535748331745
200408,81.22682464454977
200409,80.32320616030799
200410,75.76708263069139
200411,69.54833550913843
200412,60.518151001540815
200501,61.55886597938146
200502,62.50799077986941
200503,65.1598068598069
200504,69.0167894905479
200505,75.5665162454874
200506,80.03259993802294
200507,83.30113095238094
200508,83.1835775335775
200509,81.40200133422277
200510,74.85522771007051
200511,69.1507246376811
200512,59.733580100681074
200601,62.73123351889833
200602,60.479574892062445
200603,66.5842719579808
200604,73.41440217391306
200605,76.51859088217886
200606,81.06215810039076
200607,82.23666082895507
200608,82.85085150881385
200609,80.1869606003752
200610,74.52288804443143
200611,65.87445573294632
200612,66.33607523862996
200701,63.547081820720464
200702,60.640659008464326
200703,67.89219351291915
200704,70.03400441257587
200705,76.0371527777778
200706,80.017236507488
200707,82.17854785478553
200708,83.6439796495195
200709,80.56191020875038
200710,77.24169601733949
200711,67.14079169006176
200712,66.35202831472911
200801,60.65614082969435
200802,65.01645267243951
200803,66.3960011108025
200804,70.61696813092166
200805,77.09714523281596
200806,80.65186781609196
200807,80.91221757322174
200808,81.458028169014
200809,80.08162979557548
200810,72.94869938321264
200811,63.75768125199616
200812,63.54481981981982
200901,59.30153583617747
200902,59.252254478072906
200903,65.7734836285561
200904,70.60533260032985
200905,76.31393034825867
200906,81.66394874781594
200907,82.55032967032967
