194208,81.03749999999998
194209,76.87666666666664
194210,70.5225806451613
194211,58.61666666666668
194212,51.97741935483871
194301,51.09677419354839
194302,53.19642857142859
194303,56.92903225806449
194304,66.94666666666663
194305,76.82580645161292
194306,81.08
194307,82.14193548387101
194308,82.48292682926828
194309,72.4777777777778
194310,61.8698924731183
194311,50.751111111111115
194312,47.09462365591397
194401,46.321505376344085
194402,56.35632183908046
194403,57.99569892473119
194404,63.631111111111125
194405,71.61764705882351
194406,80.86666666666663
194407,80.46451612903228
194408,79.4870967741935
194409,75.9266666666667
194410,62.57419354838709
194411,55.75333333333332
194412,43.063636363636355
194508,79.21612903225807
194509,75.89666666666666
194510,60.658064516129045
194511,62.17142857142857
194807,82.27096774193548
194808,79.69838709677418
194809,72.47999999999999
194810,62.3016129032258
194811,57.09833333333334
194812,52.915053763440866
194901,53.20129032258065
194902,53.50214285714287
194903,56.07290322580645
194904,62.73933333333334
194905,73.36516129032259
194906,78.27733333333333
194907,80.04967741935485
194908,78.82387096774195
194909,73.37133333333334
194910,68.3567741935484
194911,53.81933333333334
194912,51.019354838709674
195001,59.16258064516132
195002,54.28642857142857
195003,54.16258064516129
195004,60.61066666666667
195005,74.17290322580644
195006,78.36291390728478
195007,78.09935483870966
195008,78.1
195009,73.25866666666666
195010,67.27759999999999
195011,50.857499999999995
195012,43.54274193548387
195101,48.70806451612904
195102,50.474107142857136
195103,58.115322580645156
195104,62.27416666666666
195105,72.86048387096774
195106,79.22499999999998
195107,81.60080645161291
195108,84.08790322580644
195109,76.36583333333333
195110,67.34677419354838
195111,50.38416666666669
195112,52.45967741935484
195201,55.17096774193549
195202,53.8948275862069
195203,55.645161290322584
195204,62.80750000000001
195205,73.16612903225806
195206,83.9
195207,83.45322580645163
195208,82.26532258064516
195209,74.63916666666667
195210,59.2991935483871
195211,54.01833333333334
195212,48.16612903225807
195301,51.83870967741936
195302,51.050000000000004
195303,62.0758064516129
195304,63.51750000000001
195305,75.28951612903225
195306,83.90666666666668
195307,81.14435483870967
195308,80.13951612903226
195309,76.25500000000001
195310,67.58951612903226
195311,54.44166666666665
195312,46.51129032258064
195401,49.53629032258065
195402,55.449999999999996
195403,56.585483870967735
195404,69.91916666666665
195405,68.2766129032258
195406,81.51083333333334
195407,83.43145161290325
195408,84.94435483870967
195409,79.01333333333335
195410,67.29758064516128
195411,54.041666666666664
195412,48.6225806451613
195501,46.78124999999999
195502,51.06428571428571
195503,61.60161290322579
195504,69.86666666666666
195505,76.90806451612903
195506,76.87333333333332
195507,80.46129032258065
195508,81.14193548387095
195509,78.92
195510,64.95
195511,54.356666666666676
195512,49.21935483870968
195601,44.756451612903234
195602,55.70172413793103
195603,57.54677419354838
195604,64.36833333333333
195605,76.01774193548387
195606,78.33666666666667
195607,82.1
195608,81.8
195609,75.75499999999998
195610,67.38225806451612
195611,54.34666666666667
195612,56.23870967741935
195701,50.691935483870964
195702,58.19821428571429
195703,55.67903225806452
195704,67.21666666666665
195705,74.30967741935483
195706,79.72833333333331
195707,81.82096774193548
195708,81.15322580645164
195709,73.67833333333334
195710,61.6983870967742
195711,56.836666666666666
195712,50.7741935483871
195801,41.91451612903227
195802,41.646428571428565
195803,52.58064516129032
195804,65.645
195805,73.03870967741935
195806,79.77999999999999
195807,80.3532258064516
195808,80.59516129032261
195809,77.325
195810,64.37741935483871
195811,56.925000000000004
195812,44.55483870967741
195901,44.304838709677426
195902,51.73392857142857
195903,55.814516129032256
195904,64.47
195905,75.09354838709676
195906,78.93166666666666
195907,80.48064516129033
195908,80.0983870967742
195909,75.11666666666665
195910,67.14032258064516
195911,51.05333333333335
195912,48.12096774193548
196001,45.083870967741944
196002,43.89827586206897
196003,47.19838709677419
196004,65.41333333333333
196005,69.1032258064516
196006,79.19833333333334
196007,82.12903225806451
196008,78.28709677419354
196009,74.74666666666666
196010,65.41290322580646
196011,54.22666666666667
196012,44.00483870967743
196101,39.7467741935484
196102,52.45892857142858
196103,59.864516129032246
196104,60.57833333333333
196105,69.97903225806449
196106,74.37666666666668
196107,77.44516129032259
196108,77.57956989247313
196109,74.30888888888889
196110,62.055913978494615
196111,54.74333333333334
196112,47.83548387096775
196201,42.447311827956995
196202,56.80714285714286
196203,51.884946236559145
196204,61.74777777777778
196205,74.67096774193548
196206,76.62333333333335
196207,82.06989247311827
196208,80.40107526881721
196209,75.50999999999999
196210,66.35806451612902
196211,51.73666666666666
196212,44.45161290322581
196301,39.52903225806451
196302,42.19880952380952
196303,60.44731182795698
196304,67.18
196305,73.11935483870967
196306,77.95000000000002
196307,79.05571428571429
196308,79.56612903225806
196309,73.77999999999999
196310,66.27580645161291
196311,54.853333333333325
196312,38.09838709677419
196401,43.98602150537634
196402,43.449425287356334
196403,55.529032258064525
196404,66.38
196405,72.06021505376343
196406,77.75666666666667
196407,78.41827956989246
196408,78.87956989247314
196409,74.84222222222223
196410,60.13655913978494
196411,56.837777777777774
196412,49.4258064516129
196501,48.18387096774192
196502,46.517857142857146
196503,50.60215053763441
196504,67.17555555555556
196505,72.49247311827956
196506,75.9388888888889
196507,78.59247311827957
196508,77.58387096774193
196509,74.34777777777778
196510,61.123655913978475
196511,58.35111111111112
196512,47.04516129032258
196601,40.691397849462355
196602,46.91904761904762
196603,53.88709677419354
196604,64.35555555555555
196605,69.86451612903227
196606,74.92888888888888
196607,81.02043010752688
196608,76.48064516129033
196609,72.56888888888888
196610,60.13870967741935
196611,54.97222222222222
196612,46.422580645161304
196701,45.800000000000004
196702,44.42976190476191
196703,59.81397849462365
196704,69.20444444444443
196705,69.0978494623656
196706,76.79333333333332
196707,75.5440860215054
196708,74.6763440860215
196709,68.24666666666667
196710,61.08924731182795
196711,52.05222222222222
196712,49.79354838709676
196801,42.056989247311826
196802,40.5551724137931
196803,52.48279569892474
196804,65.30333333333333
196805,70.64408602150539
196806,78.63000000000001
196807,78.98924731182795
196808,78.72580645161288
196809,74.05522388059701
196810,67.59862068965516
196811,52.2358695652174
196812,45.015053763440854
196901,46.14408602150537
196902,48.48571428571428
196903,48.86129032258065
196904,64.80555555555556
196905,70.95053763440859
196906,78.7688888888889
196907,81.35913978494624
196908,77.82258064516127
196909,72.97666666666669
196910,65.11505376344086
196911,51.34444444444444
196912,46.129032258064505
197001,41.327956989247305
197002,45.894047619047626
197003,53.95161290322581
197004,68.15666666666667
197005,71.87526881720427
197006,77.17555555555555
197007,79.9236559139785
197008,79.44301075268818
197009,77.86333333333332
197010,63.669892473118274
197011,51.05666666666666
197012,51.998924731182804
197101,47.06063829787235
197102,46.75119047619047
197103,51.907526881720415
197104,62.172222222222224
197105,67.41397849462365
197106,78.04999999999998
197107,79.0752688172043
197108,78.74731182795696
197109,76.18888888888888
197110,68.95376344086021
197111,53.29777777777777
197112,57.44301075268818
197201,50.732258064516124
197202,49.5264367816092
197203,57.04838709677419
197204,64.35444444444445
197205,70.02688172043008
197206,77.34555555555558
197207,77.67204301075269
197208,80.01075268817202
197209,78.35666666666665
197210,65.03225806451611
197211,52.034444444444446
197212,49.78279569892473
197301,47.03000000000001
197302,51.44590163934427
197303,64.46166666666669
197304,65.17301587301587
197305,75.69218749999999
197306,83.11063829787237
197307,85.48181818181818
197308,82.5719298245614
197309,79.77674418604653
197310,80.48500000000001
197311,65.66315789473684
197312,55.279166666666676
197401,61.04745762711867
197402,57.46851851851851
197403,65.29795918367347
197404,69.93488372093024
197405,77.97446808510635
197406,80.86500000000002
197407,83.25652173913043
197408,82.66538461538461
197409,81.18125000000002
197410,70.4888888888889
197411,62.11500000000002
197412,57.29523809523808
197501,56.723636363636345
197502,62.18000000000001
197503,59.939999999999976
197504,67.18
197505,76.44761904761906
197506,81.78333333333335
197507,82.39090909090906
197508,81.75806451612904
197509,74.57166666666667
197510,70.72835820895521
197511,61.85853658536587
197512,52.345882352941196
197601,50.290588235294116
197602,60.47272727272728
197603,65.43544303797468
197604,70.66388888888889
197605,72.4
197606,80.46712328767126
197607,82.89393939393942
197608,82.41875000000002
197609,77.625
197610,65.03661971830985
197611,53.41060606060607
197612,50.70333333333337
197701,41.99166666666666
197702,52.40937500000001
197703,64.77812499999999
197704,70.25588235294117
197705,77.62187500000002
197706,85.30999999999997
197707,84.20967741935489
197708,81.22258064516126
197709,80.35483870967745
197710,68.50294117647057
197711,62.406060606060606
197712,54.797435897435896
197801,41.98
197802,46.7436974789916
197803,58.30420168067228
197804,70.56434108527131
197805,76.36250000000001
197806,82.65753424657535
197807,83.94374999999998
197808,83.7125
197809,81.27419354838712
197810,72.91428571428574
197811,70.11463414634146
197812,50.174
197901,43.439285714285724
197902,48.354545454545466
197903,61.03478260869566
197904,72.59069767441855
197905,75.83000000000001
197906,78.43333333333334
197907,82.5
197908,85.02499999999999
197909,77.76774193548387
197910,63.662500000000016
197911,53.20399999999999
197912,49.442857142857136
198001,53.60860215053762
198002,46.88367346938776
198003,60.551199999999994
198004,69.33333333333334
198005,76.7425373134328
198006,83.27741935483873
198007,86.44294871794872
198008,87.34460431654676
198009,83.36031746031746
198010,67.47943262411347
198011,60.6689655172414
198012,52.8733870967742
198101,47.732307692307714
198102,53.985950413223144
198103,60.672262773722615
198104,74.16791044776122
198105,73.85076923076922
198106,85.12115384615387
198107,86.94666666666666
198108,84.27910447761194
198109,77.93833333333335
198110,68.34677419354838
198111,62.24833333333334
198112,48.76190476190476
198201,47.70000000000001
198202,53.33939393939395
198203,64.4186046511628
198204,67.70000000000002
198205,78.77469879518074
198206,82.64375000000003
198207,84.02249999999998
198208,83.50874999999999
198209,78.3632911392405
198210,69.58170731707318
198211,61.71625
198212,58.10813953488371
198301,48.12682926829269
198302,52.37837837837837
198303,57.88571428571428
198304,64.62716049382715
198305,74.56630434782608
198306,79.22613636363636
198307,85.97010309278349
198308,85.65053763440861
198309,77.96236559139786
198310,70.68467741935486
198311,60.138983050847465
198312,46.377685950413216
198401,45.98699186991868
198402,55.03706896551725
198403,60.56341463414632
198404,67.99915966386556
198405,75.95080645161293
198406,82.51880341880343
198407,83.13916666666664
198408,81.35447154471544
198409,78.26339285714286
198410,74.21949152542372
198411,58.43392857142856
198412,60.500877192982465
198501,41.69747899159663
198502,50.03773584905659
198503,65.19672131147541
198504,70.83362068965519
198505,76.88606557377047
198506,82.12434782608696
198507,82.85655737704916
198508,83.43553719008264
198509,78.15929203539821
198510,72.05042016806719
198511,66.38333333333333
198512,48.426495726495745
198601,51.20420168067226
198602,57.47830188679246
198603,62.84122807017542
198604,70.60344827586208
198605,76.79915254237288
198606,84.17876106194691
198607,86.9809917355372
198608,82.81052631578947
198609,81.76396396396397
198610,69.40272727272728
198611,62.54333333333334
198612,49.96451612903225
198701,47.883870967741935
198702,53.90476190476191
198703,60.77204301075268
198704,68.85697674418604
198705,78.14086021505376
198706,82.49320388349514
198707,85.99186991869921
198708,85.40901639344266
198709,80.01083333333332
198710,67.04112903225807
198711,62.49083333333333
198712,56.78629032258066
198801,46.67983870967741
198802,51.986206896551735
198803,61.02983870967742
198804,69.93083333333334
198805,77.44274193548388
198806,83.59083333333332
198807,84.07560975609756
198808,84.14838709677416
198809,79.79666666666664
198810,65.8959677419355
198811,63.71666666666666
198812,53.37723577235773
198901,56.61774193548389
198902,52.29639639639638
198903,61.94193548387097
198904,67.94166666666666
198905,75.48870967741938
198906,80.77749999999997
198907,82.1717741935484
198908,83.75887096774191
198909,77.23250000000003
198910,68.8258064516129
198911,61.55083333333333
198912,43.77704918032787
199001,55.62338709677416
199002,60.06818181818182
199003,63.236065573770496
199004,67.51739130434781
199005,74.73760683760683
199006,83.0702702702703
199007,82.27522123893806
199008,85.16666666666669
199009,81.79038461538464
199010,66.98571428571427
199011,60.6871287128713
199012,55.61363636363637
199101,48.495614035087726
199102,55.70111111111112
199103,62.40721649484535
199104,69.0626168224299
199105,74.84098360655736
199106,80.05250000000001
199107,83.08034188034189
199108,81.04857142857142
199109,78.11894736842105
199110,71.0764705882353
199111,56.534146341463405
199112,57.6242105263158
199201,49.24848484848484
199202,57.02073170731707
199203,59.768686868686885
199204,67.06538461538462
199205,73.72327586206897
199206,78.19827586206897
199207,80.5829268292683
199208,76.66209677419354
199209,75.20190476190477
199210,65.61612903225807
199211,54.33163265306124
199212,52.16635514018691
199301,51.24112903225806
199302,50.39285714285715
199303,55.34596774193547
199304,61.80166666666667
199305,71.08583333333334
199306,79.36666666666669
199307,81.39669421487605
199308,81.33389830508477
199309,75.72833333333332
199310,64.6258064516129
199311,53.94750000000001
199312,48.358064516129026
199401,44.024999999999984
199402,51.54999999999997
199403,58.650000000000006
199404,67.94499999999998
199405,71.42622950819673
199406,78.35666666666667
199407,77.82016129032259
199408,78.62338709677418
199409,73.77916666666668
199410,65.92682926829268
199411,60.44666666666668
199412,52.05483870967744
199501,48.52983870967742
199502,51.3618181818182
199503,60.201652892561995
199504,65.7566666666667
199505,73.8629032258064
199506,76.70833333333333
199507,81.15161290322578
199508,81.91707317073171
199509,75.41416666666667
199510,65.75322580645161
199511,53.226890756302524
199512,48.145967741935486
199601,47.19516129032259
199602,51.02869565217391
199603,53.03306451612902
199604,62.74083333333333
199605,75.35737704918033
199606,77.63749999999999
199607,80.96972477064219
199608,78.26693548387098
199609,74.28666666666666
199610,65.7717741935484
199611,56.88499999999998
199612,52.70241935483872
199701,47.812903225806444
199702,52.464220183486226
199703,62.67622950819672
199704,61.38119658119658
199705,70.76209677419354
199706,76.28067226890757
199707,80.29068825910932
199708,79.38627450980394
199709,76.54250000000002
199710,64.77490347490347
199711,52.41263940520446
199712,46.968592057761725
199801,50.5268817204301
199802,51.42539682539684
199803,56.16774193548387
199804,63.49925373134328
199805,74.99007633587787
199806,82.77537313432833
199807,82.64254545454547
199808,81.34659498207886
199809,78.29000000000003
199810,67.91696750902528
199811,59.32631578947366
199812,52.47781818181818
199901,53.7875912408759
199902,55.05625
199903,55.83131313131311
199904,69.08696969696969
199905,71.6819526627219
199906,78.037106918239
199907,80.34428152492671
199908,82.17507331378296
199909,73.84692556634305
199910,65.7308868501529
199911,56.72393939393939
199912,49.24730538922155
200001,49.87067961165046
200002,55.23326572008114
200003,61.63984819734345
200004,64.04882352941175
200005,76.19810246679316
200006,78.80999999999999
200007,83.32476007677542
200008,83.69980879541106
200009,75.9004
200010,66.29354838709678
200011,54.25492125984254
200012,41.99049504950494
200101,43.62854368932041
200102,54.82339055793992
200103,54.03152804642164
200104,68.45972222222224
200105,73.69495145631068
200106,78.04342629482073
200107,81.56753670473081
200108,79.47109737248842
200109,73.70131147540984
200110,62.90386473429946
200111,60.02727272727272
200112,52.79308600337267
200201,50.04744645799012
200202,47.877719298245616
200203,57.67698541329006
200204,68.41143790849671
200205,72.79749608763692
200206,77.82794117647059
200207,80.28755980861247
200208,79.51871999999999
200209,77.99174757281553
200210,69.08935837245696
200211,54.17937293729375
200212,48.85259631490786
200301,43.170607028753984
200302,49.64704861111113
200303,58.62324492979724
200304,66.23717532467532
200305,74.94446177847118
200306,77.84142394822008
200307,79.84389857369256
200308,80.50015649452266
200309,74.67696078431369
200310,66.00406885759003
200311,60.14490131578947
200312,47.07632000000002
200401,47.43269537480065
200402,47.64559068219634
200403,61.28701700154559
200404,63.87475728155341
200405,73.38952234206471
200406,77.51746268656714
200407,80.07335423197495
200408,77.46300148588406
200409,75.80075987841947
200410,71.62640625000003
200411,60.12291666666664
200412,47.944817073170725
200501,50.41131578947368
200502,52.70821917808219
200503,55.11327014218007
200504,64.31318181818183
200505,71.05651214128038
200506,78.64807256235828
200507,80.62655086848635
200508,81.65906593406594
200509,79.435593220339
200510,65.00664739884392
200511,58.32076023391813
200512,45.794955489614246
200601,53.590143369175635
200602,48.888316831683184
200603,59.16560846560848
200604,69.82464028776981
200605,73.15508771929824
200606,79.845945945946
200607,82.37859154929576
200608,82.97079889807164
200609,74.14690265486723
200610,65.17219101123594
200611,54.352352941176456
200612,50.18801169590643
200701,46.89519519519519
200702,47.149382716049374
200703,61.98539944903578
200704,62.22130681818182
200705,72.84569892473118
200706,79.08802228412254
200707,77.99889807162533
200708,84.17507163323782
200709,76.40254237288136
200710,66.89283746556474
200711,55.540869565217385
200712,52.78271954674221
200801,44.65870786516853
200802,50.53746397694525
200803,56.57043010752688
200804,63.25388888888887
200805,71.90855614973263
200806,79.00358126721763
200807,80.85080645161291
200808,78.22742382271466
200809,73.4878306878307
200810,62.45593220338982
200811,52.82510917030568
200812,51.6351485148515
200901,48.56401985111663
200902,52.858791208791224
200903,59.80744416873448
200904,65.09358974358973
200905,73.78135593220338
200906,81.33642857142858
200907,82.03660714285714
